1.37246
1.39113
1.57612
1.4763
1.31594
1.11838
1.54174
1.78302
1.43088
1.55548
1.94869
1.95328
1.41086
1.8418
1.59349
1.77117
1.82818
1.40461
1.48189
1.85739
1.80114
1.80758
1.80226
1.72199
1.7365
1.44191
1.78586
1.65181
1.97876
1.05222
1.43398
1.29613
1.66331
1.54438
1.98604
1.77172
1.32814
1.428
1.99966
1.84686
1.83486
1.3682
1.84043
1.53889
1.45427
1.88622
1.8038
1.55088
1.78221
1.85333
1.56244
1.71401
1.37732
1.41064
1.40505
1.40039
2.01703
1.322
1.738
2.01703
1.57353
1.54349
1.62878
2.01703
1.19096
1.88908
1.34345
1.52862
1.07224
1.5989
1.70832
1.80931
1.5192
1.68379
1.95891
1.79912
1.35512
1.81078
1.8441
1.82714
1.96908
1.67132
1.39195
1.32919
1.61352
1.74023
1.65812
1.99029
1.40723
1.44607
1.57463
1.78698
1.9212
1.80022
1.23098
1.69031
1.58861
1.72037
1.86102
1.42074
1.68516
1.43067
1.7544
1.92791
1.50828
1.3978
1.20493
1.47269
1.73396
1.55308
1.79958
1.92658
1.39665
2.01703
1.7294
1.31934
1.70179
1.72081
1.86889
1.41105
1.74189
1.88064
1.63074
2.01703
1.72462
1.54564
1.79953
1.46496
1.47019
1.63464
1.45645
1.52453
1.38662
1.71539
1.49297
1.48999
1.51092
1.57063
1.64587
1.73902
1.18383
1.50505
1.35932
1.50974
1.69512
1.46128
1.55562
1.50019
1.61447
1.7717
1.39343
1.70337
2.00562
1.87589
2.01703
1.67127
2.01703
1.64602
1.55761
1.70898
1.29252
1.26248
1.6303
1.70987
1.59027
1.75078
2.01703
1.4974
1.90529
1.49341
1.39001
1.41781
1.7225
1.38385
1.43511
1.62983
1.45152
1.36443
2.01703
1.38561
1.82141
1.7951
1.82506
1.78368
1.68558
1.89441
1.90095
2.01703
1.70948
1.48377
1.84793
1.72389
1.40873
1.51859
1.41531
1.8292
1.75114
1.7867
1.63664
1.63453
1.93229
2.01168
1.61684
1.29378
1.64826
2.01703
2.00874
1.21321
1.72804
1.65732
1.24962
1.34247
1.96792
1.43967
1.74368
1.20203
1.8367
1.82708
1.34879
1.2587
1.77236
1.22867
2.01703
1.70188
1.88523
1.89269
1.33436
1.81851
1.37495
1.86483
1.78457
1.63737
1.58283
1.64689
1.82223
1.50881
1.55143
1.53741
1.42896
1.90018
1.41647
1.49598
1.10635
1.52962
1.63195
2.01703
1.77922
1.27198
1.88555
1.79573
1.1878
1.85536
1.47237
1.49711
1.21949
1.57707
1.37752
1.5616
1.45995
1.58427
1.49906
1.20901
1.57755
1.63776
1.77657
1.68911
1.73097
1.29597
1.43079
1.5884
1.50321
1.82878
1.45679
1.68179
1.50903
1.46387
1.75146
1.40606
1.44823
1.44703
1.7008
1.7488
1.6973
1.32687
1.25625
1.73815
1.86919
1.37784
1.48499
1.71374
1.49768
1.61107
1.3896
2.01703
1.24456
1.87092
1.64514
1.61698
1.34063
1.86958
1.74143
1.37346
1.65248
1.59464
1.85093
1.007
1.26631
1.92526
1.41298
1.52805
1.86282
1.40889
1.94022
1.65645
1.42709
1.26891
1.55174
1.32116
1.81086
1.11672
1.90118
1.73606
1.38313
1.90404
1.43812
1.33102
1.97835
1.60481
1.81816
1.77367
1.92689
1.71967
1.69532
1.50019
1.35846
1.73659
1.27374
1.63973
1.48865
1.99773
1.75923
1.32915
1.31982
1.25246
1.71301
1.49526
1.38138
2.01703
2.01703
1.75445
1.59612
1.68433
1.44463
1.63925
1.45012
1.57475
1.33908
1.58143
2.01703
1.68813
1.55878
1.87177
1.76136
1.84426
1.31108
1.99055
1.44548
1.81431
1.70096
1.31714
1.64159
1.65613
1.5693
1.50864
1.51656
1.74573
1.5555
1.34415
1.75829
1.69961
1.99627
1.51481
1.63592
1.59028
1.40193
1.7812
1.31471
1.23533
1.75855
1.65707
1.93963
2.01703
1.42752
1.80885
2.01703
1.53218
2.01703
1.48454
1.91265
1.64042
1.47839
1.68975
1.52242
1.82396
1.91848
1.21148
1.77327
1.85161
1.58185
1.32956
1.41107
1.81631
1.40191
1.71919
2.01703
2.00002
1.9595
1.74636
1.84368
1.73446
2.01703
1.44416
1.94379
2.01703
1.76566
1.54868
1.01112
1.93551
1.56366
1.31401
1.69263
1.7619
1.31115
1.38247
2.00364
1.46892
1.55146
1.4409
1.67494
1.30145
2.01703
1.32374
1.86948
1.52672
1.46585
1.66124
1.47165
1.98801
1.8372
2.01703
1.79791
2.00134
2.01703
1.58479
1.51088
1.4097
1.4733
1.72154
1.80504
1.59021
1.71493
1.49777
1.35218
1.73832
1.45442
1.55522
1.93665
1.48853
1.47359
1.83708
1.61606
1.56447
1.46228
1.30118
1.1211
1.68992
1.14194
1.58482
1.56274
2.01703
1.77297
1.81239
1.67265
1.47398
1.52557
1.72594
1.65647
1.4173
1.31749
1.75624
1.67258
1.93277
1.66641
1.30939
1.94089
1.3447
1.29825
1.8061
1.49606
1.94424
1.79654
1.46204
1.39263
1.50815
0.947249
1.74552
1.95973
1.49369
1.95448
1.66865
1.50436
1.70847
1.3466
1.38762
1.82075
1.18101
1.61069
0.981818
2.01703
1.24878
1.46035
1.37685
1.61476
1.78703
1.94118
1.49524
2.01703
1.20633
1.9723
1.96152
1.7341
1.535
1.71545
1.71977
1.74538
1.08324
1.37558
1.78405
1.46222
1.53232
1.65006
1.8645
1.39313
1.75595
1.45567
1.53446
1.60393
1.56416
1.69077
1.13516
1.86053
1.16925
1.41492
1.51248
1.22663
1.82376
1.44908
1.15216
1.38646
2.01703
1.73785
1.51421
1.94072
1.93419
2.01703
1.53995
1.71911
1.74861
1.16159
1.30417
1.49327
1.46029
1.30128
1.48485
1.74403
1.58953
1.54583
1.38417
1.6666
2.01703
1.75417
1.53544
1.7423
1.80604
1.6212
1.39266
1.53486
1.81036
1.83235
1.94831
1.87368
1.45233
1.63652
1.3333
1.86049
1.5843
1.53147
1.55868
1.7612
1.37501
1.44265
1.82065
1.63773
1.87839
1.72473
1.3414
1.65729
1.59116
1.73185
1.35776
1.7301
1.39874
1.49884
1.78905
1.54417
1.60165
1.58072
1.95921
1.87443
1.78367
1.72322
1.74416
1.63283
2.01703
1.38183
1.25585
1.79257
1.36034
1.52114
2.00045
1.61345
1.20244
1.75774
1.86968
1.90966
1.81828
1.36551
1.98652
1.28482
1.39978
1.3884
1.02736
1.59782
2.01703
1.64499
1.70177
1.84943
1.55188
1.9184
1.39546
1.78928
1.37433
1.31704
1.80822
1.69492
1.54155
2.01703
2.01703
1.93458
1.55493
1.71133
1.43044
1.51028
2.01703
1.77868
1.34114
1.77673
1.67694
1.20437
1.64778
1.27756
2.01703
1.37224
1.41217
1.54553
1.93441
1.37488
1.30396
1.55928
1.65772
1.48929
1.88
1.87543
1.0385
1.62256
1.72445
1.71413
2.01703
1.65542
1.30597
1.45844
1.86073
1.4944
1.35747
1.8901
1.95356
1.61636
1.67103
1.42346
1.95953
1.44696
1.77964
1.70479
1.08821
1.19451
1.85504
1.67495
1.65964
1.21155
1.27368
1.37469
1.17162
1.78717
1.31539
1.42163
1.79417
1.5565
1.30054
1.15064
1.57367
1.42218
1.42379
1.39021
1.5993
2.00619
1.74456
1.77918
1.62426
1.82674
1.34459
1.62973
1.44808
1.90543
1.12551
1.99418
1.49686
1.54154
1.57267
1.47268
2.01703
1.72496
1.65986
1.85391
1.59481
1.40639
1.81792
1.78747
1.70353
1.77418
1.77631
1.97707
1.56786
2.00832
1.54148
1.53594
1.78357
1.93948
1.7325
1.37414
1.65845
1.47718
1.58272
1.45874
1.45425
1.65979
1.62443
1.79521
1.20339
1.50257
1.87409
1.63048
1.74729
1.69512
1.22531
1.9167
1.67352
1.8484
1.49798
1.54417
1.48099
1.31418
1.70912
1.81685
1.37892
1.66845
1.58827
1.3727
1.4261
1.47222
1.72447
1.70819
1.72794
1.58635
1.5878
1.75171
1.30225
1.85272
1.53866
1.47263
1.27602
1.84294
1.73137
1.67426
1.58399
1.67279
1.87856
1.38043
1.77479
1.72329
1.74845
1.26614
1.62736
1.5993
1.66652
1.88666
1.52868
1.56689
1.76704
1.56791
1.54401
1.70441
2.01703
1.95561
1.85318
1.63338
1.73367
1.38606
1.53665
2.01703
1.17708
1.38721
1.57386
1.61955
1.42969
1.75475
1.58816
1.2607
1.81212
2.01703
1.61193
1.58744
2.01703
1.37601
1.75041
1.95954
1.52125
1.49001
1.44849
1.95739
1.62218
1.96859
1.78372
1.92523
1.88457
1.45908
1.80159
1.8171
1.71642
1.98032
1.88248
1.83771
1.58366
1.72697
1.52592
2.01703
1.58203
1.52439
1.15324
1.41892
1.90872
1.35823
1.69706
1.29419
1.32481
1.49759
1.30642
1.24878
1.7227
1.60647
1.9589
1.43034
1.71827
1.66902
1.74602
1.85348
1.61613
1.42517
1.24456
1.71866
1.77925
1.67335
1.27942
1.2772
1.72485
1.61084
1.7269
1.5944
1.90456
1.94673
1.50982
1.83875
1.75389
1.6127
1.95183
2.01703
1.432
2.01703
1.31902
1.23853
1.82101
1.80677
1.80899
1.86316
1.31354
1.63845
1.34234
1.71196
1.44524
1.67846
1.33314
1.56592
1.73803
1.6758
1.61894
2.01703
1.72267
1.79544
1.86305
1.82154
1.87694
1.31984
1.66471
1.46869
1.77266
1.99576
1.55316
1.5474
1.66578
1.80933
1.16937
1.53727
1.35715
1.8919
1.78464
1.3143
1.57545
1.67215
1.63838
1.6768
1.46568
1.64617
1.80762
1.8322
1.63517
1.6925
1.86821
1.80241
1.8853
1.79774
1.91175
1.66395
1.56077
1.68695
1.24298
1.56153
2.005
1.40973
1.80683
1.21684
1.54312
1.35628
1.43548
1.59668
1.47528
2.01703
1.47496
1.70495
1.81219
1.37523
1.49807
1.5308
1.52186
1.48529
1.93206
1.49537
1.66048
1.24898
1.72908
1.58507
1.80846
1.53498
1.87926
1.46521
1.59015
1.41058
1.93512
0.989637
1.74876
1.50634
1.79181
1.4813
1.45921
1.69804
1.41898
1.80806
1.44764
1.64135
1.49821
1.65521
1.75652
2.01703
1.75609
1.78851
1.9004
1.60973
1.53594
1.67536
1.58913
1.63304
1.15282
1.46755
1.57486
1.13402
1.82269
1.79361
1.84073
1.34264
1.5114
1.76899
1.36116
1.22364
1.55587
1.4848
1.46663
1.64695
1.86117
1.51937
1.77337
1.22664
1.59611
1.04043
1.273
1.71914
0.825781
1.68324
1.55085
1.29217
1.61026
1.73661
1.33778
1.8279
1.78327
1.35891
1.58129
1.11719
1.72689
1.68646
1.76647
1.13268
1.44274
1.59838
1.72097
1.78294
1.51177
1.51054
1.75345
1.70881
1.51171
1.74835
1.66542
1.88926
1.64355
1.42116
1.85956
1.54997
2.01703
1.73905
1.69683
1.83436
1.7742
1.4202
1.58204
1.89289
1.26944
1.82063
1.18101
1.90403
1.66648
0.996903
1.55507
1.95485
1.85259
1.86767
1.80833
1.76957
1.70111
1.3441
1.85013
1.32329
1.77348
1.70706
1.7033
1.47691
1.89152
1.8793
1.62096
1.58639
1.12805
1.52036
1.35337
1.76104
1.74197
1.18633
1.71919
1.75037
1.44625
1.61456
1.55482
1.54364
1.76937
1.51617
1.70839
2.01703
1.5181
1.27583
1.89701
2.01703
1.16561
1.97076
1.59698
1.77772
1.44033
1.53722
1.73707
1.42289
1.41491
1.75665
1.47383
1.73824
2.01703
1.62264
1.70031
1.70862
1.84794
1.67735
1.70655
1.65676
1.28955
1.46572
1.54597
1.74388
1.59958
1.34495
1.51451
1.71706
1.50452
2.01703
1.72333
1.46302
1.6577
1.65255
1.72533
1.50693
1.80769
1.56847
1.25201
1.54289
1.6356
1.79982
1.50669
2.01703
1.70935
1.74459
1.71387
1.61063
0.790655
1.74941
1.68998
1.36444
1.74014
1.49666
1.64693
1.64757
1.47937
1.32353
1.67168
1.2401
1.99746
1.57549
1.97553
1.6693
1.74804
1.99409
1.66606
1.74401
1.16797
2.01703
1.58373
1.73137
1.58918
1.92294
1.74587
1.36657
1.65609
1.35709
1.78598
1.26303
2.01703
2.01703
1.7925
1.52168
1.23145
1.74469
1.42911
1.42831
1.37121
1.68082
1.84207
1.23918
1.7694
1.43668
1.4699
1.72205
1.59997
1.49062
1.67349
1.31674
1.94461
1.8275
1.6925
1.74839
1.60047
1.29977
1.82606
1.56868
1.49585
1.69252
1.58546
1.56932
1.68106
1.7243
1.52092
1.13967
2.01703
1.53106
2.01703
1.52396
1.44284
1.86991
1.94546
1.29786
2.01703
1.92999
1.92076
1.83118
0.998328
2.01703
1.38001
1.81891
1.49699
1.54058
2.01703
1.72349
1.20005
1.69812
1.63637
1.41239
1.73879
2.01703
1.57784
1.25439
1.70054
1.80146
1.54261
1.24379
1.50558
1.52043
1.7347
1.48182
1.59728
1.57832
1.14082
1.5338
1.72116
1.33573
1.62081
1.76619
1.75402
1.52598
1.5373
1.76903
1.59346
1.4375
1.6442
2.01703
1.54861
1.8923
1.9133
1.63792
1.4904
1.87386
1.69209
1.76151
1.90291
1.15127
1.29293
1.62112
1.48435
1.16662
2.01703
1.43108
1.34108
1.3863
1.40137
1.6084
1.82591
1.69292
1.72972
1.92421
1.97285
1.54761
1.703
1.71142
1.21885
1.6153
1.46148
1.33382
1.5718
1.96775
1.5119
1.63656
2.01703
1.27953
1.43119
1.8128
1.46032
1.62407
1.27166
1.89932
2.01703
1.49974
1.68714
1.93408
1.59175
1.7245
1.75951
1.20883
1.769
1.75166
1.56899
1.93592
1.52842
1.52456
1.10326
1.17189
1.64964
1.57443
2.01703
2.00035
1.71971
1.5294
1.73837
1.66047
1.39622
1.57337
1.47117
1.31998
2.01703
1.85546
1.64028
1.79847
1.58531
1.89107
1.53511
1.59743
2.01703
2.01703
1.49296
1.69592
1.47937
1.52776
1.64033
1.56543
1.47928
1.88762
1.66538
2.01703
2.01703
1.81431
1.76801
1.87448
1.69081
1.85567
1.57197
1.61732
1.51885
1.89578
1.60704
1.74527
1.34924
1.88899
1.68604
1.96131
1.4894
1.31974
1.62188
2.01703
1.65857
1.47849
1.63761
1.67552
1.83074
1.72249
1.6449
1.66595
1.81589
1.66186
2.01703
1.61475
1.27998
1.7306
1.57449
1.72144
1.00625
1.47246
1.28834
1.92846
1.22873
1.83817
1.64934
1.6101
2.01703
2.01703
1.62917
1.93218
1.81008
2.01703
1.63444
1.58758
1.261
2.01703
1.3342
1.27335
1.72584
1.74002
1.47098
1.45338
1.62506
1.27255
1.58184
1.46963
1.48328
1.97286
1.54617
1.13043
1.57601
1.30128
1.78621
2.01703
1.66218
1.73144
1.60116
1.35969
1.81102
1.20485
1.60366
1.47027
1.82401
1.1173
1.4511
1.33884
1.91703
1.87709
1.46598
1.5625
1.87102
1.40865
1.58216
1.64212
1.72101
1.34854
1.81278
1.8762
1.36198
1.53825
2.01703
1.62101
1.31432
1.84306
1.23107
1.73558
1.62225
1.35124
1.45277
1.56048
2.01703
1.76779
1.33825
1.60072
1.58764
1.55151
1.74981
1.94981
1.67769
1.52256
1.77767
1.4318
2.01703
2.01703
1.37122
1.38896
1.67965
1.73661
1.94843
1.79669
1.57376
1.99931
1.77944
1.82723
1.2667
1.00777
1.91311
1.59514
1.11461
1.56986
1.92895
1.7784
1.29915
1.3878
1.63677
1.60918
1.73813
1.43693
1.93315
0.828221
1.6228
1.64233
1.63685
1.71895
1.77761
1.62694
1.81272
1.31788
1.8118
1.29142
1.68834
1.22315
2.01703
1.79009
2.01703
1.6637
1.68159
1.87587
1.59045
1.76265
1.19009
1.32657
1.86927
1.50279
2.01703
1.69416
1.7021
1.42437
1.38428
1.67981
1.53488
1.58462
1.58058
1.7661
1.7712
1.18691
1.77875
1.67644
1.83457
1.40735
1.54694
1.68036
1.71646
1.58984
1.56714
1.23576
1.83489
1.59558
1.31971
1.54195
1.68752
1.51841
1.66539
1.75156
1.5897
1.30174
1.78253
1.94184
1.31972
1.52063
1.78533
1.85798
1.88559
2.01703
1.34957
2.01703
1.47059
1.61157
1.40834
1.52557
1.86496
1.72838
1.1529
1.76023
1.44616
1.3329
1.4787
1.65938
1.51645
1.80039
1.81908
1.6531
1.79832
1.75721
1.55767
1.52442
1.69703
2.01703
1.57329
1.64749
1.9896
1.98326
0.80902
1.84158
1.59841
1.67781
1.90259
1.73833
1.64309
1.68415
1.49048
1.49676
1.66001
1.60057
1.16102
1.51169
1.9477
1.59904
2.01703
1.84886
1.45869
1.86908
1.33308
1.22723
1.56204
1.96991
1.47178
2.01703
1.35904
1.39599
1.91216
1.56788
1.53927
1.52296
1.60107
1.64869
1.80755
1.49985
1.69915
1.50002
1.6905
1.46837
1.5519
1.27226
1.46765
1.57203
1.58458
1.58284
1.39545
2.01703
1.66579
1.68337
1.84515
1.45753
1.56542
1.89672
1.42958
1.68999
1.52364
2.01703
1.90247
1.75894
0.787694
1.1157
1.35699
1.36029
1.64453
1.69756
1.75615
1.92009
1.96998
1.61414
1.60838
1.75274
1.53281
1.29152
1.25979
1.63844
1.66706
1.77112
1.28118
1.45698
1.61495
1.83308
2.01703
1.3995
1.57571
1.52101
1.69559
1.56213
1.67589
1.4289
1.18511
2.01703
1.64062
1.53475
1.03342
1.36787
1.57504
1.9958
1.50028
1.68294
1.36624
1.66514
1.68766
1.82762
1.57702
1.81516
1.43449
1.90939
2.00786
1.76867
1.62072
1.65961
1.80013
2.01703
1.3729
1.59275
1.35466
1.57011
1.46568
1.48154
1.19555
1.38939
1.92788
1.54314
1.5804
1.53834
1.46465
1.67299
1.5347
2.01703
1.9881
1.68397
1.3043
1.55817
1.45595
1.57571
1.15637
1.78564
1.99863
1.73448
1.45789
1.69067
1.08974
1.87226
1.39263
1.81564
1.48556
1.4686
1.57024
1.21361
1.42044
1.43737
1.20344
1.68984
2.01703
1.66747
1.69363
1.59364
1.62526
1.93531
1.48713
1.56975
1.64261
1.33318
1.70039
1.6313
1.74915
1.37735
1.64868
1.55202
1.4896
1.79231
1.3813
2.01703
1.28286
1.15125
1.10771
1.5677
1.42987
1.67302
2.01703
1.78398
1.81415
1.93913
1.97568
1.37726
1.67316
1.35412
1.64605
2.0016
1.44092
1.49732
1.59325
2.01703
1.55524
2.01703
1.27321
1.75877
1.77174
1.66738
1.58513
1.78614
1.91589
1.78304
1.90684
1.72546
1.50459
1.56451
1.60843
1.92469
1.95449
1.71443
1.99191
1.65612
1.71306
1.31073
1.18394
1.64119
1.8054
2.01505
1.68821
1.43703
1.52292
1.72862
1.4774
1.53263
1.56421
2.01703
1.31331
1.21802
1.44344
1.38453
1.53071
1.48275
1.91677
1.66425
2.01703
1.94721
1.44516
1.86417
1.61277
1.72255
1.76152
1.67008
1.65174
1.39958
1.99662
1.67957
1.54882
1.53051
1.67542
1.24096
1.6387
1.90961
1.17075
1.67961
1.82489
1.42638
1.35636
1.67207
2.01703
1.31666
1.85551
1.65543
1.77919
1.80673
1.44917
1.36919
1.81955
1.445
1.45303
1.86214
1.63667
1.16673
1.71856
1.53355
1.44972
1.52863
1.4866
1.86359
1.98797
1.51335
1.5056
2.01703
1.63477
1.13086
1.231
1.85433
1.67368
1.57157
1.2474
1.70233
1.38559
1.49054
1.80923
1.75609
1.2888
2.01703
1.64101
1.53373
1.35998
1.4005
2.01703
1.74932
1.64608
1.3865
2.01703
1.62183
2.01703
1.69429
1.56826
1.48737
1.26979
1.57389
1.71465
1.67818
1.61256
1.85629
1.55008
1.68056
1.87777
1.68269
1.63418
1.77553
1.78004
1.7327
1.43593
1.43691
2.01703
1.84028
1.9958
1.5329
1.42008
2.01703
1.86314
2.01703
1.64377
1.5178
1.25503
1.95231
1.77124
1.63378
1.82794
1.43596
1.7427
2.01703
1.27377
1.27083
1.54669
1.74087
1.87516
1.43035
1.71685
1.679
1.93588
1.77815
1.63341
1.61928
1.46285
1.25551
1.86276
1.49139
1.7981
1.18096
1.87209
1.23049
1.62297
1.04084
1.7032
1.47453
1.26062
1.6707
1.77957
1.62733
1.39099
1.88811
1.76601
1.53055
1.94326
1.7012
1.51543
1.80119
1.99418
1.76499
1.44793
1.57353
1.63095
1.59359
1.96807
1.41708
1.82743
1.59464
1.02333
1.52546
1.58662
1.61093
1.50681
1.81877
1.4932
1.82682
1.54234
1.51056
1.91249
1.81811
1.50935
1.98255
1.67251
1.36199
1.88446
1.28747
2.01703
1.48196
1.1841
1.62178
1.93844
1.67733
1.7719
1.46981
1.44388
1.17562
1.4453
1.74526
1.38885
2.01703
1.48559
1.96662
1.60574
1.74676
1.92613
1.58565
1.78948
1.39426
1.75702
1.40806
1.66141
1.18099
1.94577
1.98596
1.76176
1.67317
1.80847
1.43276
1.65919
1.16345
1.46409
1.66877
1.75378
1.60875
2.01703
1.93189
1.89568
1.90925
2.01703
1.41353
1.48548
1.62346
1.44927
1.59524
2.01703
1.69294
1.97884
1.99626
1.48467
1.86835
1.8404
1.44951
1.40369
2.01703
1.52921
1.29645
1.6378
1.9632
1.66859
1.53688
1.41041
1.52452
1.86669
1.80241
1.20433
1.28796
1.55812
1.30308
1.39191
1.86792
1.937
1.66384
1.33795
2.01703
2.01703
1.75675
1.49727
1.25623
1.77712
1.62265
1.32518
1.80198
1.60685
1.29925
2.01703
1.56144
1.59502
1.6685
1.83397
1.90668
1.90205
1.98387
1.45851
2.01703
1.99017
1.56148
1.96346
1.65261
1.88809
1.95648
1.62859
1.77859
1.32938
1.84955
1.21366
1.53004
1.48822
1.98061
1.62567
1.79253
2.00301
1.32471
1.70056
1.66308
1.33793
1.57775
1.53441
1.44664
1.85276
1.4582
1.76768
1.85152
1.6893
1.44259
1.52064
1.87852
1.70014
1.47298
1.64709
1.83827
1.3695
1.56449
1.14236
1.64103
1.4896
1.40981
1.46614
1.30674
1.94365
1.2109
1.17505
1.47956
2.01703
1.80334
1.6665
1.82564
1.59924
1.80405
1.45818
1.19657
1.50187
1.81536
1.57174
1.66109
1.76253
1.73942
1.35362
1.73993
1.82969
1.58524
1.54932
1.64641
1.6872
1.78044
1.73876
1.6186
1.53424
1.65514
1.6059
1.042
1.50055
1.03303
1.99458
1.8621
1.42584
1.48874
1.44566
1.65149
1.44911
1.76602
1.18095
1.62896
1.3961
1.80273
1.75918
1.60032
1.5677
1.58642
1.73603
1.52953
1.82464
1.84744
1.27338
2.01703
1.3537
1.90023
1.94006
1.7627
1.81275
1.24623
1.55049
1.5359
1.70199
1.65813
1.6972
1.62397
1.59139
1.55646
1.70049
1.33305
1.65727
1.48844
1.74198
1.89764
1.85793
1.57129
1.63048
1.90128
1.66235
1.52175
1.95165
1.1233
1.76194
1.63764
2.01703
1.72669
1.57477
1.20023
1.60283
1.75054
1.81008
1.7706
1.24632
1.64948
0.945215
1.47951
1.62359
1.28033
0.838882
1.6344
1.97155
1.78902
1.50722
1.57047
1.86511
1.25612
1.41469
1.44007
1.24457
1.05388
2.01703
1.86286
1.45554
1.38186
1.5278
1.93799
1.58914
1.91187
1.48499
1.41097
1.71367
1.34189
1.41104
1.98159
1.31424
1.6558
1.19493
1.80361
1.43288
1.83397
1.56054
2.01703
1.64649
1.20908
1.75289
1.82043
1.46791
1.95098
1.5359
1.35501
1.54657
1.61635
1.99742
1.66798
1.58066
1.60266
1.69167
1.54768
1.37949
1.83761
1.25237
1.84877
1.55522
1.0432
1.58716
1.90673
1.33338
1.46393
1.57078
2.01703
1.79604
1.40191
1.55439
1.55771
1.92874
2.01703
1.61101
1.49422
1.71082
1.81236
1.74763
1.29477
1.47426
1.64929
1.50559
1.1206
1.80634
1.15656
1.38151
1.33212
1.54653
1.85699
1.47679
2.01703
1.61153
1.39671
1.76457
1.71581
2.01543
1.61882
1.65583
1.44167
1.47916
1.44272
1.96832
1.26468
1.92478
1.87931
1.51425
1.92359
1.7758
1.4018
1.27552
1.75551
1.33781
1.66057
1.62054
1.04471
1.44384
1.26511
1.96555
1.92625
1.32727
1.68628
1.65227
1.50628
2.01703
1.98769
1.65969
1.69908
1.35936
1.59892
1.39947
1.92993
1.28596
1.52376
1.4061
1.82803
1.88848
1.35706
1.87783
1.78927
2.01703
1.65132
1.81215
1.80312
1.67216
1.81547
1.6014
1.10084
1.47711
2.01703
1.7016
1.72224
1.75175
1.44332
1.66278
1.48228
2.01703
1.3145
1.13111
1.24798
1.69216
1.67798
1.56731
1.28216
1.82583
1.73467
1.6623
1.69851
1.5372
1.59824
1.67087
1.45785
2.01703
1.73684
2.01703
1.63491
2.01703
1.51027
1.32001
1.45806
1.40485
2.01703
1.91992
1.30069
1.5323
1.51471
1.89623
1.40384
1.72851
1.59766
1.67254
1.27688
1.7296
1.89772
1.51666
1.72537
1.46646
1.70987
1.77831
1.22446
1.363
1.72091
1.43369
1.57572
1.69626
1.51954
1.4379
1.48206
1.62756
1.31105
1.34489
1.43153
1.7207
1.80394
2.01703
1.63631
1.86059
1.66829
2.01399
1.60304
1.48723
1.77887
1.83899
1.61303
1.52024
1.54189
2.01703
1.81306
1.43092
1.87192
1.42629
1.67589
1.55082
1.77205
1.22197
1.58496
1.55347
1.14743
1.27839
1.58439
1.5822
1.49535
1.19142
1.6477
1.74463
1.32938
1.89297
1.89042
1.50398
1.99463
1.35513
1.78542
1.43136
1.52571
1.86337
1.50668
1.79889
1.16891
1.29204
1.64316
2.01703
2.01703
1.76966
1.56254
1.52391
1.5392
1.69251
1.62212
1.45029
1.30279
1.43991
1.03375
1.56102
1.78774
2.01703
1.6269
2.00158
1.46237
1.61571
1.73173
1.71294
1.25466
1.59129
1.86858
1.79151
1.66274
1.69821
1.35826
1.49529
1.55108
1.6781
1.5828
1.43136
1.45073
2.01703
1.86916
1.34124
1.47961
1.43844
2.00568
2.01703
1.5869
1.40709
1.66795
1.51688
1.86573
1.80204
1.53776
1.27465
1.55167
1.95724
1.9157
1.88627
1.81869
1.32669
1.46762
1.92033
1.54918
1.85763
1.46299
1.88752
1.39728
1.9259
1.855
1.50836
2.01703
1.25519
1.57824
1.48972
1.65673
1.83634
1.83015
1.62006
1.78814
1.65697
1.703
1.88688
1.74878
1.43305
1.61464
1.82643
1.39449
1.89222
1.74624
1.59303
1.97563
1.52052
1.54713
1.02448
2.01703
1.69471
2.01703
1.88725
1.83738
1.81958
1.67303
1.65662
1.61334
1.43029
1.4699
1.56496
2.01703
1.42322
1.54792
1.84383
1.86836
1.36496
1.73311
1.78254
1.45676
1.61104
1.55531
1.21461
1.29504
1.29561
1.9039
2.01703
1.62599
1.38667
1.56751
1.07512
1.16701
1.04025
1.88055
1.63011
2.01703
1.59375
1.32095
1.74745
1.5451
1.61118
1.58911
1.38331
1.67747
1.58282
1.99212
1.46539
1.77912
1.92793
1.65693
1.6922
1.57343
1.14596
1.1565
1.48377
1.5066
2.01703
1.29582
2.01703
1.74586
1.95718
1.68282
1.52319
2.00477
1.7752
2.01703
1.67203
1.80139
1.8594
1.84074
1.81801
1.87411
1.85619
1.77943
1.47653
1.33997
2.01703
1.47517
1.5642
1.46397
1.56954
1.69612
1.52532
1.68686
1.93579
1.10899
1.41284
1.86008
1.55827
1.52604
1.95918
1.88774
1.53176
1.57337
2.01703
1.5034
1.84237
1.41669
1.77139
1.62421
1.69926
1.71983
1.75501
1.94052
1.54638
1.56038
1.64359
1.60784
1.1221
1.12233
1.54611
1.20055
1.40905
1.13363
1.49771
1.27034
1.33045
2.01703
1.79654
2.01703
1.7292
1.53594
1.69241
1.76616
1.50079
1.46474
1.30128
1.78345
1.6909
2.01703
1.70106
1.6636
1.91398
1.25722
1.61128
1.64491
1.62748
1.73289
1.50775
1.63744
1.96922
1.32137
1.69304
1.74874
1.65005
1.3701
1.66028
1.75931
1.87251
1.68497
1.68182
1.80847
2.01703
1.40521
1.85682
1.91275
1.60469
1.89564
1.57645
1.55805
1.95174
1.56511
1.48075
1.7355
1.62493
1.7736
1.9456
2.01703
1.74886
1.92008
1.52
1.20946
1.52365
1.25751
1.6574
1.94919
1.56526
1.4186
1.63655
1.69236
1.75145
1.94263
1.44459
1.75481
1.44791
1.68534
1.80564
1.71153
1.6478
1.58115
1.34906
2.01703
1.51639
1.61946
1.79446
1.64196
1.94759
1.78702
1.65172
1.5608
1.81592
1.96187
1.26045
1.6592
1.64843
1.73912
1.33451
1.73573
1.58599
1.47987
1.06945
1.60206
2.01703
1.50083
1.52299
1.42488
1.96126
1.83564
1.41579
1.44665
1.56012
1.92706
1.63807
1.44686
1.58813
1.76787
1.60993
1.83374
1.55208
1.9291
1.32991
1.56078
1.82661
1.93355
1.72584
1.19458
2.01703
1.49512
1.64683
1.66445
1.67378
2.01703
1.21862
1.9623
1.65265
1.3829
0.974701
1.70046
1.64883
1.04606
1.58348
1.75074
1.65936
1.30075
1.48661
1.30461
1.79556
1.79431
1.49863
1.79027
1.21298
1.69192
1.88308
1.94885
1.48145
1.50989
1.30811
1.82944
1.77637
1.33105
1.88729
1.56092
1.36677
1.68526
1.95202
1.50377
1.7599
1.96958
1.72058
1.55429
1.01552
1.48996
1.90777
1.73363
1.48878
1.58235
1.87026
1.31142
1.8535
1.06107
1.58644
1.5152
1.60241
1.30149
1.22035
1.35824
2.01703
1.74868
2.01703
2.01703
1.07555
1.67599
1.52087
1.78184
1.57624
1.62881
1.43096
1.64768
1.5791
1.26419
1.55727
1.48131
1.70353
1.57951
2.01703
1.84637
1.66755
1.51108
1.59902
1.4749
1.70614
1.80414
1.38122
1.63815
1.72546
1.48668
1.56647
1.1955
1.92588
1.48647
1.58125
1.82236
1.58362
1.42482
1.3435
2.01703
1.60317
1.53572
1.49522
2.01703
1.39194
1.84391
2.01703
1.17454
1.15795
1.61128
1.78437
1.38691
1.7625
1.58878
1.76449
1.38133
1.40252
1.21835
1.0833
1.55697
1.23271
1.69583
1.44968
1.47599
1.75475
1.79991
1.78744
1.93547
1.7769
1.69406
1.45289
1.38935
1.23267
1.63417
1.40733
1.37607
1.74845
1.79916
1.84834
1.7028
1.49357
2.01703
1.67695
1.14541
1.42848
1.83105
2.01703
1.9122
1.79247
1.41137
1.6668
1.66134
1.82072
1.6538
2.01703
1.99439
1.40073
1.80498
1.42007
1.40731
1.48073
2.01703
1.69567
1.52252
1.93809
1.9013
2.01703
1.96755
1.66511
1.35518
1.68005
2.01703
1.84385
1.81491
1.54301
1.67195
1.9432
1.88448
1.88359
1.43856
1.80525
1.58796
1.34023
1.50562
1.47676
1.43495
1.67099
1.79268
1.69601
1.61862
1.45457
1.40965
1.29984
1.70812
2.01703
1.4503
1.4038
1.79342
1.2402
1.60167
1.51749
1.59219
1.37427
1.83405
1.14226
1.98499
1.28121
1.93459
1.5045
1.98503
1.96383
1.36151
2.01703
1.53206
1.63859
1.78888
1.6955
2.00563
1.56037
1.98018
1.49964
1.85841
1.56275
2.01703
2.01703
1.31362
1.56385
1.27844
1.69832
1.56719
1.68283
2.01703
1.69541
1.63596
1.6551
1.48553
1.35358
1.58235
1.83483
2.01703
1.66558
1.3877
1.81481
2.01703
1.52368
1.59689
1.56583
1.61269
1.42609
1.43784
1.54844
1.56474
1.37024
1.65324
1.96851
1.50547
1.97519
1.57184
1.57679
1.52745
1.88801
1.7305
1.55175
1.48485
1.41083
1.5337
1.54486
1.95468
1.29597
1.61365
1.66213
1.50704
1.59953
2.01703
1.57091
1.60079
2.00091
1.51517
1.84433
1.71293
1.48041
1.47751
2.01703
1.15451
0.749739
1.31169
1.37475
1.75041
1.7103
2.01703
1.86217
1.74697
1.76836
1.27103
1.96563
1.05488
1.44661
1.20142
1.34489
1.38867
1.21043
1.5658
1.88828
1.84958
1.69719
0.838247
1.56716
1.65418
1.58058
1.54495
1.9744
1.66029
1.68392
1.82527
1.59529
1.31114
1.61131
1.72788
1.54603
1.16577
1.10925
1.88743
1.62293
1.84633
1.74291
1.64637
1.50892
1.65048
1.68987
1.26224
1.56379
1.9515
1.37315
1.7488
1.82754
1.29145
1.68958
1.75215
1.40011
1.57413
1.72726
1.34927
1.49196
1.69292
1.67276
2.01093
1.45248
1.54063
1.73659
1.3953
1.5384
1.59328
1.70203
1.80914
1.69199
1.86944
1.54468
1.3894
1.65578
1.51813
1.33546
1.40351
1.39523
1.3595
1.32539
1.97995
2.01703
1.74916
2.01703
2.01703
1.5325
1.53089
1.20162
0.863675
1.95983
1.59157
1.79516
1.62021
2.01703
1.41901
1.19971
1.38409
1.9692
1.49763
1.68206
1.84627
1.76155
1.91261
1.63333
1.43169
2.01703
1.94451
1.1784
1.78347
1.87942
1.34224
1.15948
1.79369
1.72252
1.71223
1.99851
1.66235
1.76502
1.83503
1.34427
1.94005
1.34614
1.32859
1.85915
1.6355
2.01703
1.74163
1.76468
1.1673
1.7846
1.48267
1.77803
1.51235
1.39488
1.30132
1.8234
1.66532
1.59194
1.8053
0.94285
1.88437
1.44492
1.80905
1.6329
1.72821
1.99487
2.01703
1.60314
1.09888
1.3443
1.60543
1.82499
1.72149
1.41576
1.17785
1.5434
1.75337
1.85361
1.28714
1.64848
1.69095
1.64903
1.84635
1.49611
1.52829
1.31723
1.46713
1.78739
1.44154
1.52642
1.5755
1.84765
1.41492
1.39496
1.69309
1.42225
1.46053
1.669
1.80004
1.18312
1.67398
1.53795
1.32836
1.72636
1.50708
1.5379
1.38343
1.84144
1.68675
1.5596
1.44242
1.59653
1.43138
1.7401
1.77947
1.44896
1.42951
1.79013
2.01144
1.28913
1.66215
1.42452
1.79965
1.99606
1.62516
1.52887
2.01703
1.63387
1.74242
1.6887
1.39951
1.86287
1.15793
1.48243
1.47099
1.71792
1.96432
1.68861
1.29582
1.679
1.78778
1.80736
1.69954
0.966404
1.45214
1.58262
1.56443
2.01703
1.57516
1.91296
2.01703
1.78069
1.48553
1.65483
1.35632
1.59751
1.76274
1.78595
1.76402
1.68656
1.39485
1.79713
1.56801
1.81363
2.01703
1.4918
1.1282
1.44234
1.61755
1.1801
1.49234
1.45275
1.08316
1.3887
1.8201
1.30622
1.17342
1.76283
1.557
1.78071
1.03577
1.57393
1.78432
1.57936
1.36993
1.41976
1.84476
1.43413
1.36544
1.49366
1.57733
1.54503
1.24432
1.1858
1.69154
1.82776
1.58884
2.01703
1.79302
1.55285
1.30397
1.36208
1.91143
1.93088
1.45414
1.82268
1.83139
1.11237
1.6808
1.55757
1.778
1.61095
1.80675
1.94736
1.48825
1.41777
2.01703
1.3856
2.01703
1.47227
1.86289
1.23544
1.51152
1.75623
1.09477
1.81458
1.44703
1.33179
1.18971
1.12911
1.76267
1.53432
1.49645
1.53226
1.43371
1.69425
1.69853
1.61277
1.35513
1.33747
1.36383
1.61393
1.59006
1.65219
1.36505
1.01268
2.01703
1.76415
1.55285
1.56996
1.68782
1.31796
1.57604
1.87117
1.5147
1.50473
1.74252
1.61959
1.62071
1.94928
1.33615
1.60217
1.43636
1.70365
1.86883
1.33628
1.7993
1.50659
1.62816
1.55938
1.62898
1.54141
1.71411
1.24605
1.64367
1.51392
1.77639
1.97848
1.70037
1.56985
1.78714
1.48153
0.918762
1.82344
1.75937
1.40571
1.77439
1.54686
1.75275
1.14013
1.74037
1.42381
1.69683
1.82457
1.63022
1.91904
1.54686
1.63923
1.58828
1.29796
1.98637
1.68308
2.01703
1.51222
1.47116
1.61673
1.3089
1.85334
1.48835
1.22827
1.73948
1.71146
1.50852
1.85376
1.67275
1.70502
1.77726
1.62566
1.63438
1.62084
1.81589
1.65022
2.01703
1.30549
1.57384
1.56122
1.60283
1.71124
1.69113
2.01703
1.61861
1.79731
1.71624
1.47769
1.40398
1.53874
1.50132
1.87982
1.69671
1.82959
1.52404
1.52898
1.58774
1.54148
1.43469
1.76502
1.87922
1.00593
1.55359
1.89597
1.7135
1.93036
1.71888
1.53457
1.41775
1.43541
1.48554
1.82844
1.58877
1.65705
1.39957
1.37243
1.38706
1.85434
1.80043
1.38308
1.97418
1.5675
1.47234
1.6324
1.7299
1.30707
1.49397
1.59859
1.63078
1.97331
2.01703
2.01703
1.48491
1.72175
1.61779
1.76458
1.55752
1.7258
1.86809
1.42338
1.74412
1.52822
1.77604
1.3856
1.62991
1.06838
1.64711
1.90325
1.81133
1.29529
1.91056
2.01703
1.73137
2.01703
1.93425
1.49385
1.61197
1.9226
1.84123
1.71819
1.24569
1.97628
1.39055
1.39447
1.21028
1.64531
1.62917
1.60612
1.60056
1.7629
1.30767
1.50955
1.73177
1.83238
1.84564
1.5584
1.97946
1.82623
2.01703
1.37908
1.39453
1.52049
1.69
1.7768
1.43544
1.3519
1.63147
1.90126
1.52048
1.26072
1.15482
1.79473
1.54833
1.86629
2.01703
1.8144
1.67101
1.37867
1.69619
1.96857
1.68479
1.6114
1.57658
1.80373
2.01703
1.34874
1.42447
1.90063
1.72469
1.54212
1.43759
1.64612
1.71674
1.71031
1.67369
1.86344
1.73433
1.5362
1.58076
1.80205
1.6179
1.61313
1.49542
1.46874
1.39881
1.69353
1.70083
1.51081
1.89727
1.56664
1.65386
1.98659
1.74253
1.47755
1.80611
1.52239
1.5252
1.80789
2.01703
1.71572
1.35841
1.39793
1.70729
1.52942
1.72995
1.54678
1.65146
2.00751
1.76854
1.53381
1.69965
1.81645
1.42404
1.59944
1.39882
1.45989
1.72043
1.18523
1.83945
1.66023
1.50813
1.77614
1.57883
1.42646
1.47982
1.71129
1.82334
1.74028
1.77725
1.42512
1.41676
1.94073
2.01703
1.46897
1.10131
1.43141
1.84296
1.48464
1.38861
1.59146
1.63327
1.90719
2.01703
1.56858
1.30789
1.9281
1.18793
1.35486
1.76679
1.50325
1.51734
1.58729
1.8124
1.52952
1.70421
1.68723
1.53753
1.51103
1.79104
1.81019
1.50069
1.55912
1.68774
1.35898
2.01319
1.42101
1.33937
1.60959
2.01703
2.01703
1.35087
1.57012
1.49949
1.97673
1.73042
1.17036
2.01703
1.34378
1.78289
1.77235
1.41
1.5564
2.01703
1.23515
1.80978
1.94736
1.94685
1.15363
1.60248
1.89616
1.17795
1.69097
1.48776
2.01703
1.67939
1.70556
1.62583
1.71552
1.49672
2.01703
1.92789
1.31313
1.81263
1.65355
2.01703
1.46593
1.43075
1.63562
1.68495
1.84248
2.00282
1.67996
1.89235
1.62417
1.76522
1.98794
1.32787
1.36575
1.96337
1.62756
1.42732
1.4308
1.86247
1.78582
1.86313
1.82685
1.97242
1.40966
1.46339
1.72934
1.71911
1.73415
2.01703
1.98264
1.47772
1.24133
1.69951
1.92796
1.69633
1.46355
1.80495
1.92139
1.40687
1.65543
1.28843
1.25081
1.58413
1.64183
1.44058
1.66725
1.33103
1.11168
1.64929
1.55277
2.01703
1.42449
1.77896
1.59908
1.44098
1.30159
1.64678
1.61645
1.58549
2.01703
1.86243
1.62551
0.956808
1.55071
1.62794
1.57476
1.61097
1.99339
2.01703
1.86578
1.79805
1.84997
1.93542
1.70194
1.41957
1.84805
2.01703
1.7113
1.81904
1.38809
1.48527
1.51314
2.00254
1.49719
1.88564
1.83692
1.71637
1.45835
1.34374
1.53197
1.68689
1.86511
1.71891
1.82208
1.82765
1.51469
1.7105
1.77318
1.89983
2.00404
1.49301
1.52693
1.5679
1.5041
1.62492
1.4438
1.66887
1.50324
1.0171
1.68175
1.85957
1.03921
1.8565
1.38863
1.67322
0.965863
1.894
1.31705
1.84356
1.56754
1.896
1.77547
1.67844
1.73077
1.84207
1.79097
1.66483
1.83378
1.57477
1.83647
1.35524
1.7323
1.76655
1.37943
1.39915
1.55041
1.39481
1.60248
1.15957
1.4345
1.58371
1.2924
1.28868
1.37164
2.01703
1.35401
1.47091
1.7725
1.89371
1.61921
1.38513
1.66541
1.66358
1.7671
1.50543
2.01703
1.69566
1.62498
1.79805
1.70228
1.74175
1.82946
1.58587
2.01703
1.67339
1.44943
1.60641
1.63095
1.64979
1.52254
1.53587
1.84211
1.8869
1.71547
1.35228
1.76266
1.84943
1.77174
1.94607
1.82439
1.58874
1.62572
1.22853
1.60657
1.73444
1.67801
1.82475
1.60034
1.99251
1.70856
1.61509
1.6587
1.35619
2.01703
1.65503
1.69521
1.55838
1.491
0.924082
1.4836
1.49103
1.6485
1.47539
1.30111
1.84127
1.17895
2.01703
1.97832
1.44924
2.01703
1.97452
1.82191
1.90739
1.54666
1.88142
1.52209
1.66077
1.66351
1.43882
1.24349
1.89369
1.43382
1.38059
1.21979
1.58225
1.81603
1.54708
1.53893
1.61764
1.53927
1.72884
1.65044
1.70407
1.63267
1.6961
2.01703
1.85496
1.97552
1.9285
1.89639
1.37425
1.81732
1.34707
1.34528
1.73834
1.61126
1.82514
1.27486
0.929079
1.77215
1.24787
1.80068
1.92434
1.61499
1.95498
1.74767
1.85855
1.26867
1.8382
1.45013
1.16264
1.3184
1.21309
1.53329
1.50285
1.08169
1.55792
1.65852
1.78077
1.53445
1.72613
1.63518
1.58191
1.27654
1.76959
1.4733
1.44286
1.06881
1.71274
1.82758
1.88419
1.74235
1.37232
1.43694
1.86481
1.31847
1.26766
1.40772
1.34903
1.63135
1.81692
1.78828
1.92961
1.67645
1.42039
1.05221
1.1848
1.56832
1.61941
1.93005
1.74388
1.41378
1.54181
1.48644
1.71864
1.94196
1.80098
1.75567
2.01107
1.68745
1.55672
1.20223
1.69501
1.57617
1.81754
1.92844
1.62255
1.97443
1.70086
2.01703
1.29367
1.73592
1.61948
1.51362
1.4263
1.39538
1.38086
1.86253
2.01703
1.54158
1.55839
1.59897
1.57913
1.85364
2.01703
1.13899
1.66262
1.57409
1.97972
1.67545
1.88103
1.67816
1.82743
1.48939
1.47421
1.61688
1.41544
1.98495
1.68437
1.57428
1.24907
1.73665
1.92094
1.62864
1.62453
1.60085
1.525
1.70392
1.63872
1.92448
1.42802
1.83673
1.42721
1.49972
1.87005
1.37024
1.73646
1.39276
1.54858
1.57644
1.12079
1.99044
1.30321
1.64329
1.11929
1.88536
1.906
1.64584
1.57507
1.47418
1.95888
1.59915
1.07369
2.01703
1.4816
1.36648
1.41397
1.53599
1.52499
1.13609
1.97046
1.54597
0.975397
1.6162
1.40917
1.75399
1.807
1.48159
1.45007
1.83052
1.68442
1.67171
1.52097
1.97292
1.96603
1.49319
1.84757
2.01147
1.4181
1.54674
1.20413
1.58931
1.51071
1.48223
1.64613
1.82556
1.81257
1.62701
1.31993
1.39761
1.98222
1.77435
1.77612
1.8688
1.60114
1.8537
1.46159
2.01703
1.84167
1.92754
1.51594
1.66401
1.54465
1.30665
1.74166
1.09677
1.90344
1.3949
1.44715
1.55885
1.36868
1.81278
1.50224
2.01703
1.81807
1.5233
1.56303
0.96354
1.59213
1.5127
1.54011
1.55981
1.52942
1.92101
1.59682
1.69488
1.49373
1.59142
1.55092
1.43945
1.82204
1.70518
1.69754
1.47998
2.01703
1.38086
1.48375
1.67489
1.75691
1.93242
1.80915
1.47226
1.8532
1.12022
1.31325
1.22635
1.30824
1.81036
1.7044
1.84801
1.76605
1.87679
1.51125
1.47115
1.90372
1.16159
1.56728
1.14372
1.29699
1.30349
1.90801
1.82656
1.61211
1.73739
1.19717
1.74662
2.01703
1.98116
1.90057
1.5697
2.01595
1.47103
1.82547
1.44903
1.68976
1.54566
1.6876
1.51098
1.30089
1.73878
1.94294
1.64069
2.01703
1.19755
1.50606
1.79902
1.66921
1.65657
2.01703
1.59263
1.82671
1.6173
1.85339
1.45081
1.9742
1.55238
1.47684
2.01703
1.33245
1.91614
1.40127
1.41422
1.29881
1.66656
1.31641
1.7005
1.5712
1.75806
0.960426
1.5573
1.17537
1.59692
1.84269
1.40134
1.24813
1.66953
1.57602
1.33875
2.01703
1.85302
1.20038
1.87428
1.40335
1.52804
1.61202
1.46247
1.44067
2.00563
1.66711
1.73581
2.01703
1.55953
1.88395
1.89139
1.48872
1.59563
1.5569
1.69077
1.77142
1.94804
1.02114
1.7464
1.68018
1.70948
1.38885
1.79015
1.50138
1.0401
1.42656
1.90835
1.32565
1.59382
1.71138
1.66095
1.83322
1.4456
1.12387
1.24771
1.42909
1.78468
1.664
1.69225
2.01703
1.96623
1.39897
1.6873
1.77913
1.71295
2.01703
1.31985
1.58524
1.581
1.62792
2.00373
1.34994
1.43352
1.28468
2.01703
1.56418
1.43224
1.69506
1.32482
1.49976
1.65331
1.91475
1.22345
1.7121
1.91512
1.74422
1.59178
1.80975
1.57842
1.70431
1.61819
1.54579
1.53551
1.37081
1.46537
1.3333
1.77848
1.2961
1.28486
1.30484
1.54343
1.57837
1.86499
1.60048
1.25907
1.78788
1.45175
1.61697
1.31987
1.75696
1.74557
1.71342
1.56171
1.25706
1.73118
1.73146
1.01144
1.59972
1.30119
1.52997
1.36762
1.9238
1.18923
1.45145
1.49522
1.68103
1.65184
1.33217
1.55979
1.49645
1.39205
2.01625
1.27616
1.34754
1.64417
1.35752
1.52652
1.42636
1.77079
1.69654
2.01703
1.57221
1.56692
1.71284
1.12301
1.86774
1.88007
1.43461
1.60581
1.58586
1.61758
1.66047
1.42853
1.73131
1.32647
1.11903
1.23358
1.57708
1.60261
1.99372
1.35643
1.10543
1.82107
1.43099
1.75518
1.48067
1.67527
1.5277
1.69854
1.5216
1.54665
1.74142
1.35646
1.5327
1.72828
1.91463
1.42767
1.89891
1.57876
1.60908
1.61594
1.66876
1.73517
1.88944
1.54303
1.28899
1.28002
1.60153
1.82603
1.48784
1.71768
1.45178
1.51834
1.45653
1.31471
1.84646
1.69696
1.88743
1.36138
1.52176
1.39313
1.35823
1.90457
1.76931
1.4552
2.01703
1.93767
1.58244
1.70064
1.4504
1.12825
2.01703
1.81668
1.46042
1.88844
1.85473
1.63621
1.54022
1.84417
1.97484
1.32774
1.90221
1.86922
1.74474
1.72369
1.34129
1.52282
1.89008
1.77559
1.58783
1.1312
1.56788
1.87675
1.5083
1.88043
1.71567
1.50018
1.27385
1.40907
1.41392
1.9368
1.11807
1.48085
1.37537
1.80743
1.47884
1.49898
1.8996
1.68062
1.73718
1.76248
1.62996
1.74598
1.72707
1.84734
1.76305
1.65345
1.38494
1.97479
1.59551
1.26614
1.77024
1.52614
1.55684
1.93412
2.01703
1.75975
1.89802
1.66046
2.01703
1.68757
1.71099
1.50558
1.80782
1.72358
1.33117
1.28104
1.79568
1.92
1.64804
1.17533
1.61557
1.31205
1.21712
1.71795
1.65808
1.91982
1.62883
1.93918
1.56937
1.84116
1.80067
1.96018
1.54387
1.9037
1.44891
1.64322
1.78438
1.38962
1.72836
1.35935
1.10263
1.5383
1.67963
1.32997
1.59214
1.71085
1.68523
1.58697
1.34576
1.89322
2.01466
1.7811
1.76885
1.28554
1.6539
1.06155
1.6927
1.3046
1.95627
1.63967
1.4032
1.33355
1.65705
1.16745
1.87755
2.01703
1.70737
1.55371
2.00029
2.01703
1.39898
1.85096
1.41937
1.87935
1.4816
2.01703
2.01189
1.92834
1.79378
1.94459
1.6694
1.6726
1.80009
1.66911
1.7876
1.37664
1.71854
1.9451
1.98
1.39373
1.67689
1.1876
1.40405
1.41823
1.6005
1.22985
1.92781
1.36456
2.01703
1.60883
1.5969
1.56534
1.99455
1.89743
1.5326
1.70558
1.85211
1.33175
2.01703
1.74238
1.53846
1.79477
1.32526
1.65391
1.34515
1.46971
1.59544
1.92953
1.70763
1.80759
1.487
1.73796
1.10307
1.98858
1.27841
1.56221
1.53805
1.67287
1.79454
1.28894
1.48194
1.59068
1.64984
1.64724
1.75597
1.40425
1.96628
1.67598
1.7244
1.15494
1.38124
1.78605
1.98433
1.84677
1.4623
1.89769
1.58504
1.42185
1.7682
1.69764
1.86698
1.9884
2.01703
1.21929
1.94189
1.33039
1.65894
1.72851
1.56283
2.01703
1.19538
1.30217
1.56612
1.51291
1.54782
1.5791
1.62927
1.52581
1.49582
1.51439
1.84823
1.07087
1.68757
1.61025
2.01703
1.6371
1.87215
1.65297
1.63641
1.66176
1.20639
1.80583
1.61856
1.32571
1.75713
1.65566
1.45745
1.30945
1.46848
1.33417
1.68539
1.98507
1.16323
1.7568
1.72093
1.75779
1.65101
1.61748
2.01703
1.31562
1.77906
1.73668
1.63501
1.3399
1.76081
1.12568
1.65563
1.86695
1.52775
1.42952
1.77185
1.68313
2.01703
1.27728
1.28386
1.75264
1.56512
1.35936
1.10554
1.50036
1.87881
1.65702
1.8797
1.83565
1.48444
1.98122
1.73218
2.01703
1.63699
1.27939
1.8598
1.44083
2.01703
1.8665
1.33976
1.79427
1.25824
1.22235
1.87097
1.37862
2.01703
1.94545
1.83511
1.87317
1.73196
1.59435
1.27501
1.48573
1.90984
1.6866
1.93366
1.84606
1.73547
1.67983
1.62153
1.50209
1.4406
1.14996
1.95025
2.01703
1.74354
1.8053
1.67368
1.79463
1.8043
2.01703
1.60597
1.88516
1.77241
1.50182
1.51338
1.49911
1.39918
1.68596
1.83818
1.34979
1.4328
1.1762
1.74502
1.93062
1.79948
1.44387
1.08218
1.89911
1.51425
1.34906
1.5788
1.28511
1.4715
2.01496
1.93323
1.70917
1.92644
1.98847
1.4996
1.85457
1.8755
1.81218
1.83509
1.5635
1.4477
1.39752
1.59281
1.69153
1.84892
1.70859
1.79209
1.54688
1.67983
1.58955
1.25169
1.84971
2.01703
1.9413
1.26351
1.37077
1.50019
1.66374
1.21971
1.34714
1.44202
1.05619
1.51479
2.01703
1.57302
1.85897
1.81404
1.60729
1.67215
1.87377
1.80085
1.36257
1.58329
1.94087
1.48959
1.66236
1.70929
1.74593
1.41868
0.947612
1.66944
1.6411
1.63226
1.98506
1.42087
1.38826
2.01703
1.05567
1.53229
1.40296
1.71827
0.870312
1.54483
1.8616
1.35953
1.87794
1.11555
1.87879
1.62252
2.01703
1.53952
2.01703
1.21009
1.88513
1.7977
1.89152
1.91005
1.98418
2.01703
2.01703
1.67298
1.63736
1.51287
1.70277
1.05694
1.42662
1.90585
1.55122
1.71865
1.72427
1.46495
1.28883
1.86958
1.54611
1.70911
1.99324
1.67304
1.46344
1.35325
1.47434
1.55584
1.30729
0.910114
1.48993
2.01703
1.27993
1.87294
1.95037
1.77617
1.57871
1.42178
1.54729
1.56248
1.75946
1.49124
1.20737
1.45471
1.71332
1.41153
1.29563
1.5714
1.23238
1.76985
1.57966
1.62625
1.74216
1.22252
2.01703
1.62399
1.63388
1.8793
1.58871
1.83314
1.27036
1.12406
1.91973
2.01703
1.42224
1.93902
1.82713
1.65553
1.46839
1.51928
1.16092
1.21733
1.53946
1.60644
1.62609
2.01703
0.991984
2.017
1.91661
1.7776
1.41792
1.95101
1.72649
1.59818
1.95079
1.30177
1.85538
1.72779
1.72418
1.25505
1.69238
1.74324
1.94079
1.80208
1.53051
1.99974
1.83176
1.53447
1.75143
1.52563
1.64134
1.46542
1.19651
1.64956
1.72728
1.2104
1.45566
1.49708
1.56149
1.95837
1.7216
1.68609
1.58317
1.69873
1.88769
1.60733
1.87787
1.8862
2.01703
1.69194
1.59878
1.40475
1.7221
1.91442
1.39068
1.44837
1.80839
1.85708
1.84394
1.50351
1.59636
1.14687
1.84685
1.91282
1.19728
1.43924
1.80675
1.66121
1.56739
1.58036
1.32966
1.67744
1.62112
1.36806
1.65178
1.59137
1.57126
1.32441
1.49293
1.68599
1.14644
1.41898
1.53934
1.74217
1.42208
1.60472
1.83639
1.52346
1.68717
1.58905
2.01703
1.74305
1.67247
1.61253
1.6051
1.9887
1.87762
1.40051
1.9527
1.48427
1.85235
1.61963
1.67071
1.3403
1.8951
1.98333
1.53866
1.41011
1.40878
1.52547
1.72111
1.34952
1.69028
1.65615
2.01703
1.29462
1.15076
1.61304
1.85603
1.3875
1.91794
1.75619
1.42082
1.95208
0.95163
1.90057
1.89448
1.76134
0.856633
1.299
1.41683
1.28844
1.69407
1.84319
1.3691
1.63623
1.59772
1.34817
1.73871
1.65663
1.37175
1.30659
1.85695
1.14531
1.89887
1.85774
2.01703
1.28178
1.82759
1.71082
1.74825
1.63066
1.75096
1.71302
1.16834
1.5401
1.55488
1.83195
1.70399
1.58091
1.62143
1.59307
1.7452
1.52084
1.71928
1.33015
1.72678
1.61605
1.62811
0.983126
1.85615
1.98467
1.80645
1.6117
1.40624
1.54249
1.91788
1.46945
1.38767
1.73728
2.01703
1.53679
1.81485
1.29465
1.60511
1.74918
1.44048
1.97731
1.56914
1.2826
1.66489
1.20898
1.82766
1.51534
1.89039
2.01703
1.75066
1.09373
1.81789
1.51151
1.32633
1.73637
1.22217
1.58138
1.72908
1.5795
1.53121
0.665703
1.53752
1.91492
1.51968
1.25705
1.57449
1.76437
1.81377
1.86904
1.75752
1.72148
1.64904
1.19347
1.75907
1.46381
1.44848
1.73774
2.01703
1.47343
1.70519
1.23607
1.38268
2.01703
1.55052
1.79225
1.83956
1.29714
1.43079
1.45288
1.84176
1.49517
1.6254
1.70963
1.73872
1.62013
1.62593
1.33654
1.3896
1.60223
1.2563
1.73017
1.96831
1.50569
1.83203
1.80515
1.82184
1.3958
1.16467
1.41785
1.46568
1.46278
1.76588
1.85001
1.89424
1.48097
1.43797
1.63276
1.55632
1.85607
1.31386
1.4161
1.31189
1.52315
1.51296
1.94789
1.38291
1.77301
1.54636
2.01703
1.72473
1.46668
1.53137
1.31863
1.8946
1.66195
2.01703
1.86811
1.96762
1.85573
1.95371
1.32823
1.57286
1.43147
1.48447
1.69048
1.77661
1.38964
1.45045
1.40243
1.51965
1.4538
1.49644
1.89905
1.59235
1.43607
1.39195
1.82331
1.78591
1.7433
1.5522
2.01703
1.67347
1.46496
1.15809
1.2334
1.75499
1.8162
1.20413
2.01703
1.78613
1.8923
1.86306
1.49904
1.7748
1.73275
1.62034
1.53929
1.69154
1.44396
1.6454
1.74743
1.49799
1.78585
1.50138
1.9802
2.01628
1.69247
1.48105
1.48389
1.41838
1.62389
1.75517
1.67937
1.87825
1.38354
1.86036
1.60479
1.80628
1.26057
1.6531
1.77951
1.67519
1.37756
1.89847
2.01703
1.25838
1.22869
1.54445
1.73373
2.01196
1.58236
1.48703
1.55956
1.78364
2.01703
1.56483
1.33504
1.49964
1.28774
1.89721
1.61788
1.42448
1.42635
1.53153
1.23641
1.83559
1.17958
1.26175
1.54704
1.82157
1.91404
2.01703
1.67001
1.78372
1.70702
1.46934
1.53785
1.0691
1.59932
1.3997
2.01703
1.7968
1.82407
1.70541
1.60619
1.37182
1.81742
1.91887
1.11841
1.5374
1.77122
1.44789
1.58802
1.41003
1.53108
1.83097
1.87878
1.89362
1.67087
1.5419
1.81376
1.51724
1.5297
1.84289
1.52313
1.4346
1.6478
2.01057
1.3302
1.36813
1.77454
1.43865
1.5774
1.57629
1.54947
1.28661
1.57514
1.60912
1.33071
1.38011
1.90404
1.13585
1.87143
1.67771
1.49925
1.26789
1.27264
1.59013
1.13054
1.7148
1.39089
1.49643
2.01703
1.25345
1.14781
1.37499
1.41038
1.53686
1.84968
1.18115
1.97078
1.44892
1.78022
1.80468
1.73798
1.24818
1.67495
1.32767
1.89251
1.5904
1.56656
1.53573
1.67736
1.72812
1.73315
1.40143
1.96326
1.69503
2.01703
2.01703
1.56745
1.44478
1.63221
1.12774
1.36673
1.73907
1.64051
1.74423
1.56969
1.65641
1.84303
1.69925
1.89032
1.95874
1.28114
1.80076
1.73115
1.64543
1.51123
1.54037
1.79011
1.71524
1.53373
1.6419
1.97984
1.68625
1.73931
1.25227
1.56451
1.58786
2.01703
1.67723
2.01703
1.25915
1.63198
1.39022
1.46418
1.65413
1.54468
1.5118
1.80518
1.37849
1.75714
1.67327
2.01703
1.30538
1.19343
1.81424
1.54504
1.26194
2.01703
1.79214
1.91758
1.5454
2.01703
1.5656
2.01703
1.68835
0.882936
1.5423
1.69633
2.01703
1.95773
1.00527
1.79926
1.99422
1.54189
1.34281
1.75946
2.01703
2.01703
1.44869
1.53949
1.89996
1.47836
1.31457
1.28567
1.3167
1.6449
1.7052
0.941745
1.7811
1.34767
1.55791
1.27291
1.40772
2.01703
1.51257
2.01703
1.62434
1.6657
2.01703
2.01703
1.84013
1.29907
1.71797
1.44785
1.40606
1.50915
1.81331
1.38363
1.59326
1.93853
1.9464
1.34872
1.4317
1.74491
1.47675
1.5513
1.28374
1.35033
1.32254
1.87778
1.71303
1.74304
1.77301
1.2709
1.4934
1.54689
1.54762
1.21419
1.74751
1.20302
1.54011
1.73216
1.80629
2.01703
2.01703
1.70164
1.46882
2.01703
2.01703
1.6776
2.01703
1.79729
1.81777
1.55824
1.71816
1.52491
1.80812
1.05933
1.75903
1.77805
1.57269
1.3378
1.33071
1.92712
1.51204
1.59469
1.29064
1.95306
1.36556
2.01703
1.81341
1.45425
1.20254
1.81814
1.4895
1.63807
1.45302
1.95969
1.56045
1.51557
1.46921
1.64282
1.48728
2.01419
1.06837
1.51475
1.09681
1.41475
1.80571
1.56173
1.67501
1.35079
1.63322
1.61856
1.48362
1.52753
1.45838
2.01703
1.39485
1.25789
1.45719
1.79098
1.07225
1.37936
1.38966
1.72976
1.25726
1.61194
1.92305
1.54381
1.47699
1.13821
1.70155
1.7256
2.01703
2.01703
0.909276
1.89904
1.6174
1.41494
1.59967
1.38027
1.8461
1.46088
1.37484
1.99013
2.01703
1.7167
1.23015
1.71052
1.36071
1.32353
2.01703
1.22493
1.5015
1.60692
1.78041
1.80825
1.72211
1.39024
1.70348
1.80706
1.80444
2.01703
1.59987
1.41428
1.29518
1.95646
1.9113
1.78692
1.72156
1.49961
1.84247
1.81667
1.86306
1.86138
1.72457
1.65203
1.4914
1.50599
1.90707
1.54093
1.96911
1.85595
1.5533
1.40796
1.42395
1.57745
1.63037
2.01703
1.61643
1.43539
1.84285
1.92544
1.50145
1.69047
1.75678
1.68738
1.39869
1.3927
1.61035
1.34208
1.42075
2.01268
1.63915
1.27275
1.34732
2.01703
1.41565
1.61181
1.68397
1.6644
1.9763
1.29296
1.95754
1.5308
1.65456
1.29894
1.90658
1.85525
1.60066
1.25148
1.1764
1.84075
1.92471
1.25331
1.35408
1.50309
1.64982
2.01703
1.56135
1.7504
1.38129
1.54835
1.63649
1.75344
1.62657
1.43776
1.31779
1.43874
1.73125
1.3525
1.82344
1.74901
1.47507
1.18453
1.31779
1.63523
1.53614
1.99805
1.63044
1.96252
1.27992
1.70647
1.65091
1.59708
1.22124
1.37645
1.64555
1.48495
1.535
1.69274
2.01703
1.79067
2.01703
1.49069
1.09514
1.77228
1.05373
1.57682
1.9303
2.01703
1.45207
1.80646
2.01703
1.99096
1.18277
1.35144
0.953489
1.63073
1.60735
1.60515
2.01703
1.51349
1.64564
1.90234
1.66489
1.46599
1.15566
1.2807
1.23869
1.55392
1.72549
1.6431
1.74672
1.73384
1.56369
1.81026
1.62211
1.40081
1.76132
1.34429
1.30627
1.73665
1.40108
1.57341
1.4231
1.62754
1.49306
1.44002
1.87761
1.68269
1.96888
1.28694
1.47476
1.53955
1.57761
1.47165
1.57582
1.08127
1.52058
2.01703
1.84518
1.18971
1.81486
1.4996
1.73404
1.89536
1.67082
1.06263
1.09165
1.49185
1.79268
1.81127
1.09056
1.62445
1.4342
1.07218
1.58064
1.64978
1.39867
1.63986
1.60582
1.05314
1.50359
1.99352
1.43092
1.71734
1.64161
1.8105
1.51755
1.88896
1.33713
1.72414
1.60584
1.64805
1.79962
1.43355
1.8263
2.01703
1.57034
1.64113
1.62898
1.56474
1.08887
1.64243
1.74016
1.91296
1.36723
1.71265
1.52703
1.4821
1.67495
1.6303
1.82363
1.93782
1.67383
1.55556
1.52595
1.41922
1.72574
1.31287
1.76577
1.54081
1.85366
1.35738
1.8991
1.85194
1.59096
1.27369
1.88152
1.78436
1.75054
1.7416
1.30011
1.70425
1.4252
1.78879
1.37115
1.90037
2.01703
1.44608
1.3923
1.61659
1.23055
1.71716
1.71398
1.49074
2.01703
1.73762
1.82529
1.54578
1.75816
1.4701
1.92578
1.56746
1.59183
1.73351
1.60769
1.6428
1.35159
1.24827
1.56283
1.95121
1.42583
1.82795
1.92627
1.80662
1.76505
1.54208
2.01703
1.35949
1.46397
1.84009
1.43183
1.62219
1.30306
1.40528
1.70972
2.01703
1.90169
1.10626
1.77515
0.970258
1.36797
1.64607
1.04353
1.89164
1.69949
1.49517
1.53532
2.01703
1.6636
1.80461
1.76347
1.71036
1.38187
1.45076
1.56357
1.55945
1.86581
1.41231
1.98598
1.37626
1.91217
1.87023
1.20761
1.26735
1.35629
1.42777
1.81861
1.75059
1.51349
1.27642
1.36244
1.25257
1.78863
1.62824
1.57572
1.46804
1.49711
1.94382
1.54438
1.77189
1.3851
1.55533
1.86272
1.89997
1.69782
1.53638
1.9072
1.64474
1.61328
1.45535
1.59219
1.8222
0.872209
1.49302
1.61588
1.76054
1.47892
1.79846
1.10825
2.01703
1.89403
1.18022
1.53509
1.49237
1.61844
1.34749
1.78128
1.77354
1.85808
1.31258
1.93124
1.92726
1.52771
1.8278
1.61287
1.44099
1.44891
1.69281
2.01703
1.96249
1.83373
2.01703
1.87543
1.97471
2.01703
1.67458
1.72926
1.71561
1.71871
1.47363
1.1783
1.79092
1.88472
1.78374
1.78457
1.75125
1.81857
1.34375
1.7711
1.82206
1.41239
2.01703
1.78023
1.83113
1.50314
1.46907
1.49758
1.06823
1.61105
1.59264
1.82289
1.58692
1.60281
1.69744
1.56787
1.82926
2.01703
1.64501
1.37344
1.32257
1.47857
1.82453
1.90331
1.44103
1.75593
1.54957
1.64314
1.42919
1.73311
1.68806
1.3522
1.8364
1.6074
1.66663
1.44495
1.42932
1.45491
1.7003
1.5838
1.99713
1.57766
1.18373
1.53302
1.82098
1.21774
1.22628
1.65473
1.71578
1.80861
1.78268
1.60912
1.5333
1.43405
1.27225
1.21003
1.38934
2.01703
1.64905
1.63321
1.36758
1.84799
1.49266
1.8909
1.15766
1.60768
1.63428
1.13929
1.30016
1.73259
1.72072
1.57626
1.11513
1.5366
1.52257
1.20891
1.43101
1.80753
1.25199
1.76615
1.53332
1.69047
1.75975
1.39643
1.70923
1.57516
1.90911
1.38993
1.6751
1.07472
1.59591
1.39425
1.48129
1.84335
1.85612
1.309
1.14353
1.53589
1.84286
2.00831
1.37694
1.79973
1.29129
1.6332
1.35269
1.35037
1.51085
1.48513
1.61451
1.73203
1.85933
1.45149
1.898
1.67428
1.80798
1.80534
1.60483
1.34587
1.97328
1.74001
1.54774
1.75691
1.65359
1.60073
1.40218
1.69591
1.57067
1.21198
1.52578
1.75665
1.38261
1.50013
1.55532
1.9937
1.83133
1.43149
1.87011
2.01703
2.01703
1.68138
1.1277
1.86918
1.6133
1.34453
1.66868
1.50937
1.58603
1.39239
1.40464
2.01703
1.23877
1.98441
1.38319
1.57972
1.0352
1.30617
2.01703
1.65647
1.34751
1.59061
1.16263
1.40904
1.64606
1.61909
1.53714
1.62593
1.5869
1.64901
1.42069
1.33273
1.2595
1.52277
2.01703
1.72254
1.70786
1.99186
1.99088
1.87314
1.59019
1.87756
1.14536
1.94458
1.83247
1.61902
1.62017
1.57817
1.96067
1.53126
1.43403
1.80983
1.31303
1.66757
1.70722
1.6709
1.68738
0.93838
1.73585
1.33011
1.83649
1.55597
2.01703
1.5159
1.66617
1.64307
1.6988
1.9339
1.44986
1.36833
1.42145
1.4252
1.63126
2.01703
1.60129
1.34631
1.73009
1.82653
1.70434
1.96263
1.68315
1.8522
2.01703
1.44322
1.58855
1.00969
1.20035
1.46232
1.6435
2.01703
1.78834
1.177
1.41148
1.81718
1.24222
1.79201
1.51998
1.50286
1.52896
1.69526
1.46658
1.72267
1.95484
1.45934
1.90867
1.65266
1.73145
1.87433
1.61102
1.97314
1.50153
1.66213
1.66467
1.59754
1.38501
1.43712
1.57783
1.72206
1.45914
1.52333
1.82347
1.35417
1.61857
1.72146
1.87509
1.37149
1.24823
1.5112
1.42207
1.95545
1.83417
1.59671
2.01703
1.5444
1.31572
1.26131
1.41417
1.45852
1.64666
1.62482
1.11956
1.77862
1.57186
1.61797
2.01703
1.40502
1.29984
1.76402
1.76708
1.84259
1.67212
1.88039
1.92098
1.6837
1.69539
1.30571
1.2494
1.78193
1.53617
1.88655
1.9222
1.30977
1.52087
1.48259
1.6181
1.65842
1.38908
1.99473
2.00388
1.75455
2.01703
1.68082
1.60336
1.79973
1.55353
1.9829
1.5773
1.80171
1.58879
1.75565
1.77929
1.49628
1.65422
1.72488
1.60261
2.0078
1.78691
1.54057
1.80126
1.8244
1.55738
1.68506
2.01703
1.97771
1.75128
1.76225
1.50689
1.39365
1.68269
1.22424
1.37915
1.89798
1.65917
2.01703
2.01703
2.01703
1.42285
1.8521
1.72923
1.55568
1.74572
1.72265
1.52563
1.31138
1.63365
1.25095
1.39431
2.01703
1.42576
1.50316
1.27241
2.01703
1.40094
1.89646
1.26853
1.91292
1.53808
1.47617
1.28299
2.00161
1.73139
1.08057
1.47261
1.7821
2.00596
1.30536
1.45163
1.43888
1.2982
1.08502
2.01703
1.65859
2.00997
1.61549
1.32295
1.40948
1.71241
1.99918
1.37046
1.41892
1.59232
1.38947
1.87953
1.91626
2.01703
1.97434
1.74412
1.7807
1.08995
2.01703
1.19334
1.27924
1.83376
1.41168
1.37615
1.09496
2.01703
1.68227
1.40281
1.63225
1.44156
1.89327
1.88419
1.52449
1.71504
1.71704
1.76199
1.54933
1.7012
1.57286
1.83455
1.36831
1.68019
1.99408
1.29698
1.70127
1.01369
1.92082
1.63208
2.01703
1.63871
0.845981
1.26448
2.01703
1.52432
2.01703
1.48362
1.64195
1.97333
2.01703
1.38744
1.95258
1.7732
1.56585
1.75404
1.3676
1.91644
1.57936
1.69582
1.64283
1.40608
1.30695
1.87751
1.67833
2.01703
1.70324
1.88613
1.75339
1.67447
1.37248
1.7473
1.6696
1.39179
1.42648
1.76724
1.58718
1.51887
1.52311
1.64966
1.29041
1.63646
1.5602
1.48657
1.54163
1.78817
1.32357
1.92452
1.65132
1.56199
1.53931
1.76039
1.22954
1.9694
1.05799
1.64622
1.51671
1.65824
1.18076
1.32092
1.2975
1.69881
1.63943
1.71211
1.47573
1.82793
1.70503
1.64187
1.54317
1.35778
1.53205
1.78868
1.83423
1.64278
1.23471
1.90484
1.7852
1.79598
1.67461
1.4685
1.6493
1.85105
1.68174
1.63173
1.65156
1.69885
1.83016
1.52258
1.58039
1.31289
1.27989
1.54392
1.82022
1.88065
1.51712
2.01703
2.01703
1.58983
1.10304
1.38006
1.87746
1.60107
1.65204
1.96034
1.74522
1.5645
1.58463
1.82216
1.7258
1.97829
1.73807
1.58894
1.68734
1.52836
1.15467
1.98933
1.77851
1.57705
1.4407
2.01703
1.6659
1.43965
1.32592
1.74442
1.66797
1.372
2.01703
1.61368
2.01703
1.78269
2.01703
1.97993
1.52659
1.4383
1.64846
1.6318
1.71535
1.66281
1.84817
1.80605
1.80155
1.86555
1.07429
1.9218
1.7469
1.79356
1.58539
1.60863
1.71786
1.43749
1.81696
1.95722
1.6444
1.78761
1.74406
1.37466
1.71041
1.6105
1.39549
2.00581
1.66192
1.34388
1.80495
1.28689
1.7596
1.57925
1.82218
1.86229
1.82356
1.51483
1.78386
1.40082
1.75797
1.61328
1.33351
1.49909
1.79265
2.01703
1.22426
2.01703
1.96287
1.66984
1.7824
1.90218
1.99301
1.46662
1.69297
1.46993
1.51109
1.77587
1.48084
1.20386
1.47491
1.45229
1.97751
1.8474
1.28638
1.75774
1.8597
2.01703
1.37957
1.66602
1.73845
1.50688
1.43924
1.60077
1.83666
1.68851
1.60257
1.63153
1.06564
1.24191
1.77952
1.81082
1.7148
1.52927
1.3512
1.89608
2.01703
1.37917
1.93205
1.94473
1.93211
1.80412
1.22174
1.41014
1.65453
1.66795
1.44316
1.68931
1.9782
1.70203
1.56233
1.63489
1.19202
1.50855
1.61816
1.71412
1.28587
1.64759
1.55175
1.84289
2.00583
1.57592
1.5984
1.28704
1.71878
1.20972
1.37879
1.67421
1.49309
1.76132
1.84417
1.4592
1.87694
1.31918
1.69084
1.44601
1.69926
1.70298
1.60644
1.69164
1.73306
1.90553
2.00119
1.68699
1.10939
1.91884
1.54476
1.51263
2.01703
1.45354
1.41985
1.36462
1.54895
1.57939
1.74128
1.75274
1.62635
1.83043
1.4409
1.58193
1.62321
1.43091
1.4665
1.50325
1.65374
1.97464
1.33315
1.73465
1.18544
1.73419
1.55296
1.90759
1.89797
1.79586
1.60606
1.69152
1.39716
2.01703
1.8881
1.47372
1.85825
1.42578
1.25723
1.62561
1.94333
1.54655
1.60805
1.37122
1.8745
1.79267
1.08999
1.81604
1.85863
1.74547
1.44677
1.77233
1.84643
1.9624
1.53206
1.81711
1.52111
1.62598
1.36601
1.68068
1.59593
1.97531
1.59978
1.47861
1.68995
1.5646
1.43436
1.50758
1.54917
1.67938
1.71866
1.49225
1.03537
1.88646
1.37473
1.89846
1.86939
1.30124
2.01703
1.78178
1.38687
1.73377
1.45659
1.60259
1.74175
1.89422
1.94824
1.59263
1.71506
1.96487
1.95072
1.77027
1.79631
2.01703
1.41244
1.63991
1.65499
1.39853
1.53802
1.50472
0.738682
2.01703
1.42327
1.32258
2.01703
1.72909
1.85946
1.76628
1.70806
1.76
1.61462
1.71215
1.51143
1.60349
1.61137
1.63344
2.00617
1.74989
1.31881
1.40704
1.76044
1.78558
1.97058
1.57906
1.69037
1.54377
1.28157
1.45609
1.21629
1.71995
1.5765
1.38831
1.97144
1.69382
1.7575
1.38388
1.66572
1.79558
1.61763
1.40053
1.42003
1.97863
1.86533
1.40585
1.76627
1.04936
1.73906
1.72561
1.47918
1.72357
1.81599
1.54106
1.09357
1.91743
1.59157
1.58046
1.46375
1.66608
1.6219
1.98701
1.47473
1.36996
1.49596
1.80939
1.66382
2.01703
2.01703
1.17675
0.809976
1.9743
1.98447
1.42299
1.75485
1.63983
1.44453
1.36761
1.594
1.30065
1.61474
1.43955
1.52909
2.01703
1.81328
1.85479
1.49353
1.5111
0.895767
1.78272
1.92021
1.9223
1.73963
1.35748
2.01703
1.64546
1.42452
1.64963
1.53612
1.52673
1.80823
1.63026
1.89207
1.65053
1.87426
2.01703
1.45216
1.61938
1.14011
1.57137
1.60329
1.41646
1.616
1.53081
1.25607
1.5406
1.46012
1.59239
1.60433
1.80183
1.84089
1.33936
1.2971
1.45233
1.43396
1.71743
1.71152
2.01703
1.60362
1.61961
1.9745
1.76578
1.79073
1.38458
1.65431
1.51248
1.24074
1.38693
1.5521
1.4088
1.83826
1.52355
1.50471
1.92629
1.6436
1.22126
1.09748
1.15053
1.74169
1.28974
1.72005
1.3872
1.37516
1.39263
1.8589
1.60885
1.37776
1.42067
1.83679
1.41019
1.22171
1.89464
1.5641
1.58324
1.68282
1.44268
1.25946
1.36854
2.00811
1.52683
1.62417
1.62591
1.5731
1.32438
1.77236
1.58507
0.72849
1.88644
2.01703
1.7757
1.87872
1.39967
1.82137
1.43495
2.01703
1.58351
1.69958
1.63882
1.66294
1.29009
2.01703
1.47964
1.82824
1.22174
1.8
1.41278
1.30522
1.68386
1.19973
1.65039
1.60241
1.37429
1.65467
1.6439
1.87121
1.73285
2.01703
1.60978
1.6843
1.51624
1.35961
1.42375
1.25013
1.96852
1.80182
1.83925
1.53331
1.49344
1.15021
1.59496
1.66143
1.4084
1.80277
1.82513
1.78019
1.71024
1.22937
1.21861
1.79412
1.41828
1.09388
1.71125
1.35024
1.52995
1.477
1.69836
1.47107
1.55743
1.59129
1.81323
1.23611
1.61906
1.59012
1.96051
1.50369
1.26667
1.63617
2.01703
1.72205
1.59371
1.51788
1.16965
1.71795
1.73526
2.01703
1.43478
1.23147
1.70403
1.59971
1.86938
1.92063
1.71819
1.61419
1.41462
1.9146
2.01703
1.50322
1.5869
1.69942
1.92757
1.39252
1.72111
1.37303
1.78167
1.10456
1.68466
1.52888
1.46439
1.67719
1.65973
1.68279
1.78307
1.7864
1.4393
1.63698
1.87918
1.92086
1.60638
1.9977
1.53157
1.31545
1.27427
1.73548
1.35829
1.91633
1.41891
1.47244
1.89107
1.89347
1.62283
1.52599
1.45571
1.85321
1.65247
1.23553
1.39194
1.58147
1.53974
1.79329
1.19035
1.80266
1.36345
1.9988
1.49306
1.71111
1.85222
1.5484
1.54596
1.70482
1.10789
1.75975
1.62627
1.34821
1.49538
1.24449
1.68034
1.78551
1.68262
1.4373
1.60188
1.75165
1.42564
1.58237
1.49618
1.21596
1.61108
1.36456
1.72993
1.57103
1.53466
1.42441
1.98697
1.36786
1.54946
1.34771
1.21192
1.70748
1.56241
1.4539
1.46144
1.73647
1.74823
1.60503
1.3098
1.41889
1.83517
1.60485
1.33914
1.41793
1.96121
1.53822
1.49501
1.83409
1.64419
1.66613
2.00961
1.61539
1.67808
1.61167
1.14507
1.64486
1.42313
1.21253
1.34096
1.87873
1.37517
1.80322
1.32761
1.97458
1.36945
1.79232
1.36181
1.48001
1.68701
1.57281
1.40285
1.88681
1.6636
1.5673
1.61756
1.60501
1.83473
2.01703
1.48535
1.46923
1.33835
1.2311
1.72703
1.68716
1.54782
1.58356
1.2838
1.55287
1.1873
1.91725
1.60092
1.71161
1.82472
1.75718
1.68811
1.58743
2.01703
1.5324
1.86188
1.90543
1.47464
2.01703
1.99178
1.44651
1.65849
1.96679
1.84856
1.88377
1.90711
1.70413
2.00162
1.91106
1.72337
1.91245
1.35226
1.54696
1.52209
1.63498
1.51519
1.86555
1.77588
1.30362
1.49681
1.67292
1.52867
1.34363
2.01703
1.42012
1.75883
1.73982
1.42739
1.15762
1.95471
1.10683
1.44225
1.54659
1.61453
1.83293
1.27169
1.83083
1.21872
1.36249
1.51368
1.65859
1.80335
1.71133
1.40155
1.73043
1.37918
1.68758
1.5661
1.79618
1.84352
1.09641
2.01703
1.95252
2.01703
1.50197
1.60822
1.96426
2.01703
1.96355
1.31562
1.29301
1.44951
1.88123
1.96034
2.01703
1.70757
1.33565
1.35669
2.01703
1.61744
2.01703
1.76585
1.82608
1.53458
1.59586
1.59558
1.53526
1.63855
1.54111
1.59934
1.49694
1.94968
1.46012
1.9098
1.65863
1.78081
1.85611
1.89507
1.45436
1.51397
1.43231
1.62684
1.77882
2.01703
1.75499
0.998841
1.24574
1.79021
1.82745
1.47729
1.96461
1.54575
1.98013
1.13562
1.72388
1.9581
1.42238
1.47441
1.18885
1.68165
1.63829
1.79259
1.62987
1.53085
1.49674
1.29877
1.59331
1.79798
1.68215
1.78939
1.4957
1.27135
1.93126
1.82438
1.65495
1.72508
1.75115
1.72372
2.01703
1.65919
1.39591
2.01703
1.79741
1.62118
1.35977
1.53601
1.64785
1.34506
1.38719
1.71472
1.81927
1.8726
1.85686
1.30873
1.64785
1.41965
1.35915
1.27525
1.40788
1.65477
1.82588
1.82627
1.93424
1.71609
1.6499
1.83412
1.58733
1.56622
2.01703
1.4189
1.344
1.1673
1.88946
1.61831
1.60102
2.01703
1.89307
1.56284
1.80306
1.3779
1.43801
1.48947
1.59125
1.31256
1.64682
1.19541
1.37464
0.971726
1.58021
1.71572
1.21444
1.7322
1.23078
1.68092
1.37448
1.55653
1.97963
1.22908
1.58646
1.59757
1.97506
1.79554
1.58044
2.01703
1.26094
1.81394
1.75593
2.01567
1.72205
1.81579
1.83467
1.68655
1.78938
1.66142
1.15776
1.3137
1.38162
1.54822
1.80421
1.57991
1.42267
2.01703
1.98044
1.58738
1.60862
1.77038
1.79776
1.62073
1.70107
1.50881
1.12894
1.77952
1.12725
1.51525
1.75552
1.74687
1.77687
1.74264
1.68492
1.05687
1.74613
1.65913
1.87533
1.45395
1.72376
1.87715
1.15318
1.85707
1.43965
1.46166
1.71945
1.37246
1.63436
1.36781
1.50558
1.28798
1.74034
1.50098
1.54981
1.2666
1.73457
1.86344
1.85859
1.78008
1.50935
1.62029
1.96625
1.66694
1.27097
1.34259
1.5825
1.49736
1.28456
1.9443
1.61001
1.94012
1.22888
1.70664
1.19675
1.72763
1.44078
1.84318
1.34282
1.72021
2.01703
1.22982
1.37234
1.17247
1.79053
1.9077
1.84016
1.43594
1.30758
1.92456
1.82687
1.38303
1.8693
1.61745
1.26054
1.16966
1.72126
1.18433
1.67464
1.95471
1.54616
1.43909
1.96649
1.71211
1.19799
1.89443
2.01703
1.4486
2.01703
1.43302
1.6428
1.07704
1.36414
1.60802
1.69701
1.49379
2.00226
1.13699
1.35912
1.90586
1.36892
1.64123
2.01703
1.96858
1.4801
1.79969
1.31305
1.4019
1.70302
1.49403
1.72971
1.44144
1.79324
1.73725
1.83107
1.24803
1.46247
1.82422
1.51196
1.69702
1.75386
1.82065
1.49761
1.33454
1.45855
1.5537
1.56805
1.45587
1.92042
1.37919
1.48008
1.5703
2.01703
1.98355
1.37781
1.68962
1.52803
1.47903
1.26586
1.65224
1.89726
1.57862
2.01703
1.71125
1.87906
1.47088
1.43412
1.85208
1.96284
1.73002
1.79489
1.61231
1.58853
1.79125
1.93552
1.82766
1.39391
1.74103
2.01703
1.45287
1.92501
1.79408
1.22363
1.51204
1.5524
1.86905
1.97569
1.94753
1.76521
1.8389
1.82487
1.48151
1.6476
1.53925
1.61417
1.90623
1.74316
1.23084
2.01703
1.6838
1.8242
1.81037
1.44937
1.43138
1.58946
1.28631
1.37044
1.85452
1.98905
1.55784
1.61054
0.973991
1.69149
1.50635
1.29902
1.39845
1.89886
1.29282
1.2795
1.84071
1.4366
1.7747
1.77276
1.77288
1.93028
1.50956
1.66609
1.53625
1.77709
2.01703
2.01703
2.01703
1.37123
1.60531
1.36664
1.43806
1.96843
2.01703
1.62348
1.96137
1.77193
2.00781
1.87992
1.50844
1.40706
1.71607
1.67683
1.38635
1.78885
1.41173
1.75862
1.28313
1.49826
1.56036
1.60694
1.38837
1.8234
1.90638
1.38714
1.83588
1.58229
1.22652
1.98
1.62079
1.69935
1.91681
2.01703
1.87512
1.54607
1.67898
1.4481
1.55182
2.01703
1.63432
1.37348
1.79234
1.75219
1.53746
1.4623
1.34905
1.95253
1.96796
1.70061
1.29989
1.64551
1.56069
1.47609
1.5347
1.38737
1.42406
1.58624
1.83357
1.71775
1.13473
1.58817
1.67404
1.54398
1.84711
1.78708
1.81481
1.08347
1.94112
1.64395
1.99183
1.52797
1.47867
1.63722
1.52309
1.61472
1.4241
1.36387
1.29592
1.67239
1.6008
1.22271
1.42048
1.46794
1.61455
1.57022
1.45762
2.01703
1.27313
1.42671
1.93515
1.93839
1.1016
1.425
1.78459
1.56876
1.91624
1.86171
1.38808
1.93688
1.63793
1.67319
2.01703
1.6018
1.51194
1.84009
1.71058
1.78393
1.56158
1.93274
1.12689
2.01417
1.59583
1.58734
0.835524
1.35588
1.41472
1.46614
1.54212
1.29531
1.67895
1.33584
2.01703
1.63977
1.56414
1.2756
1.85831
1.75938
1.35139
1.32826
1.74046
1.45257
1.84301
1.3229
2.01703
1.73286
1.69586
1.34296
1.68186
1.44978
1.4498
1.63039
1.80579
1.54795
1.52646
1.29644
2.01703
1.54376
1.79409
1.72369
1.54489
1.57478
1.42683
1.76493
1.95919
1.36299
2.01703
1.55516
1.4628
1.72887
1.65718
1.56153
1.18195
1.68607
2.01703
1.42971
1.80777
1.61787
1.65319
1.51533
1.87182
1.60632
1.57788
1.67011
1.6649
1.62281
1.42935
1.46827
1.2212
1.53442
1.81034
2.01703
1.87692
1.51164
1.61375
1.77998
1.67021
1.76374
1.60178
1.69882
1.48988
1.09002
1.67402
1.83403
1.17347
1.67732
1.42862
1.92878
2.01703
1.74491
1.78199
1.98635
1.77231
1.95224
1.48442
1.83993
1.23204
1.94183
1.50571
1.57397
1.19266
1.82639
1.21508
1.76575
1.70863
1.67148
1.72474
1.31341
1.39706
1.8008
1.31294
1.69708
2.01703
1.95323
1.54954
1.63952
1.57995
1.91056
1.75083
1.47614
1.49335
1.95395
1.82319
1.56039
1.47226
1.43936
1.98409
2.01703
1.54917
1.81203
1.87974
1.59042
1.39353
1.56148
1.87027
1.80446
1.48797
1.64038
1.86961
1.47372
2.01703
2.01703
1.81245
1.77287
1.87872
2.01703
1.54891
1.66238
1.17664
1.47531
1.34098
0.924817
1.43787
1.6316
1.64874
1.80583
1.70298
1.18196
1.67502
1.51567
1.77644
1.38071
1.4178
1.63377
1.23804
1.12455
1.66381
1.33043
1.75969
1.68385
1.12547
1.53216
1.47375
1.68364
1.56832
1.59119
1.2581
1.54784
1.35944
1.46983
1.40628
1.8736
1.71713
1.58001
1.7247
1.72926
1.43322
1.35152
0.912119
1.80971
1.75092
1.23994
1.76018
1.63236
1.63131
1.60107
1.26751
1.31379
1.65014
1.40751
1.83355
1.21189
1.88244
1.85798
1.61315
1.60822
1.89769
1.93037
1.17134
1.60606
1.66786
1.85846
1.60347
1.77345
1.4694
2.01703
1.58816
2.01703
1.64964
1.60375
1.81756
1.95583
1.56016
1.70219
1.46241
1.18524
1.58761
1.82104
1.6312
2.01703
1.99419
1.54704
1.55662
1.80134
1.40632
1.7984
1.87369
1.53803
1.62113
1.48608
1.54004
1.58513
2.01703
1.93094
1.81651
1.74007
1.92109
1.25033
1.64846
1.63526
1.39851
1.62703
1.9506
1.68628
1.82096
1.52395
1.38275
1.38907
1.79753
1.33848
1.14186
1.85268
1.6972
1.51125
2.01703
1.8888
1.51449
1.60762
1.50571
1.55331
1.43675
1.4584
1.27717
1.6432
1.87364
1.29518
1.77568
1.0053
1.72374
1.64116
1.89328
1.8705
1.51584
1.88948
1.95231
1.74069
1.02513
1.10268
1.60457
1.7456
1.9052
1.01718
1.55385
1.87948
1.47726
1.582
1.81151
1.48153
1.76106
1.62618
1.22601
1.87321
1.82905
1.74706
1.48096
1.43801
1.68007
1.54123
1.843
1.55714
1.62027
1.54957
1.76887
1.83524
1.69682
1.4922
1.39632
1.62438
1.57119
1.74582
2.01703
1.78458
1.44368
1.42069
1.40145
1.8193
1.65484
1.65813
1.35703
1.26352
1.27708
1.5796
1.87433
1.11792
1.65538
1.94851
1.664
1.93222
1.51554
1.45446
1.51562
1.36397
1.93505
1.54369
1.9778
2.01703
1.30208
2.01703
1.74345
1.3912
1.83072
1.58191
1.40584
2.00735
1.7621
1.14334
1.6703
1.48673
1.49622
1.69204
1.64531
1.92622
1.47188
1.54822
1.48499
1.41844
1.79771
1.47013
1.71268
1.61217
1.34065
1.99886
1.43867
1.67087
2.01703
1.41417
1.69832
1.28758
1.14963
1.29011
1.53868
1.66679
1.34903
1.82866
1.36466
1.67966
1.29471
1.24476
1.56739
1.57902
2.01703
1.54638
1.72358
1.19547
1.88532
1.62765
1.29614
2.01703
1.38069
1.32641
1.6409
1.55697
1.38118
1.62516
1.30496
1.24151
1.04938
1.57635
1.65987
1.94138
1.38032
1.74065
1.33177
1.79522
1.85976
1.52352
1.29563
1.76254
1.65435
1.71631
1.44449
1.38026
1.14983
1.66952
1.7036
1.39595
1.56794
1.61494
1.73325
1.93675
0.809186
1.85715
1.43179
1.49873
1.3576
1.89392
1.98368
1.49768
1.1309
1.57234
1.13532
1.2995
1.42864
1.87356
1.77127
1.83781
1.22471
1.68835
1.82982
1.42717
1.82465
1.13227
1.36592
1.83675
1.28491
1.20764
1.81431
1.30028
1.70307
1.30463
1.43726
1.54754
1.34932
1.73903
1.93299
1.3179
1.44176
1.71262
1.35109
1.72083
1.66117
1.57411
1.91733
1.38657
1.44912
1.39742
1.57247
1.78773
1.89069
1.62159
1.83159
1.54235
1.30674
1.65213
1.67088
1.5255
1.69618
1.60843
2.01703
1.47865
1.19523
1.64544
1.51283
1.61551
1.41495
1.48136
1.37537
1.60592
1.57082
1.64709
1.24792
1.32046
1.58678
1.27207
1.49797
1.70824
1.63645
1.68445
1.68329
1.56528
1.76799
1.78568
1.45651
1.42196
1.58167
1.67609
1.56903
1.80601
1.81092
1.40767
1.92321
1.80057
1.65385
1.55188
1.56025
1.74754
1.62247
1.94228
1.87557
1.71633
1.47018
2.01703
1.74834
1.48535
1.61637
1.24687
1.85005
1.99737
1.18001
1.53684
1.61888
1.34705
1.66862
1.56641
1.39978
1.26846
1.25735
1.86764
1.66229
1.69736
1.53783
1.73749
1.75656
1.56593
1.93658
1.8269
1.70356
1.34179
2.01703
1.27014
1.67158
1.92415
1.79615
1.61096
1.44094
1.37257
1.59473
1.32213
1.71218
1.89269
1.46481
1.56514
1.52338
1.59906
1.67928
1.17066
1.67272
1.7227
2.01703
1.78931
1.72358
1.63103
1.55851
1.79016
1.71321
1.32081
1.37122
1.31465
1.35452
1.90655
1.75403
1.24457
1.24009
1.78009
1.4439
1.72157
1.67178
1.3343
1.80681
1.12369
1.87885
1.72667
1.70267
1.46935
1.96756
1.60961
1.36243
1.45625
1.61067
1.75655
1.94375
1.42231
2.01703
2.00034
1.32114
1.15707
1.64083
2.01703
1.38432
1.25612
1.96617
1.65107
1.21575
1.53563
1.6218
1.4664
1.19505
1.44625
2.0007
1.35304
1.84068
1.58517
1.40914
1.70871
1.73991
1.60449
1.82276
1.31361
1.77443
1.10125
1.22743
1.40461
1.80641
1.30425
1.61751
1.68707
1.86256
1.38405
1.42841
1.45481
1.72294
1.59098
1.34441
1.66157
1.18063
1.45858
1.53304
1.74065
1.88018
1.44815
1.63574
2.01703
1.3498
1.5464
1.82122
2.01703
1.4813
1.40963
1.68738
1.86912
1.93582
1.30842
1.74977
1.57289
1.84453
1.45119
1.92437
1.95694
1.56863
1.49778
1.75724
1.67796
2.01703
1.70733
1.84258
1.74655
1.91814
1.64657
1.9086
1.444
1.71388
2.01703
1.58881
1.71017
1.97102
1.54562
1.16955
1.28703
1.88471
1.49074
1.45095
1.50825
1.9154
1.5485
1.42985
1.38021
2.01157
1.87166
1.78322
1.51303
1.53271
1.89055
1.41426
1.66339
1.56363
1.68922
1.59359
1.25716
1.3847
1.59796
1.52937
0.888092
1.66557
1.42145
1.70087
1.42356
1.43952
1.42084
1.74305
1.54785
1.47895
1.77794
1.11438
1.6471
1.69581
1.75316
1.66167
1.46311
1.4952
1.63701
1.95048
1.41454
1.70921
1.54311
1.81518
1.13721
1.1396
1.52485
1.59721
1.55719
1.56355
2.01703
1.84818
1.66156
1.36744
1.69251
1.90572
1.85978
1.69842
1.56282
1.67854
1.63913
1.91632
1.53814
1.66694
1.51559
1.73051
1.59304
1.37329
1.75099
1.66468
1.66268
1.67688
1.70624
1.67084
1.75991
1.56016
1.44075
1.7728
1.69489
1.27035
1.31863
1.29993
1.56929
1.69639
1.99184
1.64741
2.00289
1.88937
1.72422
1.68537
1.39304
1.02611
1.76275
1.6979
1.30107
1.71236
1.54489
1.60816
1.63243
1.33125
1.94777
1.63255
1.94142
1.73797
1.65567
1.70461
1.59215
1.23848
1.64157
1.33973
1.56394
1.13092
1.42998
1.99701
1.78554
1.54928
2.01703
1.55563
1.46232
1.28929
1.35044
1.0413
1.74011
1.31079
1.63356
1.48745
1.72489
1.1455
1.81396
1.47263
1.48438
1.30245
1.57886
1.99612
1.76099
1.43449
1.18567
1.38628
1.7848
1.39828
1.80997
1.57109
1.73335
1.16216
1.34528
1.68151
1.74066
1.4327
1.75542
1.72378
1.6005
1.27594
1.74587
1.28328
1.93924
1.61669
1.45377
1.59671
1.38063
1.51495
1.88601
1.41162
1.48791
1.52885
2.01703
1.65647
1.54209
1.82526
1.66058
1.48185
1.65318
1.59869
1.91789
1.83917
1.9481
1.59376
1.80451
1.36586
1.74822
1.289
1.66198
1.66239
1.38523
1.94659
1.98766
1.98187
1.48495
1.71677
1.94676
1.08424
1.4283
1.52515
1.78378
1.83933
1.41793
1.48604
1.61569
1.29438
1.84378
1.60208
1.62074
1.49397
1.27202
1.46171
1.23295
1.72101
1.42432
1.39311
1.30944
1.57528
1.68572
1.44697
1.21255
1.9565
1.8241
1.67342
1.31182
1.03789
2.01703
1.74806
1.62293
1.52016
1.88667
1.51042
1.59113
1.9395
2.01703
1.59118
1.53494
1.7388
1.77997
1.68765
1.59912
1.68349
1.66956
1.55193
2.01687
1.50534
1.70246
1.79225
1.96994
1.18938
1.26328
1.82538
1.62383
1.75673
1.99916
1.54564
1.80486
1.52262
1.55227
1.72256
2.01703
1.86377
1.79942
1.84964
1.5558
1.71257
1.76911
1.7569
1.51264
1.88051
1.52983
1.95408
1.55294
1.67402
1.51363
1.41318
1.67535
1.46612
1.53891
1.74908
1.61862
1.85547
1.91474
1.43959
1.8541
1.35365
1.5179
1.64268
1.28316
1.60092
1.70191
1.63871
1.89905
1.63605
1.60971
1.90784
1.37666
1.45266
1.54659
2.01703
1.23034
1.95654
1.80504
1.14542
1.38976
1.74668
1.42711
1.29148
1.37617
1.41056
1.46138
1.79584
1.56373
1.97025
1.76991
1.37891
1.95764
1.61354
1.52509
1.50245
1.42953
0.962059
1.45741
1.959
2.01703
1.7582
1.60139
1.82192
1.99694
1.95098
1.83968
2.01703
1.88778
1.797
1.23357
1.94191
1.88
1.50723
1.66672
1.36935
1.81015
1.41078
1.75237
1.7505
1.84402
1.4181
1.53134
1.78586
1.46853
0.737651
1.7991
1.54745
1.50785
1.95038
1.04421
1.47611
1.60562
1.65303
1.3424
1.08158
1.45356
1.28847
1.78228
1.55067
1.56711
1.51706
1.17859
1.5222
1.51091
1.85644
1.99134
1.62634
2.01703
2.01703
1.60005
1.51263
1.46222
1.41674
1.91626
1.61954
1.98361
2.00799
1.74627
1.77108
1.49045
0.806144
1.51676
1.68395
1.04947
1.59994
1.66212
1.43804
1.76658
1.69698
2.01703
1.49056
1.30511
1.72516
1.86463
1.9223
1.59784
1.72839
1.99404
1.35393
1.86825
1.78805
1.62723
1.26914
1.86485
1.78245
2.01703
1.56678
1.4734
1.4067
1.22382
1.71945
1.84922
1.32831
1.80294
1.72208
1.13477
1.04088
1.75383
1.56083
1.69198
1.66289
1.31467
1.46292
1.43493
1.88161
1.85599
1.38014
1.43492
1.67678
1.76178
1.68637
1.81195
1.55314
1.80714
1.72978
1.856
1.64197
1.97465
1.49089
1.70836
1.83575
1.77256
2.01703
2.01703
1.6257
1.45797
1.39557
1.27168
1.7524
1.85762
1.96546
2.01703
1.60416
1.6724
1.63664
1.26338
1.41436
1.72928
1.70933
1.75581
1.69422
1.58983
1.69673
1.62389
1.54824
1.63127
1.3333
1.94133
1.78145
1.8121
1.82011
1.74048
1.75983
1.43261
1.78802
1.82856
1.5715
1.58163
1.724
1.17757
1.71078
1.81583
1.22653
1.92643
1.56022
1.41215
1.63256
1.70983
1.53446
1.65485
1.49855
1.3507
1.64275
1.87142
1.86796
1.53333
1.87212
1.19225
1.30604
1.154
1.66773
1.57239
1.3675
1.41115
2.01703
1.39696
1.79563
1.72116
1.46255
1.90796
1.93955
1.42783
1.62568
1.56104
1.45551
1.69578
1.8358
1.41215
2.01703
1.51506
1.43169
1.6125
1.34487
1.2992
1.39015
1.51269
1.63634
1.91168
1.78248
1.54481
2.01703
1.39276
1.98051
1.40509
1.2069
1.28381
1.56435
1.77724
1.3832
1.64067
1.33048
1.34353
1.62224
1.66294
1.51832
1.32031
1.80089
1.67194
1.7736
1.89525
1.53445
2.01703
1.46175
1.50669
1.64123
1.67363
1.49358
1.74817
1.24689
1.70143
1.43762
1.87695
2.01703
1.42397
1.26431
1.37808
1.66518
1.74618
1.59634
1.39239
1.58841
1.61199
1.60026
1.85534
1.74664
1.51822
1.67916
1.60555
1.67893
1.0709
1.62734
1.43592
1.72768
1.93354
1.73123
1.55811
1.52355
1.6012
2.01703
1.78584
1.40359
1.45535
1.49492
1.77032
1.31897
1.62419
1.77539
1.70897
1.70657
1.80868
1.56612
1.62512
1.31236
2.01703
1.12831
1.2524
1.6049
1.50221
1.32159
1.55598
1.93564
1.3565
1.37996
1.98066
1.16961
1.45559
1.77443
1.54193
1.97589
1.39537
1.81651
1.6307
1.73356
1.29833
1.7887
1.69773
1.79768
1.66558
1.14893
1.30234
2.01703
1.35219
1.47177
1.8342
1.6257
1.5439
1.30339
1.7911
1.68334
1.58056
1.55598
1.91963
1.84926
1.52454
1.8441
1.71593
1.79831
1.67427
1.84754
1.78451
1.48244
1.55488
1.93645
1.23531
2.00145
1.412
1.69626
1.67743
1.85876
1.64186
1.44751
1.67745
1.61217
1.93801
2.01703
1.63406
1.77635
1.29227
1.27871
1.54431
0.970606
1.90368
1.56785
1.77998
1.21184
1.86252
1.22029
1.01611
1.5526
1.60331
1.44171
1.52453
1.31789
1.64043
1.50908
1.63217
1.70961
1.51669
1.65786
1.83197
1.57069
1.68193
1.48981
1.60953
1.42986
1.06627
1.69375
1.85102
1.3271
1.4497
1.8165
1.41192
1.58572
0.940451
1.50107
1.56641
1.70426
1.58048
1.23823
1.69789
1.19317
1.23593
2.01703
1.32008
1.70655
1.75978
1.4672
1.58949
1.23277
1.89895
1.4079
1.76363
1.54807
1.76965
1.593
1.58813
1.74701
1.32751
1.91838
1.9194
1.29618
1.55678
1.88621
1.38862
1.7891
1.53116
1.73251
1.89141
1.44126
1.75876
1.82641
1.6482
1.98305
1.63348
1.44881
1.63684
1.43785
2.01703
1.82386
1.90094
1.96018
1.57315
2.01703
1.95749
1.713
1.63384
1.39245
1.44449
1.4586
1.38939
2.01703
1.82393
1.32697
1.46418
1.87313
1.54286
1.77737
1.52329
1.35321
1.50039
1.63262
1.87555
1.88818
1.81071
1.63325
1.88002
1.66858
0.966464
1.24556
2.01703
1.90234
1.70949
1.51889
1.69155
1.95902
1.6785
1.40335
1.51776
1.65466
1.1105
1.6033
1.61601
1.35452
1.29561
1.65615
1.47729
1.82064
1.24849
1.49597
1.58513
1.8466
1.85297
1.59902
1.88358
1.68424
1.6153
1.74565
1.83007
1.77566
1.57362
1.64386
1.68008
1.15124
1.17149
1.7758
1.38033
1.53205
1.88392
1.57004
1.65048
1.88684
1.92512
1.58228
1.71
1.54658
1.7543
1.67148
1.58238
1.62403
1.45041
1.73922
1.32116
1.70353
1.62917
1.35352
1.76056
2.01703
1.33649
1.57349
1.59161
1.54518
1.6351
1.77888
1.56492
1.76428
1.6582
2.01703
1.47466
1.30448
1.42884
1.18812
0.949697
1.63133
2.01703
1.69811
1.65126
1.71324
1.59701
1.74855
0.891238
1.76152
1.73708
1.60674
1.9378
1.71951
1.67263
1.99673
1.90211
1.57459
1.3182
1.38997
1.51501
1.43241
1.55176
1.42972
1.90485
1.65048
1.92731
1.62333
1.63799
1.65289
1.62965
2.01703
1.97493
1.56945
1.88964
1.46637
1.34906
1.14113
1.62391
1.08736
1.44715
0.971852
1.34798
1.48363
1.98251
1.84073
1.79744
2.01703
1.88684
2.01703
1.61504
1.77489
1.46161
1.7529
1.96081
1.55481
1.48391
1.59187
1.75395
1.4742
1.57314
1.69944
1.61516
1.65814
1.78704
1.74
1.63995
2.01703
1.90264
1.95494
1.90431
1.64163
1.42068
2.01703
1.62054
1.79582
1.44627
1.80131
1.76254
1.40054
1.5956
1.59217
1.8063
1.77007
1.80967
1.84036
1.50975
2.01703
1.78528
1.755
1.20861
1.2027
1.6839
1.77868
1.32505
1.86922
2.01703
1.7761
1.44567
1.56303
1.33574
1.81446
1.90886
1.79952
2.01703
1.58614
1.21214
1.71543
1.32956
1.76564
1.6441
1.2244
1.44843
1.20806
1.76745
1.37552
1.74285
1.62093
1.74294
1.41145
1.73797
1.48987
1.76519
1.5014
2.00253
1.98189
1.52564
1.67733
1.6766
1.24796
1.74935
1.56947
1.45598
1.79146
1.62419
1.86268
1.3907
1.44814
2.01703
1.36819
1.95515
1.84321
2.01703
1.4292
1.48242
1.63851
1.62152
1.54456
1.89514
1.52351
2.00955
1.63526
1.62251
1.56563
1.69101
1.09073
1.27008
1.27919
1.71817
1.57755
1.33058
1.72433
1.88323
1.98659
1.18577
1.54795
1.83143
1.92158
1.28109
1.59023
1.89439
1.32664
1.63872
1.51965
1.54717
1.15871
1.26767
1.50649
1.52065
1.38827
1.64706
2.01703
1.68603
1.46039
1.58756
1.88369
1.51657
1.7056
1.80884
1.51346
1.52049
1.87561
1.39578
1.55415
1.80905
1.57634
1.43059
1.55198
2.0038
1.43057
1.07618
1.58261
2.01703
1.74227
1.81704
1.81288
1.72043
1.19566
1.48075
1.4489
1.80201
1.85911
1.58124
1.6676
1.44715
1.758
1.38715
1.63383
1.52405
1.90778
1.62072
1.44267
1.52876
1.27973
1.84157
1.95221
1.76681
1.39819
1.51586
2.01703
1.95876
1.50701
1.22731
1.35875
1.67863
1.57528
1.51088
1.64748
1.40793
1.85193
2.00759
1.48112
1.63675
1.6068
1.52016
1.65561
1.62894
1.4203
1.29429
1.43309
1.56187
1.91294
1.97951
1.61784
1.9624
1.20759
1.35132
1.8798
1.438
1.89998
1.30851
1.90556
1.29052
1.44696
1.4072
1.92001
1.36817
1.58149
1.63928
1.21218
1.77086
1.43792
1.69904
1.35129
1.42317
1.12943
1.76494
1.91136
1.88829
1.60333
2.01703
1.65819
1.71234
1.64804
1.54665
1.73757
2.01703
1.60384
1.61478
1.36595
1.14535
1.33952
1.64348
1.79332
1.94407
2.01703
1.60513
1.62134
1.71929
1.11054
1.47559
1.5804
1.86169
1.775
1.85534
1.91614
1.4396
1.41703
2.01703
1.69297
1.4125
1.34709
1.80501
1.49659
1.0116
1.76829
1.78318
2.01703
1.90163
1.81455
1.79889
1.69581
1.07235
1.61725
1.49295
1.92072
2.0061
1.4972
1.55992
1.60325
1.74799
1.69966
1.75505
1.5943
1.42923
1.60327
1.52406
1.71183
2.01703
1.33312
1.90964
1.52581
1.39889
1.79213
2.01703
1.56106
1.61167
1.82475
1.74863
1.48225
1.52641
1.85845
1.58773
2.01703
1.15714
1.84727
1.60718
1.07902
1.90881
1.69307
1.2897
1.73484
0.870009
1.0665
1.78803
1.61349
1.31797
1.58214
1.64489
1.79127
1.53572
1.67257
1.7744
1.99607
1.57315
1.39044
1.72261
1.65726
1.61747
1.7064
1.67914
1.5528
1.63765
2.01703
1.41086
1.61788
1.46608
1.62078
1.80651
1.50135
1.59746
1.41692
1.51709
1.44603
1.24202
1.01858
1.31577
1.65552
1.67502
1.75367
1.73394
1.83666
1.29889
1.65867
1.77491
1.70508
1.42739
1.41794
1.93463
2.01703
1.07275
1.73251
1.49474
1.76611
1.83485
1.66484
1.23786
1.37327
1.89421
1.56973
1.47641
1.34091
1.82435
1.69284
1.42109
1.2875
1.68152
1.63209
1.33492
1.49578
1.43131
1.78692
1.77551
1.71515
1.4507
1.68262
1.42829
1.82043
1.53813
1.50397
1.97693
1.18181
1.46604
1.53159
2.01703
1.3937
2.01703
1.47326
1.6233
1.58977
1.98632
1.57025
2.01703
1.59137
1.71373
1.74752
1.84884
1.65044
1.72942
1.11959
1.62525
1.44665
1.83009
1.9087
1.32271
1.21407
1.09126
1.26718
1.85383
1.69019
1.49723
1.57127
1.41974
1.68354
1.23573
1.32531
1.30901
1.66664
1.7676
1.65708
1.96761
1.31
1.84145
1.54247
0.963448
1.97043
1.43145
1.73252
1.36567
1.92346
1.75499
1.47266
1.36685
1.34554
1.86719
1.84316
1.3622
1.58426
2.01703
1.52347
1.80014
1.64472
1.45123
1.7949
1.31257
1.50762
1.19226
1.95172
1.91777
1.65937
1.54854
1.68375
2.01703
1.78038
1.91778
1.33861
1.63587
1.56449
1.16114
1.5422
1.74521
1.71132
1.79547
1.84318
1.6749
1.63758
2.01703
2.01703
1.48969
1.57694
1.27897
1.66335
1.8565
1.5873
1.73372
1.58124
1.74677
1.25313
1.19614
1.79286
1.33951
1.97663
1.74166
1.76759
1.75063
1.46362
1.41438
1.31609
1.73841
1.12947
1.9375
1.85525
1.81816
2.01703
1.39058
1.62111
1.5005
1.33054
1.43893
1.40226
1.53388
1.78225
2.01703
1.44114
1.63353
1.83284
1.4986
1.32054
1.51268
1.30551
1.48232
1.19977
1.55874
1.62374
1.55529
1.40149
1.67024
1.55495
2.01457
1.16707
1.30461
1.41731
1.31042
1.46294
1.87462
1.71009
1.30359
1.40039
1.62556
1.72989
1.93535
