13.4422
13.2211
2.5546
-19.7985
10.6839
2.18141
-10.371
-6.73313
-5.19634
-1.09829
0.603198
-5.05959
0.984175
-12.5599
-16.1488
-6.21452
3.76606
-3.03156
-1.38497
-17.2657
12.7092
6.84312
-7.75643
5.12067
6.34346
0.793269
-6.35508
23.3771
10.1173
-5.56756
3.47763
-0.475654
17.2943
-0.747401
1.19801
-10.1298
-8.00038
2.40818
-12.7493
-13.4781
-4.31872
10.113
5.6599
-0.760375
11.5685
-2.98977
22.544
-14.5828
8.83856
5.99544
9.27134
10.0654
12.5739
0.0710794
-4.35823
6.69548
-4.09847
-0.854922
-14.3289
-8.07707
-1.3736
3.54264
5.73597
-2.17455
1.72003
-9.55986
9.15052
1.98202
-1.99283
-2.37393
-7.07994
-7.80912
6.88274
2.7693
-4.14979
0.39665
-5.18763
1.78682
5.76256
-19.4321
-9.40749
2.26481
11.8639
-9.21288
0.336386
-12.4433
7.79913
1.56351
-3.70077
0.0507901
8.64029
-16.9055
-3.21293
-0.683322
7.16156
-5.96718
3.99625
7.73704
3.65106
14.1959
8.41286
2.27113
9.19654
-9.53998
9.1939
-1.15948
-3.03612
-8.81728
-9.44861
14.7272
9.99803
-2.49782
9.10464
3.77817
-2.66746
8.71639
4.12305
-11.7694
18.1076
5.85918
10.4551
5.21584
-9.05696
-8.94235
-11.3296
10.7849
3.28237
-0.463376
8.44228
18.7637
-1.99608
10.0399
-2.5119
-8.41325
-4.26132
10.6457
1.91199
5.33257
4.93168
-8.58153
1.14595
16.6719
1.04402
-14.8977
-0.128782
2.09222
0.826228
18.529
-12.5123
10.8409
-5.27535
5.52294
-14.185
11.3253
-4.60237
7.14183
0.199923
16.6778
-2.2375
9.9689
-10.5097
1.12635
-10.8644
9.6409
-1.64287
-4.03468
-8.7911
-4.82268
-10.8262
2.83778
2.25813
-0.896424
-8.53263
1.59014
-8.61558
-6.63668
-3.27082
5.00118
-5.77736
2.85289
-15.8659
9.2828
-11.2319
-4.03452
0.35666
-5.90209
0.780771
1.18737
9.94977
-6.89439
10.769
3.09639
-11.4753
-0.045205
-6.45668
6.88563
-0.612098
-8.01228
-9.41104
-7.48645
-1.14865
-12.8424
-3.25571
-1.48114
-9.82525
-6.18957
5.96621
14.7892
-4.04045
0.918258
-6.61409
4.86447
13.9938
-16.2482
6.64402
-5.28979
-4.13623
-9.28331
4.34017
12.7106
4.8879
-0.558738
-3.49005
-1.04394
3.98793
-9.21489
-7.86655
4.63158
7.21175
-0.794474
3.27641
3.2022
-5.29303
-2.2492
-0.00126321
7.12317
1.28554
-12.4234
-4.46712
-8.37303
-3.52234
-0.810602
-7.59473
-5.49442
-0.695424
-4.0957
-11.3714
5.35171
6.50672
-0.942319
-9.85931
-0.582242
9.53708
5.40897
6.51184
-14.1544
-10.0247
-16.6568
-0.68339
-18.2146
13.5717
-0.773554
2.415
-0.393569
9.51914
13.0895
-1.62289
0.543965
9.40318
1.87514
2.85505
-1.84351
1.19839
0.996234
1.38218
3.84048
6.35674
14.4538
-5.68779
1.14521
10.5923
9.7119
5.60582
-17.3869
-5.86859
3.41492
2.50153
1.51005
-7.90486
9.42834
-3.94048
5.79308
-0.353467
13.2012
6.26829
7.40593
2.13981
10.4232
2.05346
1.07617
-4.65769
1.01122
-2.76249
-6.68341
5.87857
0.450334
3.79654
-5.29113
7.79863
4.22169
0.22705
2.48963
8.01023
13.2989
9.97168
3.0081
-10.3221
6.69561
-13.1642
0.510499
4.82084
-7.29356
1.55431
-6.75035
-1.84924
-3.36658
-3.3957
6.4424
15.2836
3.3874
-11.322
-7.80352
-5.01936
-6.3314
9.6648
2.17264
-8.56441
-7.33866
-11.8062
-3.1269
-5.72792
7.54377
-11.5876
1.28308
-7.59029
6.50144
-4.52278
-2.4815
2.65554
5.88019
-8.48267
-3.43474
-10.1264
-6.32367
-7.72378
5.33934
-0.847353
13.7235
-5.65568
-6.90838
-5.01889
10.0418
7.73623
-4.77699
-2.06543
3.04755
-5.67864
-5.86066
2.99477
-0.804098
1.99947
-2.19445
1.3916
-0.494576
7.29752
-9.54211
-10.3108
-3.98399
-9.99518
-1.57232
-5.88634
1.36315
4.59076
-0.351651
4.35156
-1.37421
8.379
8.67411
-6.1552
-2.003
3.26899
-2.97576
-6.57111
7.12863
4.73324
24.8457
9.09798
-5.61596
-15.4629
-9.9839
6.58063
-2.88855
-6.43636
7.36849
0.355554
-7.91973
2.7352
-7.40465
-14.7182
-7.2959
1.36973
19.4608
-6.92015
-0.932131
2.52967
10.1494
-3.53114
-5.91063
7.31797
9.48649
9.82155
-1.50304
0.853122
14.0556
4.69662
-2.5307
-23.5444
0.563405
-17.7571
6.66674
-3.34158
3.73432
-10.5305
-5.73603
-2.16024
-3.57114
-4.85181
14.4825
-19.9936
-0.425086
3.76266
-0.0878225
12.964
-2.61108
2.99829
2.1197
8.41684
-10.5818
7.92993
-0.51047
16.7555
0.576546
-3.35755
2.43743
2.97315
-2.35671
-1.78617
17.402
8.6816
-10.6335
-1.80521
-5.40456
0.455365
0.369961
-5.30001
-13.7217
1.92506
8.84499
-2.07077
2.52292
4.40487
1.45265
1.71243
0.151598
-6.83196
10.0302
9.78415
-5.20787
2.88675
4.09862
9.02735
-9.7752
-0.410888
-12.4202
-2.0542
-0.740281
15.4946
9.41871
12.5211
10.9911
2.33024
-1.07499
-9.55113
2.78099
1.6126
-9.9906
2.95946
-0.0817932
8.10317
-7.12163
-2.62153
10.8213
-18.2533
1.16952
-2.38533
-1.08788
-5.05746
2.78935
6.25003
4.35084
5.04171
-1.08966
-4.50228
-2.93152
-8.24325
-20.0165
3.6637
-4.9161
-0.419787
2.41519
8.56583
5.29501
1.71596
0.365999
1.18261
-3.29346
13.8826
-9.75795
6.42456
12.4322
-2.06127
-7.28852
0.376087
-13.4942
-0.834465
-3.31663
3.23768
5.36059
-2.8848
-14.2594
-11.6512
12.7764
-0.288302
-11.0517
0.58347
9.36346
-7.53998
-14.5399
6.81741
3.95003
-2.45804
-23.1506
5.79112
-4.81499
-2.34459
-11.0958
10.1941
-14.6109
-1.6795
5.59389
10.1871
7.70739
-6.65056
6.18682
-9.25714
-0.438301
4.67772
3.08346
6.52685
-3.8067
-13.4622
-12.7371
8.04699
12.4925
0.12808
1.01303
3.36809
3.56946
1.38254
-0.104861
14.3773
-7.85441
6.16033
-0.349917
12.5098
-2.49369
7.38277
0.163179
6.85549
2.59652
-7.35073
11.871
6.8463
4.59505
2.47851
-3.98772
-14.9414
7.54692
-0.411293
5.03805
-5.89244
11.2077
9.13953
8.29938
8.92861
2.81291
-6.89218
-3.26282
11.7748
-15.0055
3.83235
-4.35873
5.6196
-1.68564
-0.688503
1.34971
7.70809
0.529082
3.41156
17.135
19.9904
-4.05379
-4.80216
-1.9851
13.1043
6.02784
12.2344
12.2952
14.7975
-9.89484
-5.33015
7.51554
-11.5095
1.75702
-18.9409
0.275678
0.607663
-2.85932
6.59377
-10.0672
-4.56872
-6.28623
-5.55454
-17.0934
1.65782
1.09694
-1.04836
5.84311
1.6947
-4.02571
-4.58791
11.1167
-4.81626
-4.91467
3.26333
-0.612687
0.907588
5.32938
7.33847
2.57092
-12.3891
-4.49546
-10.5755
4.63981
-2.11965
-1.40568
4.07548
1.22384
0.0881478
2.02294
-4.01339
5.87427
4.82166
7.81044
12.1664
-4.769
7.5073
-8.20118
3.75053
0.312857
-27.745
15.4649
5.16836
12.1358
6.59137
-10.3207
5.04574
7.43401
10.6828
-3.20886
-5.09204
-21.2784
-6.07411
-4.91496
-10.5242
-1.94487
2.90907
6.40265
12.1555
-10.1912
24.3427
-4.55994
10.5335
-1.13782
6.91262
9.54527
-8.50366
8.71876
20.1183
0.802189
-1.98273
7.77062
-14.0616
5.84026
11.7537
-1.36016
0.820646
1.57637
0.992035
-4.41872
-8.75821
0.00445381
-5.20359
-10.8753
-8.01839
3.82758
2.48474
2.16565
9.58969
9.13753
-6.37742
-0.772054
-9.58528
-1.23933
7.79304
-11.3367
-20.7758
-9.2256
2.15296
3.2446
-0.699811
10.356
10.6525
3.00332
1.6461
4.64456
-4.49661
13.7128
4.8903
3.52353
-0.798054
-13.7829
-4.87695
-7.70855
4.79337
2.89339
3.07738
6.02819
14.5744
9.84995
-1.37576
9.23136
-3.98182
-10.911
-0.540899
-2.14983
-4.51767
2.52506
1.53926
8.21934
-4.59208
13.9365
-5.1438
-6.28505
2.27155
-0.341547
0.861949
4.87849
-0.232683
-3.87076
-1.13734
-5.79991
0.849156
23.9336
-5.7392
-1.59068
-7.64158
-5.24738
-0.889979
0.816817
-10.2909
11.9187
8.29296
5.90037
2.51816
-0.266313
-7.95989
-1.9771
3.65016
-3.94875
-2.03104
-3.12335
-0.836868
-2.91018
0.492744
-13.3102
0.301315
-4.59618
5.3909
5.8057
-13.3664
-7.77645
1.55976
-6.1461
-18.9105
-5.20692
-4.9955
-1.21072
-15.2539
-5.64844
-5.17693
6.64245
-5.84057
-4.56267
11.0488
4.19299
4.29255
7.91706
4.33018
1.17068
5.62492
-11.2125
1.95029
-9.07544
2.11594
1.20364
-17.2666
12.7874
1.62265
-11.8659
2.0069
11.3681
-2.92189
-14.7201
20.483
-0.596567
11.5976
8.39079
5.63424
-3.68351
-1.85396
0.671929
-1.21166
-0.201072
-17.952
-2.00265
16.507
7.93678
4.28054
1.12468
4.96491
10.5133
-1.63244
10.8087
-3.88064
-1.83252
-15.6363
8.49549
2.29615
-5.01125
6.16251
2.18849
-4.07847
1.51846
7.31557
-15.5664
-0.446189
6.91958
13.2124
9.26645
-12.082
4.55504
9.80675
-4.98109
4.99578
6.23893
-1.98911
2.2888
-0.288652
-4.82742
-7.4229
-2.55974
-6.23111
11.3909
-1.34929
7.72909
8.14867
-6.67071
-7.05184
11.2849
-0.117005
-4.06291
1.90414
14.2334
1.32104
-9.80378
-0.0860794
1.84281
10.2057
12.2827
-3.47314
-0.494636
2.08453
-13.306
0.196956
1.40595
-2.64827
15.8241
1.70148
3.59549
8.16954
6.22919
-3.5811
9.50278
6.5729
-9.90886
4.15747
7.36625
-4.68544
-0.690672
2.75053
-0.278756
7.40738
-8.39932
0.234673
-4.98296
7.2358
-0.205113
6.67344
14.5712
0.938041
-7.0726
1.75559
-5.75743
9.07996
6.76715
6.48677
-3.12772
-3.50638
6.6853
-1.95894
-0.916935
5.03896
1.39043
7.52605
7.44643
-11.3721
-2.23448
-2.42396
-2.98308
-2.12323
-5.73712
13.5966
-3.05006
5.5433
-3.39982
-3.13776
-6.82733
-1.78864
4.57005
4.90547
-8.52194
10.812
11.2752
13.2611
-3.57242
-5.77784
-0.519208
-8.09788
-1.47225
5.49989
-3.97357
2.13549
3.83387
-17.8516
16.7064
-8.69696
7.46762
-19.2006
-6.09182
2.8945
-5.15681
0.899323
1.94998
6.05917
1.461
0.875321
-3.02888
-1.03435
-3.04226
-7.86897
0.978882
7.06017
9.39398
12.7279
-8.89669
-9.40671
-0.122296
-2.54503
-8.33967
-2.12338
-2.29524
-15.6243
-1.80218
-0.837289
-9.63635
5.47726
2.30605
4.02011
10.5742
-5.83647
-5.33183
-3.16815
-8.88805
-11.4694
0.914922
7.08011
1.57678
-3.67645
9.47123
-13.7622
1.77239
-1.08662
-12.3707
13.06
-8.75433
5.64312
-7.16857
2.90171
-2.96198
-18.2943
-14.917
6.01585
-6.85168
8.69871
-3.38608
4.52114
8.32678
-1.27151
2.65645
3.91786
4.58256
-7.88969
7.57108
-10.1982
-1.63522
-0.448537
4.41755
-7.24777
-15.6074
11.0191
3.07118
11.0634
8.96282
-11.3107
14.3157
7.56724
4.88391
4.94291
-6.18874
-4.09469
2.62276
-20.4308
-2.6591
2.22094
6.37319
-5.93241
-6.72765
-10.3703
-10.158
15.3545
1.01225
-4.2781
0.574657
5.57219
-10.6508
-10.6543
-2.02993
-6.07994
-1.76955
-19.414
0.167085
5.11501
-1.78724
-3.37986
-2.13654
8.48031
6.39174
3.94954
21.0426
-8.98334
-22.1701
-11.3832
4.57147
-8.8194
-2.73928
11.2754
-2.57494
5.48429
-2.18803
-11.2319
-8.27344
-3.82069
1.58798
8.36108
-6.33171
17.6423
-2.5093
-1.4253
3.12818
-13.4334
-4.03955
-5.1367
-10.6609
-6.51139
5.54441
-10.3776
-3.66137
-4.43639
-3.33349
22.6284
-1.68437
-12.2474
4.41809
-2.06061
6.7682
9.21513
-0.273679
3.12022
2.78692
0.0823793
6.80284
15.9185
-21.3007
-10.4779
-10.9743
4.77286
-4.37647
4.16175
-7.74101
-10.9335
-11.4859
-6.82948
-3.60979
-8.09468
-1.97529
-12.0412
-3.73322
2.09489
-9.20288
-0.475979
-2.63408
10.2237
12.6638
2.6863
4.04235
0.0380672
-14.4405
-2.68646
-4.24149
-5.4126
17.9931
6.90919
-16.9068
5.0343
7.11127
-1.55028
14.6323
-1.43482
7.39544
1.09637
15.1973
-8.73162
-14.539
13.9487
-12.1827
3.39984
-2.3624
-9.80143
1.4326
-3.35358
-2.5066
2.29664
4.94296
18.4742
-8.79862
-15.4231
-9.34108
-1.01511
4.26423
-17.7892
11.1046
-5.61428
-7.23366
2.76798
-4.52311
-0.131734
0.344127
3.95792
3.55281
-14.0137
-8.14601
-9.78605
-10.5498
-15.8708
-6.0559
12.7177
-10.9713
-3.62836
-10.132
-4.35674
-2.36341
-0.427009
8.01991
-8.63109
-7.82292
-3.97633
0.363996
0.916155
-7.05561
-4.73758
-2.59419
8.28504
0.21654
0.855219
-17.3679
-5.98067
-9.01681
0.00665222
3.77045
-2.17271
3.55441
-15.2959
-1.50392
-3.90622
9.49482
21.5154
-5.97818
3.37925
6.40465
-16.5522
-1.28043
6.07654
-14.1973
-0.00556471
-11.4557
5.52368
-2.50273
-0.307369
6.64093
-21.5356
-8.15871
4.58942
-5.46081
-0.632727
-7.56957
2.19437
-3.65649
3.10277
0.24952
-5.86887
3.03123
4.72796
-6.52566
-12.006
11.515
-5.6973
-1.31643
-12.4368
-2.29709
-13.0452
-2.40985
6.38674
-10.0091
-5.5766
-12.4656
17.8058
-3.00381
13.6077
-0.870704
-8.85785
-1.93019
1.99943
1.0802
6.66102
-0.46137
-4.06944
-13.8656
-2.06718
-4.21136
15.8426
-1.03887
-0.196402
4.12001
4.16507
2.31243
0.558969
6.32141
-12.6284
10.9556
7.4099
-9.54932
-9.34036
-1.92668
8.51737
-12.5954
2.82054
0.977428
6.23298
-6.66598
3.85991
0.921227
-4.21961
0.100081
-8.76299
-9.65409
6.1203
2.28735
-8.43231
-2.27753
8.80349
0.348924
-6.18359
-12.6799
21.7572
-8.16107
-1.38133
-0.855429
0.416855
-3.7872
-14.6819
-5.133
-3.33236
1.3946
-1.63469
8.01357
3.62128
-15.1164
-6.0633
0.303817
-7.15914
-3.76917
-2.14256
-11.6206
17.5372
-7.71139
-13.7379
17.4833
-2.74918
15.9079
2.75546
-15.3454
-8.13008
-5.16571
-12.2057
4.16428
11.1256
0.235227
0.998178
-2.84148
-5.49941
2.06203
-4.61238
-16.0875
-8.70474
0.325762
-14.9792
-13.3664
-16.2523
11.5652
-5.91617
-4.15213
0.275506
-5.50312
-1.0727
-16.6412
5.08018
8.74947
1.07728
-8.50382
0.402452
6.65124
4.82917
3.32097
5.29284
-1.48536
3.04988
7.21219
-0.802169
9.23772
-2.5164
-1.5639
-11.6649
-0.548852
-5.85441
4.49259
-2.78597
-1.14854
-2.93455
13.6259
1.43467
-8.81845
0.994623
6.28837
-0.346842
-2.23933
1.23988
-0.184606
0.342654
0.346773
-17.5712
7.67285
9.49722
-4.51653
-0.223732
2.28103
-2.95646
-7.7249
8.83757
13.9613
12.9816
-4.43039
-4.26051
4.16251
9.15079
2.19157
13.5381
-10.3754
6.70705
-5.86419
-1.48121
2.48363
4.68837
-3.39224
14.5207
11.4492
4.77872
6.26423
-9.17568
-0.941068
-5.77039
-5.23086
7.41682
-6.8472
-12.6753
-6.74764
-11.4363
-9.67847
-3.09909
-15.8116
-12.9321
-2.59544
4.48086
3.88415
5.29393
0.872059
6.34819
0.74488
1.18436
-3.7128
-6.35544
6.26801
6.73382
-0.229554
-2.53147
-16.4833
4.44985
-3.49924
-6.20786
-7.40728
2.57959
-18.1418
-2.84517
4.74489
7.58258
7.37349
0.671751
-8.01528
-3.16784
-7.05105
8.14346
8.10705
-3.89763
-10.2373
4.58281
0.478499
13.0635
12.9143
-0.688943
-11.1237
6.46924
-10.1456
17.535
-4.18017
-0.830126
0.274556
-7.48428
-4.49075
3.73687
-16.023
4.73227
-6.59889
4.32121
-10.9781
2.06016
7.02093
-4.26829
-4.40064
3.89287
-10.4485
11.1423
3.16904
5.69558
3.93128
0.998499
5.21186
-0.86694
-0.168322
1.78845
2.2456
0.525828
4.42637
-7.21228
-3.33241
-10.4946
4.55623
3.50011
5.36834
-14.7389
8.78972
-15.4155
5.26862
-5.76511
-5.63127
4.82481
0.363035
-5.64733
0.288953
7.19518
1.34386
-1.863
-2.126
0.981813
-2.10268
9.68425
-9.14886
7.09222
-0.0475145
6.62149
-0.431084
-0.761123
-4.3378
5.58517
1.87272
-5.3773
-14.5782
-6.98971
5.55978
-1.12553
18.1368
7.32079
-4.54661
-1.05085
-2.28791
6.74563
7.93967
-2.53909
2.62797
12.4242
2.66232
-6.19297
12.4893
2.60798
-9.07858
14.991
-12.9489
10.4187
-4.48495
4.17612
16.5017
4.66058
-15.2693
0.89417
10.0193
-9.09034
-8.35523
7.68855
-12.7541
-1.48418
4.09949
-13.948
0.345275
-2.30102
0.272194
-17.4353
-3.17385
7.05906
-0.837559
7.44222
2.04565
-17.767
-5.8354
6.37181
5.56118
0.693946
11.4632
3.42731
-13.8823
-5.29105
-12.5556
1.42901
-2.08667
-0.515215
-2.98415
14.1341
10.0949
-8.38278
13.2983
-14.4394
-1.51494
0.41511
-5.71858
-7.07249
-8.31511
-1.7135
-1.06867
1.96934
15.5549
3.57995
1.09377
-0.818205
6.97068
-8.94105
3.30194
-14.6967
-10.8457
11.7941
0.646202
-5.73613
7.52409
-9.97891
18.1656
6.16216
-0.442852
-9.40486
-8.09095
-1.07544
-3.26897
-7.72228
7.748
-3.22079
2.80829
-8.51403
2.87117
4.82766
1.08963
-6.63931
-3.64299
1.97217
4.56707
10.0839
6.72173
3.53557
0.974249
-2.4363
-19.2791
-12.0173
-5.68016
-11.409
-1.88683
-5.06472
-10.8553
2.60903
8.7766
5.12285
1.32773
-15.5832
25.0044
17.2084
-17.8873
-23.6029
-15.8082
-3.38141
15.1509
-9.15881
-1.92825
-7.12156
-4.72909
1.01278
-8.69244
19.1907
5.5443
-2.20516
-8.09755
-5.58287
2.11358
6.95126
-6.2649
8.33997
-4.74036
-0.685257
4.90084
4.90065
-1.22541
1.21879
-10.0219
14.4813
-11.7877
-3.71915
-4.05128
-16.9933
-3.18461
-0.105475
-4.09654
-2.97902
8.21805
-1.52024
10.8264
-7.70318
4.79371
-8.57447
1.17148
-16.9127
-7.44378
-3.67867
-8.74844
11.6708
5.89552
1.68645
4.58122
3.22168
-16.1399
8.75366
11.3714
-0.621532
12.479
-6.73965
1.14089
3.86368
3.97119
12.8641
17.465
-2.92445
-18.9151
0.899608
5.26444
-1.58298
-20.9333
9.60166
-1.2504
-13.1072
-7.41042
-3.51938
-15.4913
-9.89436
-2.29364
8.14342
-4.03762
7.95948
7.14001
10.5799
2.76893
1.58512
1.28525
-2.6137
-13.7655
15.0568
5.7871
4.11056
5.64024
6.53871
18.0115
-1.49028
-14.9033
0.418187
11.0304
11.345
-0.526747
6.32098
1.52284
-4.18025
-8.52649
-7.38458
1.05264
-9.18061
16.8771
-10.0841
5.43492
6.47461
-1.957
11.3916
5.82369
1.07163
0.962555
-4.26822
-3.90784
24.9195
1.87058
-8.27434
2.98748
6.30761
-0.694498
-7.31173
0.948794
8.18914
-11.1576
5.79455
2.96958
5.42369
-2.96306
-17.5386
0.799105
3.55437
-12.1098
4.53742
4.20701
3.94318
5.05058
1.47112
-2.09501
-14.7931
6.18964
-0.808319
8.70847
8.64439
-4.31459
6.18191
-3.81242
-4.06978
-7.0757
-14.2348
-9.15201
-4.72735
1.66981
-8.65505
-1.07667
12.4718
7.91028
4.22327
0.254211
-0.294231
1.35239
2.89274
-6.06744
-2.7174
8.94846
-7.52579
12.1215
2.35656
11.8993
-2.67905
-11.2461
-2.22644
3.182
10.3074
15.9359
2.87948
9.80635
2.3389
12.3137
6.4765
-15.0287
8.4014
-10.9031
-7.7782
-3.35128
-6.99554
-3.84195
1.87857
-13.6915
-7.13846
5.40083
8.91116
-13.0545
2.70816
0.283066
-4.98188
-1.85008
-3.39998
-8.09811
-3.65009
-6.36826
0.135658
15.1187
14.056
-0.492653
18.3357
-12.1514
12.0414
-7.72467
-0.377745
-7.75341
0.995927
0.777048
7.79739
3.86355
-3.77394
6.36576
5.39149
9.58497
-7.86651
-12.0466
-5.87972
-10.6498
1.78292
-15.813
-12.8332
-3.51015
-2.02573
3.28581
-4.56933
0.357086
6.44515
-11.0864
8.10028
-14.6354
-6.78097
-1.71812
1.3456
8.24379
12.6573
-9.76818
1.93211
1.68221
-0.186497
-5.55642
4.32948
9.36769
5.38419
-9.53136
8.56293
-2.33782
-3.47085
3.90835
3.33319
17.7591
-6.66411
-2.6371
-2.03031
8.54559
0.491455
3.76517
-16.6393
-11.0743
5.49557
-0.10854
5.30176
6.53474
4.34544
4.98212
-9.79967
-11.8401
7.25384
-19.3463
-10.7448
1.79013
-10.4317
-8.71762
-3.08478
4.01358
-2.14868
-5.69133
4.07987
2.16077
8.44778
3.09089
-10.8352
4.90975
-1.1191
-11.2375
6.93542
7.44205
10.1061
2.48098
-8.23363
9.45459
9.80908
-0.752852
10.3927
0.67017
6.55406
23.3765
11.0337
-8.79747
1.41371
2.32364
-2.6365
-4.48393
2.82019
2.41616
10.002
-7.33507
7.52368
6.14344
-1.08766
11.43
-1.37663
-4.77768
4.27362
1.7017
4.08431
-3.22174
-0.318394
-4.77713
-0.649762
-2.49644
-6.7155
-1.14486
-5.99044
-4.33237
-2.67655
-0.512733
10.1475
-9.06364
9.80869
2.02602
-2.60157
-1.80773
-0.0169235
-12.9254
12.9826
-10.2139
-0.584863
-3.97206
0.205765
-4.74124
-2.54618
-7.17072
-9.02692
1.50823
8.90926
7.54679
13.9877
-5.34557
-4.19471
-7.02903
0.516251
1.05993
14.1671
-2.16524
5.56712
0.748087
7.85918
-2.86925
-2.52231
-6.69141
-7.10003
-11.8256
4.79552
1.47002
-4.16099
-3.48637
-3.97287
-12.2569
0.451761
8.50916
7.01822
0.540767
11.5155
-0.8362
1.25589
-6.48102
-11.6085
-1.66611
-2.35237
6.38721
-13.2936
-5.8393
4.42913
-3.79039
10.3381
-2.33541
-6.54404
15.1453
-0.392736
8.32246
-2.33234
4.13991
2.5728
-3.41561
0.613696
9.32271
-4.90767
-12.7507
-6.27176
1.57221
-6.19683
-1.23918
-3.73582
-4.3573
7.35762
11.7717
9.67206
3.28084
4.16833
12.1754
1.86208
18.8945
-1.20005
0.96517
7.05784
1.21327
-0.0287411
-8.62067
15.2367
1.0569
1.92462
-7.1095
-1.73645
10.7092
0.488886
1.43822
6.77408
6.02751
3.06951
-5.07445
-11.9135
-4.2854
-5.45208
-0.10232
-0.529943
-6.4999
-12.4343
2.73239
8.68248
-2.36414
4.45177
7.02134
-11.3872
-5.32154
-6.69014
-1.09163
8.07409
-5.2235
0.7727
-7.05816
5.87598
9.89845
-3.56551
2.74596
-11.0714
-6.50295
-1.38117
-2.07934
-8.53318
7.52874
-1.90824
10.1162
2.18919
-4.4676
5.53834
-1.77207
-11.7614
1.24821
0.360363
13.9435
1.58603
2.20702
-2.55103
-7.98692
0.70931
-2.53869
2.07352
13.9502
9.5977
5.69769
-3.48146
5.32259
4.94324
6.25017
-3.69387
-0.844591
5.6111
-13.2326
-5.36505
0.516091
-11.1936
8.17836
8.40911
-10.6761
8.10943
-16.3497
6.55574
-14.4519
4.48545
1.08744
0.05596
-6.26446
0.431105
2.72472
7.34458
4.90884
-8.38009
-7.43105
-4.32992
15.7326
-11.419
-5.98648
11.7836
-2.41091
-5.63757
16.4626
1.40455
3.30725
-15.2426
-2.54045
-11.6772
7.89464
7.00719
0.530539
-4.93341
-14.9736
-2.3835
0.90284
5.52972
-1.82016
-1.25073
-2.22871
-15.5243
-4.4676
-0.708315
4.87906
-9.15396
2.90203
4.91456
-4.35839
-16.9484
19.0258
-4.73605
-1.17227
-0.293139
0.554806
-10.247
15.718
1.86777
1.47186
-2.06502
-23.0169
7.41077
-8.75795
-5.25257
7.72728
-3.32877
4.67958
10.3947
1.51985
-0.968778
-14.6222
-1.03518
-4.81432
-1.34471
-8.38966
-12.7359
6.65045
-0.747094
-11.5231
-6.34163
-3.86592
-0.455815
-1.22065
3.77034
0.506607
-8.40007
-6.96048
-8.00086
-12.4102
-3.66821
1.58075
-3.79067
-4.78236
13.6381
-0.301483
0.803301
9.49191
-8.68871
-7.47946
-8.27712
-7.40424
-8.16065
-6.47473
-0.331661
-3.77419
6.64885
3.74334
10.097
-3.34625
2.50268
15.7016
-5.88571
3.28807
-5.20276
-3.14294
1.20125
-6.31782
-0.207366
-2.89659
-3.93186
5.83977
-0.393947
5.94522
-5.98852
6.41281
0.362959
-5.69578
2.28393
-1.97725
2.93869
-8.3469
3.79952
-11.5917
-5.43136
0.332392
10.4674
2.43496
-4.10168
8.53189
4.10062
8.11471
0.824003
-3.87524
-9.97752
-6.77877
-2.54747
-5.45123
3.31814
-6.09013
-3.74536
-6.59625
8.63113
-0.82421
-1.12561
-9.49657
-7.17
-1.18121
-8.99036
-3.95434
-11.5297
13.8242
-12.1775
-1.53375
-0.510268
0.227137
-3.72273
-2.3155
1.705
3.57609
7.20363
2.91776
-2.24219
-2.88408
-1.96332
4.59339
-3.26108
2.64333
-7.53942
2.70103
-6.40972
0.145576
-9.23082
-1.9575
-17.1956
3.477
-1.79348
0.695346
1.09379
-10.2638
-6.25725
0.816742
-7.45151
-18.3138
4.47203
4.29919
4.71205
-6.71924
-6.1906
1.31548
4.76501
5.38154
-9.75728
6.80349
-7.14808
-7.41634
6.91321
-6.91541
-7.87313
11.4531
-1.2963
-1.53685
15.6527
-6.68295
6.51254
0.285034
5.44469
2.48408
-8.91906
-5.93742
-0.318333
12.4523
2.20052
13.4212
-12.1912
-4.09708
-3.74085
-0.402778
-5.68765
-11.1414
-0.683158
17.165
0.458662
2.42638
14.8628
-10.7694
-3.9021
11.8824
6.90986
13.2588
-8.61047
-1.68245
-2.79306
17.225
10.6706
9.09163
7.83274
-6.35436
-5.09657
7.8946
-0.85723
-1.13303
8.70273
-2.39168
-0.820093
-10.7312
20.1658
5.75746
-7.89079
26.7225
-2.44001
-4.1312
-4.22416
9.14386
11.2248
-4.56448
5.98465
-4.33122
-4.94259
11.4218
4.27859
3.77754
-5.2898
-2.24524
-2.85429
-4.15361
0.947511
1.75449
-2.5892
-9.82501
-1.65148
-2.64839
4.90611
-0.788301
-4.80402
3.46078
4.87964
-2.45697
-14.406
-18.359
3.5314
2.0331
11.0381
-6.37419
-2.5138
-6.01834
-11.1045
6.4798
5.78612
-1.34286
-12.8375
-16.0768
-2.89722
0.320708
3.94819
1.17935
-9.38018
14.7698
-2.41007
1.6588
0.804018
2.41885
3.99522
-13.7386
-7.67705
-12.6516
-0.605442
0.646457
9.70102
-6.18063
-16.183
2.6283
-4.2819
-1.63949
-1.22471
2.35014
14.0538
4.27341
5.22324
-11.3918
6.22378
-11.2784
-7.34882
5.16721
5.36086
-1.06957
-2.29548
5.81236
1.67038
3.38698
-12.073
-6.1531
2.28243
-1.25218
1.77634
7.70846
-12.3852
-4.00831
-11.725
-0.673393
-2.0325
-7.68141
2.66905
-18.4958
-9.7247
5.63674
-14.75
5.04414
1.07885
6.80919
8.2831
12.63
-0.299711
2.993
-0.373841
-1.11086
-14.8875
-2.05928
-2.84713
0.0220132
-9.84462
1.96235
-6.50649
3.78868
-8.40083
16.9483
-9.42785
-5.26488
-2.59667
-8.81908
4.32486
-9.34854
6.91897
13.6753
-2.75362
10.4769
7.82719
1.43255
-5.53543
0.705873
-0.522789
6.81192
20.6166
1.39888
-11.0683
5.45427
11.9281
-16.4196
1.32454
-9.47191
-3.61182
-5.4854
-4.41324
7.68383
-1.5622
7.46874
-6.29354
2.89358
2.20011
-12.3855
-0.53579
1.55426
0.75267
2.46327
-13.7908
3.14058
-0.844903
-4.93011
-17.6366
2.97207
0.832807
-0.322659
3.32105
9.04085
-4.54801
-17.1616
12.5814
9.0374
-7.98164
6.1526
-0.986881
-3.45376
-12.8709
3.08749
17.5517
-14.7301
-7.5291
7.24353
2.37837
-10.2358
12.5608
-1.53289
-10.61
0.402514
11.2271
-2.84178
0.807697
-4.27067
6.01834
-3.41551
8.46018
2.94605
3.93387
-9.63906
-3.61494
7.33079
2.94678
-14.8874
12.2703
21.0787
8.14772
-11.7148
-2.97924
8.09778
-1.4248
7.59615
-4.80456
11.6639
-7.74455
-5.5489
-7.05518
3.06295
9.25986
0.357409
-3.66967
-3.3116
1.79725
-8.49462
2.33449
-6.13389
1.49
3.22521
-6.42912
11.8296
-9.33685
8.39426
2.97044
4.86809
5.32325
-2.65326
10.8447
-2.33328
-3.06412
24.8997
-8.7045
0.616032
4.08338
-1.90434
5.97014
7.05711
-5.89836
5.20597
9.10979
-1.10514
0.900725
-7.8682
11.8245
-9.12866
0.739435
-7.96333
14.5191
1.55172
-9.97152
-1.2072
-9.90998
3.96491
12.2618
10.227
-12.0287
-7.16915
10.0714
1.68529
3.27284
11.4055
8.54891
-10.525
-5.86506
-5.62773
-7.39674
24.7392
-8.2309
1.80193
4.69378
-4.42843
14.24
0.0345119
1.18785
-7.75019
7.47774
18.3454
7.93368
-16.2186
-6.71802
2.67461
-12.7784
5.24583
-6.69221
-10.0654
-5.99428
1.8153
-10.3856
-16.1596
0.461026
9.82034
8.3168
3.31
1.00009
4.52724
4.6829
5.39296
4.31051
-8.5408
9.01973
-6.95826
-4.23054
8.82678
-8.98598
-5.42913
6.44103
8.14639
-7.34488
8.95158
-6.60581
-2.94956
16.4209
-8.31367
-1.84853
2.93287
-10.5557
-12.0724
9.481
1.97746
15.3098
-0.0168737
-5.0403
5.17953
-1.1821
22.309
5.28383
-2.01452
-0.381763
-2.67489
-7.48113
-0.612338
-4.01556
3.61063
9.77164
-4.92868
-2.05373
2.52338
-2.33687
1.72016
2.28005
-2.92123
3.64215
3.1861
-7.94598
-4.63834
-18.5771
4.35405
-7.69849
2.42137
-3.57896
-14.764
-5.44929
10.8924
9.66909
9.19225
3.80391
-3.8847
-11.2852
5.05911
-4.5404
1.57882
8.57948
3.63841
-6.62247
-0.499452
0.32993
-1.99158
-2.03483
-3.99526
4.11701
-7.4449
6.87241
7.04744
9.48449
9.81712
-6.80751
23.7694
-13.3354
3.14796
-5.4532
0.213173
4.96538
-0.490352
1.90925
-6.64382
0.830113
-11.7347
8.72785
3.43666
-4.15766
5.97843
8.5234
1.31885
-7.68378
13.5445
2.99675
-0.841129
0.325004
12.1616
6.65326
11.7879
6.80895
-5.12417
6.12485
1.4763
8.56627
3.9508
-2.68441
-3.23171
9.09695
-7.25285
-11.3729
-20.948
10.0032
7.91736
3.85364
-12.6325
-0.377458
-2.55506
-1.6511
-5.58995
-3.30234
1.78895
-8.93313
-8.27878
6.62731
-5.25605
-2.10875
-7.40614
-18.445
-17.9632
-5.66907
-2.03959
5.22499
6.15895
-1.93272
1.5325
-5.23714
-13.2213
6.82842
-6.66303
8.27129
4.98286
-2.73687
5.85031
-12.6452
7.46026
-2.36807
-27.4249
8.33706
-8.06464
5.90797
7.53518
10.6869
6.21808
15.0505
4.24701
-2.0642
12.3448
-14.952
12.2637
4.12784
12.7593
0.264608
2.70016
3.58202
13.1583
-3.30793
9.3802
-2.07276
13.8141
-0.0327899
-7.61438
-15.7232
-3.737
6.34754
-4.27077
-3.521
-2.50858
14.5831
8.78532
-10.3645
13.833
7.59199
8.75666
0.649571
2.24145
4.16824
8.25295
13.2015
-11.8464
8.24179
-3.98913
8.10709
7.42295
10.1057
2.73502
-2.37922
-4.457
3.99711
3.54493
8.81485
-16.2968
-10.6125
-25.2744
4.31465
-4.22393
-4.72523
2.16025
-3.92141
4.14683
-10.0547
5.47227
-8.66187
4.65308
-12.6035
8.11112
10.0538
0.459303
9.90122
-13.8787
-0.75692
-8.36731
-0.59999
6.31405
-5.38148
9.32341
-3.84148
-7.29067
-0.11815
0.177072
-2.39733
-3.00106
-11.2045
-5.70892
-2.34969
-2.84087
13.5641
-9.41684
-2.42799
8.91585
-3.89401
-9.12447
2.25899
5.54264
0.221692
7.16649
-10.5838
-16.647
-8.21823
-2.54593
-6.43509
-4.28296
-2.82322
13.4055
-11.3364
-7.18739
4.55876
-8.5566
-5.62013
5.16699
-1.40336
-2.75268
-2.03377
-7.18884
-10.1071
-5.16532
11.9513
6.52859
0.263592
4.2588
-4.73566
11.1383
-0.993482
-1.79959
10.2879
7.68549
-5.36527
-13.2548
6.34257
-1.4309
0.202271
7.28802
11.9806
-11.8702
1.56499
-3.27698
11.0403
-1.95987
-8.83366
-5.03977
-5.94297
-2.67331
8.02825
1.81078
-2.33689
-2.7374
-13.0396
5.60516
7.55298
-8.99256
2.243
-0.54712
-12.1699
1.31591
3.65498
-3.03858
7.8798
10.912
11.0963
-5.79404
12.8785
2.8388
0.540894
-9.25008
5.87608
-3.67309
4.52161
-0.334794
6.19538
1.01677
4.62403
1.31581
2.97223
2.03123
12.7097
5.26821
-20.5654
8.22576
-2.67107
0.530122
2.07578
5.79283
2.48633
-14.1773
-4.63904
-13.383
8.4662
11.2681
-2.38319
1.94812
-8.23035
-8.23148
3.28366
3.58101
8.61271
2.64392
13.0683
-6.31078
5.02815
4.6395
2.89153
-5.63267
0.217384
-0.859045
9.554
-2.67043
-9.04521
-3.01115
5.99152
-3.34768
-15.3947
-13.4489
-11.8106
19.5034
-1.10609
-4.55305
-1.07799
-0.122021
-0.347694
6.48466
1.28947
-0.900795
6.00036
8.6038
-2.81948
14.6441
4.38188
-5.92742
4.16559
9.83891
-3.81046
5.3487
3.08093
-18.5825
4.01927
9.878
-3.64862
20.2707
4.59164
1.55064
8.33816
16.4299
-12.8885
1.55315
-5.45574
5.97993
10.1033
3.24398
-11.3755
17.2559
-8.40952
6.87722
-0.325715
10.1689
2.26386
4.60839
2.57261
3.76839
8.3806
-2.38653
0.096014
-6.50235
3.20351
7.93096
-1.68899
-0.225126
-7.56944
-0.826157
-4.02785
6.07037
-13.1934
7.2351
0.712242
-6.87574
17.3456
4.03628
6.47237
4.99151
15.0061
13.209
1.74046
-11.8992
4.41207
-4.94881
-14.6551
2.3999
-0.429188
2.76317
-4.71339
1.73974
0.201126
-3.88255
6.73991
1.32624
10.7017
9.50698
-7.41363
-5.79227
-3.91659
7.75478
-7.27806
0.984285
-7.85022
7.37029
-5.3675
-2.21318
-1.86569
-10.7169
-13.5074
-2.59224
6.84216
18.2611
7.78249
-10.2526
-2.46779
5.18627
1.85758
0.924834
1.38356
-11.7912
-5.08305
-3.4792
-0.177573
10.5766
-0.107541
-11.224
-0.240997
2.31075
8.98012
8.07719
9.76085
-6.73077
-12.6642
1.67457
-7.32729
1.58147
11.0134
13.8939
-4.40209
-0.662958
16.2475
5.61724
4.33136
-12.1666
-6.5035
4.49349
-1.69015
-13.0574
-11.016
1.15918
13.9874
1.61003
5.65377
7.92486
8.13026
4.51219
10.0887
-5.59124
-2.33708
7.13576
1.64079
-9.68527
6.41363
6.92445
8.17848
1.27447
-6.78043
-6.38659
-0.269542
2.87986
-6.76843
3.03004
-10.4363
9.62835
-1.38139
-3.88654
1.55529
2.91711
-9.4355
-4.41955
4.24096
-7.73126
10.9793
-19.3239
-1.99677
-1.39567
2.86048
-10.0773
-5.10671
-3.42845
18.4382
1.65193
-7.67493
-3.77813
-5.85917
16.8907
-1.26225
-21.1042
-3.65858
2.56364
5.15111
1.62599
-3.90639
-0.103775
-12.9783
2.02639
-7.57504
5.77337
-4.9934
-5.69805
6.75383
-4.25366
7.15657
-1.42108
0.824868
10.9969
-4.75918
-6.99054
-5.49313
2.2423
4.39966
-1.07806
20.7696
20.7869
7.19468
4.5696
0.886265
-6.94966
11.9812
3.16993
8.1065
-1.4309
1.67672
-9.53885
9.99144
1.89369
19.6666
11.2903
-8.47928
-8.73457
9.2091
7.76204
1.75429
-7.52327
-0.966406
-2.85013
4.84274
5.44549
-6.01209
5.66085
1.14705
3.12754
-3.13108
-1.55459
4.04601
-7.56484
-6.48545
-0.108082
-5.55324
-11.2358
3.15524
-5.43305
-5.79606
-0.983779
-11.5342
-6.3554
-1.36534
-15.4037
9.21303
1.61459
1.09095
-10.9571
5.14067
-1.64025
-0.637088
0.962705
-3.0861
4.65239
-14.1129
-5.24261
3.08467
-8.49841
2.05785
6.8343
1.6926
-11.5158
-8.37241
15.5837
0.6335
7.19097
13.7485
7.29153
14.1444
9.99459
4.01444
11.6595
3.87042
4.25663
13.2343
-2.24226
0.209711
-0.973516
3.70553
-1.37155
6.75364
-1.23991
-14.8039
-1.60188
3.66421
2.44719
-2.62959
15.7263
15.696
-4.92046
4.70318
-8.58011
-3.00973
6.41357
1.96349
6.82053
-5.88057
0.415844
-0.62335
-0.866004
-7.99952
-11.3508
-0.225842
-6.52974
-4.95362
12.5146
13.122
8.67671
-6.14481
-8.45835
3.46077
2.60593
-0.337514
1.65299
3.98918
8.69201
-11.4856
-14.2847
-0.647647
-4.76197
-12.5612
-3.21442
5.68629
14.8108
-1.7424
-11.2948
-7.27151
6.37644
-5.84238
-0.962927
7.37451
-0.789624
7.41256
15.3741
7.05319
11.0395
3.24152
2.41691
-10.7765
6.92385
-4.07831
1.12193
6.47547
-4.77626
-0.0157274
-2.57181
4.43133
2.34146
2.47584
8.09347
0.74893
3.65331
9.07188
-8.22894
6.05493
-1.24955
1.34986
-0.89019
-3.38396
-15.7298
14.1151
8.05437
7.34309
-10.4473
-1.45807
7.73427
-4.69391
-7.49829
-13.0403
10.5726
13.0311
-9.21213
-3.97756
-1.11855
5.17695
-5.91569
13.6089
5.73446
-2.92116
-7.99376
5.57429
-8.52598
2.9274
-6.52816
13.0409
8.22342
-2.62803
-8.44312
-19.9809
-8.98624
9.76312
3.99476
3.31498
3.42522
-2.97249
-4.74483
12.385
-6.37659
2.94017
7.75137
2.78284
-16.4965
10.0183
-3.06483
-2.43528
-4.71045
2.93905
-10.2788
-0.914704
4.86086
-4.05369
-7.77722
-2.10981
-5.99865
-6.12363
-0.363338
-9.2746
13.2049
1.7744
-2.30291
-4.41192
-4.3691
-4.79042
-4.41053
-11.9028
-1.00717
-14.2567
-10.7023
-7.11938
14.1312
-13.6411
-11.1099
-0.55568
-0.825531
-13.6786
1.69584
-10.1336
-6.05151
4.96879
7.93623
12.2181
13.7252
-2.84403
-0.242586
-16.5567
-10.8603
-3.97928
-15.1902
-5.72084
-1.06308
21.9571
4.65778
11.4197
-3.76203
1.72567
4.27146
-6.48323
-0.162353
10.2917
-4.64012
6.44031
2.3726
1.61042
-0.980903
-15.0717
3.45962
-6.23257
-2.52396
25.3761
1.49053
-2.89005
9.76388
-1.80091
0.686017
-0.101187
-17.1452
-4.34968
-6.05203
-2.89914
-18.6877
15.6394
-0.174733
-7.25719
13.0435
4.27522
0.365559
10.1321
-6.40959
7.62477
-2.8332
-5.01659
-3.80586
0.399594
-6.69152
10.4484
3.74301
0.145435
-4.70696
4.29203
-0.673802
-3.6717
-13.0387
-0.545801
-6.53385
10.5026
1.00828
10.061
-4.1965
-0.108702
-9.21249
8.25212
2.77907
-4.17484
8.09654
-7.15964
-0.0737398
6.19264
-12.8231
-9.71662
6.23714
2.92996
0.809263
-5.14699
-3.616
1.33633
11.5719
1.44369
2.46597
1.75849
-4.32149
11.0826
-2.23561
-10.936
-12.7153
-0.923089
-9.8225
13.9155
-9.52027
4.33299
3.75348
1.25479
-2.6865
1.29308
3.08042
-9.55444
-4.67972
-3.89511
-12.889
-9.81691
3.30911
-15.1204
-10.1208
6.31948
-0.956901
4.04055
5.78453
-7.79367
-0.919994
9.05316
-7.69743
3.88904
-9.48115
-2.0242
5.47181
1.73315
-18.676
3.20543
0.464411
8.51491
-6.2084
-3.39956
2.94251
7.52097
12.2263
-3.6563
5.11834
12.1864
-1.91133
-3.97511
-0.834811
12.5982
10.369
2.65722
6.7279
-16.7745
-0.192311
5.46545
11.6222
5.33648
-0.376998
5.76214
0.934455
2.27261
-1.41318
-9.98222
-9.66504
-5.17491
-15.6164
4.85268
3.69847
-6.37127
2.17276
5.90957
-4.97847
-3.08205
17.6673
1.4437
-7.87227
-4.90854
-8.20806
0.32909
-0.790156
2.95663
-0.837303
-2.52689
3.14516
9.50598
-14.4365
1.44516
1.048
1.4083
5.10728
3.09264
1.52138
-12.1827
4.63286
-2.16812
-5.55938
10.7492
0.703649
-14.7183
0.811804
0.679166
-1.94234
-6.36893
8.14256
2.63164
-4.45124
-4.44627
-2.65093
-13.8918
-4.77364
-4.43933
-5.09591
9.95207
2.63674
-0.462166
-4.66364
-19.6638
13.2978
-6.59815
1.72579
-4.21706
6.65238
16.9672
13.695
7.3872
-5.37298
-13.3826
-1.23189
-3.14579
-6.32893
6.2902
0.896183
2.21841
1.13987
1.04143
-16.7455
5.26203
-9.51266
13.9888
5.92666
-5.77492
2.44129
27.0139
4.28708
-7.3217
8.49259
4.89417
-9.81293
-9.88992
4.79668
5.23691
-1.16422
8.33678
-0.516765
3.14693
-7.89179
-3.58168
-0.277695
5.38452
20.6129
-4.43461
-3.25171
-5.53188
1.2272
8.92143
17.8595
7.63795
-0.0660662
4.75886
-6.41481
1.86266
6.28425
-22.0225
-4.16211
7.84744
-11.8476
3.09251
6.22813
0.160338
-3.0067
-2.40499
-9.11685
6.94567
6.52988
-11.1155
5.42449
-1.96529
3.24872
-6.85168
-3.01163
3.00386
1.97485
-4.78828
-8.78187
-12.4905
-3.23429
-14.8297
-1.26896
-10.1042
-3.80777
-5.6148
-11.8729
-0.984849
2.33205
11.7301
-3.80641
-8.96039
4.75967
-13.127
-1.71044
-8.26001
-6.40598
-10.239
7.25505
-8.5633
0.511909
-5.42211
-3.86509
-4.17558
9.65446
0.262715
-2.57337
-18.4917
0.207364
2.60169
-2.39199
12.5384
20.1387
9.23888
-3.09413
4.62629
-15.7801
-5.27291
2.19526
12.4773
7.1781
4.48126
-7.8246
-1.6251
-19.7372
-1.62799
-1.55407
-9.14866
1.71736
-1.34323
9.08106
0.0569508
-9.01945
10.939
-1.30503
-9.64203
-3.8548
-2.64129
-0.716349
16.4205
-2.83108
6.48107
0.955971
-12.2446
-0.616511
-1.72478
0.241207
-6.50933
-0.767091
4.20976
5.87908
-3.52118
3.88192
13.7567
1.76271
2.88955
14.313
4.67621
-0.310176
8.4982
-4.80949
11.9691
1.84091
2.04997
-11.5225
-1.80274
-0.78364
10.046
4.27529
-1.92539
-3.59775
16.909
-7.21581
-5.82022
-7.89723
5.60497
10.3478
7.51601
1.38858
-1.42424
-0.434539
-9.07754
-25.8182
0.952991
-1.07656
10.787
-4.38846
-10.2932
5.26655
-10.712
0.163432
2.11299
-4.82771
-7.87996
-5.24832
15.1267
-5.0315
-0.842181
-4.25157
3.99367
-12.5595
8.07862
2.33538
3.47073
3.00631
-2.4496
-5.07676
-0.324523
-13.9247
3.63623
-6.48879
3.94473
7.21728
-17.9759
-5.30891
-1.27491
-8.16473
7.46752
10.6534
6.71191
-0.853035
11.3818
-9.84802
-0.515578
-2.41242
-6.87442
3.11192
5.85473
5.88509
0.743763
3.79797
0.248645
4.97112
6.94729
-1.69942
-5.06834
-4.06744
12.6284
2.5318
-13.9189
-4.3346
11.6943
-2.95426
5.10395
8.64892
-2.60702
0.564986
6.31542
13.7687
-5.84709
-0.174849
9.08559
-0.78138
9.34878
15.4489
-17.8352
-7.07156
-1.84831
-12.1567
-2.36636
5.92409
8.82716
-0.0242141
4.48281
-5.47326
9.04188
5.21911
10.4615
-16.7298
-7.54605
-4.10224
-4.58574
7.71242
-3.37115
14.1412
-12.1717
-2.26849
6.53564
-3.06494
-12.6047
6.43685
10.3886
-3.82785
-6.59851
10.4077
3.29031
13.5078
5.66715
0.213114
-6.98833
-3.30779
3.8194
-5.91967
-10.4729
3.01531
6.91195
-2.76823
7.753
2.99438
-0.726666
7.00976
-15.9288
7.73157
12.0139
2.21651
-1.94048
-4.77211
-0.142131
-0.498893
6.83787
-5.12317
-4.14891
5.84955
-12.6758
-12.5401
-11.4785
-5.69826
9.74047
7.58351
12.4499
-2.55292
4.78306
2.86971
-5.93693
2.26786
-2.99502
-3.78733
1.79554
-14.1876
6.42216
8.93913
4.68299
-1.0208
13.068
-9.78141
6.63184
21.0711
-7.19078
-10.1391
-11.4897
15.0502
-0.976829
2.2807
-19.1229
-2.56476
-5.97998
-0.548441
-4.3184
3.63513
-11.9019
-1.90939
-13.5342
9.4406
-11.0195
9.61471
-13.3678
1.32689
2.24732
10.843
-0.683551
-19.2525
-4.62814
-9.36576
-2.89579
8.76962
14.5852
-5.29011
-11.67
3.57637
3.06885
7.40892
-8.57083
-3.40469
9.3576
-1.2866
4.87874
-5.0965
-6.30391
-9.10141
0.0881074
-1.08637
0.718745
4.23051
-2.0717
-3.69577
-9.72878
-6.83658
-2.81833
8.40603
6.49615
-11.0285
-3.93248
-0.657105
15.6104
-1.13378
2.22764
-13.099
5.76414
4.58333
-2.49604
-2.01507
-20.0175
-0.774708
1.8303
-5.1513
-12.772
-8.86
14.9721
-7.3839
-7.66298
-11.7308
-9.07341
3.20679
8.93783
-21.4343
7.74725
6.04989
3.70957
0.085903
10.5212
-2.63276
-11.8957
-9.72239
-0.543285
5.72715
1.13266
-2.02183
-5.08594
-8.08847
1.35302
2.82672
-8.42293
2.43145
2.51188
5.61561
-6.49792
-5.91595
10.8429
1.04222
2.61827
18.1128
0.945794
10.9417
-2.87623
1.66654
-2.00492
-0.232763
-11.8297
-3.41548
-0.891293
10.77
-4.55222
8.33488
2.9574
-4.08589
-1.53961
1.30578
-3.71912
4.41991
9.76067
-2.21527
2.65389
6.82726
-4.57259
-3.47769
5.35374
12.306
2.88581
5.90882
3.69739
-6.05002
7.13429
4.71287
-0.260579
-13.8503
11.6198
-2.87652
-5.0744
8.89087
10.6039
3.68218
0.42969
3.17935
6.23197
-0.961193
-4.15903
0.198749
1.02363
-12.3682
14.8676
-0.611315
9.23235
-0.981401
3.37264
0.0831313
5.3984
-8.22147
-2.56614
-3.6907
-3.39251
-0.089282
16.3938
6.95461
6.05419
14.568
-7.64709
8.1917
3.41775
-0.495876
13.6387
-7.65625
9.12678
12.02
6.64172
-11.7086
11.146
-1.01244
-14.6231
-6.83877
7.32878
-2.86348
-6.3745
-1.49646
-4.24791
1.32068
-1.64372
6.31797
4.07519
-15.6287
-6.73973
9.24533
-1.30023
-0.217856
-12.5611
-0.318531
7.04679
5.26306
-17.4044
5.46389
15.6726
4.7431
-18.3457
-1.30221
3.80229
-2.12622
-2.15292
18.372
-4.24767
-14.3651
15.8271
-13.2137
-2.92191
9.42714
2.01512
5.62939
-1.5022
3.80904
3.46745
-3.367
-1.54937
7.78822
-6.97859
-5.14528
2.746
-4.49646
13.2525
-7.63977
-0.78663
-1.53999
-0.506678
5.40802
6.41341
11.1192
2.53176
-1.4124
12.8406
8.99659
9.88366
2.45622
-2.62151
0.934435
-6.57952
-5.61342
13.4697
8.67068
0.857275
7.60001
-2.84091
-4.38214
-4.03688
-10.5317
-2.73629
9.45266
-6.78079
-7.7067
-3.20698
8.4301
9.56117
-4.90016
-2.89894
-3.7524
-5.17869
-8.9473
-16.9318
-8.92397
2.16698
-2.68225
4.01133
8.39505
-7.53523
2.82401
-2.23197
-0.322657
-5.98921
-12.7628
-5.1843
-4.01077
9.64526
-7.1033
8.30745
2.26696
12.9894
-21.3967
-4.09534
-14.1777
-9.18543
3.37176
7.35073
5.90869
-4.00671
-5.45229
9.39696
21.0842
1.38363
-9.45951
-0.628853
1.64501
3.23754
10.6099
12.905
-13.8008
0.0893461
10.2049
8.67728
1.31264
-1.85727
-4.72141
5.20126
-9.74297
-4.15429
10.2427
-8.34761
-5.59934
-14.2368
-5.54622
-8.91452
11.2237
-7.71402
-2.72137
2.12606
7.28156
-14.656
-8.88563
-0.244275
6.49146
8.56604
6.51531
-1.3671
-2.91065
2.92392
2.24017
7.31515
-10.6875
-17.7399
4.08688
6.41471
-2.15322
1.86478
-9.65032
-2.10564
3.23723
-3.20766
5.65285
3.25924
-1.28649
13.3473
-0.530588
-6.13263
-2.25915
1.08874
-1.31232
-0.897428
0.503945
4.04255
-2.89679
-4.07892
5.09824
4.81164
-0.309623
1.03593
13.3888
-2.0827
-0.743603
5.4244
-3.01085
5.81076
0.316566
-10.3727
1.49592
12.2346
6.93736
-9.35335
-5.64293
-6.28719
-4.78633
1.2325
-2.20481
8.30623
-4.90537
3.09275
-0.942922
-10.3355
-0.761133
-5.29676
-2.97723
-12.2881
-7.21561
20.5051
-4.71069
6.63415
-5.20585
-5.27522
1.82972
-32.2264
11.6515
0.710502
-13.3508
-4.23788
-0.640741
0.161419
-3.68124
0.628899
-6.09541
-8.88601
5.92028
13.8742
7.52139
-0.330692
-7.42872
9.25509
-6.16782
20.0995
5.15855
4.89217
5.16181
10.0276
-3.75923
0.250752
-1.25446
0.0374697
-15.43
-0.15029
10.8206
4.14425
-3.40186
-2.51039
9.05629
5.5983
-9.6725
-1.46772
-2.98492
-7.98418
5.18202
-7.2955
-8.13174
7.25232
0.683811
9.07107
-13.7991
-12.654
-0.688783
-5.24618
-4.64407
3.75161
5.79542
-2.76418
5.443
2.2811
-1.5158
-8.95207
-6.13382
1.77284
-5.56357
-6.21703
-0.847622
3.02059
-0.867383
1.07207
1.03092
10.0585
-4.99928
-4.91819
7.91238
3.72732
-2.61258
-3.30181
3.59205
-4.88226
-8.07877
2.38145
-12.997
1.41489
0.29499
6.59912
-0.130549
-6.55954
7.49111
8.26808
-6.74706
-0.598976
-2.29241
-9.21658
-3.88908
-0.958745
3.47734
-9.8995
-3.02576
13.8756
4.58848
-2.31728
-4.35074
-0.427863
0.617965
2.73878
2.9826
-6.3038
0.452011
14.0542
1.60712
-6.77516
-9.38589
2.03922
-12.5302
-0.22297
-0.457126
15.6389
-4.32626
13.6212
-1.14333
1.32575
1.8485
-4.95856
-8.21719
2.28469
-1.10304
-0.0198532
-2.10433
-7.74647
-9.35963
0.06905
2.651
-2.71202
-1.93624
4.91474
2.61179
-6.2796
10.0379
-0.774077
-18.1801
18.0707
-8.09613
4.21467
-5.79319
-15.6298
7.55973
10.2518
-2.98353
-18.6194
-13.9698
-1.94199
2.04915
0.627438
-11.9468
-5.18248
-1.25148
-13.8391
19.3658
-1.71983
2.17908
-0.615744
-8.57267
13.3521
6.34252
15.8574
-3.37721
6.40403
-4.6053
11.8481
-3.8829
8.30804
-20.8959
-2.3705
5.90259
2.02652
-2.08109
5.56657
13.249
13.4245
-0.150084
-7.10104
-6.59771
7.46689
-2.86123
1.18219
-9.2294
9.81781
-6.31635
-5.72626
-5.36678
-5.50026
-0.525993
-1.53488
-12.0494
-3.21415
-8.01144
-6.06206
-0.259899
2.29192
-10.1766
4.76831
-6.87176
-4.92339
4.59336
13.6829
-7.10307
-5.30861
-10.569
5.91638
8.4573
11.1555
13.3195
-4.2972
14.7211
0.0997034
9.85517
8.17015
-10.7515
7.72315
-2.54853
-11.198
6.40304
-4.52766
0.892066
7.97632
7.15662
3.83926
0.650987
12.5202
-4.58173
3.65124
-7.584
-8.02692
3.47105
6.28744
6.64754
-9.03314
-16.2163
7.05006
7.49199
3.50293
-4.18277
-0.490173
12.4449
-7.59458
-6.78072
0.0602373
-4.4886
11.4289
18.9976
2.71882
8.40447
3.36955
11.7966
6.16699
-4.33346
-0.613249
-5.38212
-3.61938
2.61485
2.0941
11.9551
-7.79486
-7.7197
2.96281
7.36458
9.83518
-9.46801
-3.98014
-1.07687
2.38375
9.1993
-8.68377
17.4169
-4.13505
-2.16555
-15.1443
7.10331
7.28692
-7.65784
-0.111591
8.69977
-0.958995
-7.03231
-2.75481
1.67262
8.21482
-1.141
5.90211
-2.03871
-9.89855
11.9308
-2.51988
-0.15232
-3.45021
0.33812
0.732502
1.08274
-1.69142
-4.45655
-14.1356
-5.3099
1.90544
-1.18121
6.04522
6.35619
-1.10393
-3.70286
-6.80777
3.90395
0.64855
9.0625
7.89915
-11.0839
-2.01097
-1.69606
10.1754
-9.27215
-1.4934
-20.8878
5.85173
-4.31361
2.20942
6.97935
-7.36425
6.76064
8.89303
-2.35544
5.34894
5.81521
13.5573
11.6909
8.76952
-3.83022
3.78554
-4.55786
3.36601
6.13154
16.3654
2.60728
3.66895
12.072
-6.14562
8.40203
8.01711
0.916075
14.6918
4.04139
-7.08658
-7.66207
11.9241
11.8
-1.8917
15.1186
-19.716
2.58184
-16.0484
-11.3494
-0.388038
-7.25179
4.29663
-1.51599
-2.23017
-1.12704
14.7733
-4.29377
-5.03603
-8.45567
3.67832
-2.40981
4.60259
-9.77743
-1.3497
5.2702
-0.305297
-8.37855
0.149085
11.8273
-4.51805
-8.52028
5.29987
-13.4584
-5.54956
5.20837
-5.51455
-2.79812
-0.0633955
-3.3822
5.47746
2.6623
1.33226
2.12536
11.9882
10.2691
4.24083
-0.0971227
4.57703
5.14159
7.67323
-8.64803
2.47751
-0.562991
-2.27987
-19.5002
-4.8945
-9.99585
2.86844
-5.90307
5.46396
3.24121
16.463
-12.8436
7.45293
4.95959
-16.6823
-1.19314
3.29302
-4.45
5.97919
-2.15061
-0.102611
1.15008
3.45593
2.42905
-12.1465
6.11919
-5.04259
-8.00047
-8.00086
-5.73454
-4.65692
6.87902
4.57238
12.3799
-11.2295
10.3743
10.2232
-14.7521
15.9354
-0.348092
-3.78753
8.96905
-5.69727
3.36913
-14.5081
3.81308
-3.65793
-6.63008
1.31116
-3.81036
-8.50014
10.946
-5.60013
-7.3052
-11.7642
6.12476
15.7798
1.2754
-10.6508
2.29043
-12.7271
7.63284
9.6569
-0.693532
-5.07983
-1.27196
-3.12879
-0.979989
-2.57733
1.07169
-9.24414
6.63066
3.15654
4.69426
-1.51631
-2.86426
-5.31796
10.6475
-0.875018
-9.33933
-3.12258
1.41286
-0.706824
17.8995
5.48948
12.5884
13.9034
9.07595
-6.8323
-1.41045
-8.96266
-0.773401
-3.5663
0.481984
-1.90008
-4.3895
-0.103685
-3.64161
7.22719
2.90565
-2.61503
-11.1481
0.490194
-3.28429
0.864134
3.65293
2.74073
18.4567
0.742747
-7.55905
2.24211
12.5555
-9.34266
3.45409
-1.83488
5.02426
-2.7015
28.0775
0.15372
-3.47862
-17.6075
-0.408258
-9.21021
-21.398
1.88874
-3.19787
1.09339
-12.1977
5.43573
-3.20561
-4.42384
-1.08648
16.9749
-2.99636
1.42984
-6.25666
6.02556
-1.09131
5.54399
0.989294
-25.7352
4.72835
13.0579
-2.02948
0.329106
-2.00585
-5.84303
-21.1205
-17.9789
-4.93922
8.73582
3.11422
4.57438
-3.5277
-18.41
2.07941
-0.797639
2.28331
3.70854
-0.939064
-15.8914
-15.1234
-7.07823
-12.7508
7.93582
-11.3826
1.69543
-2.23245
-13.9574
1.40354
4.14589
-3.26956
-5.26363
2.59527
-2.00743
-3.03399
-4.91431
13.8813
4.51183
14.8999
5.70406
-12.7956
4.48804
-9.57355
-9.73393
6.02444
8.76859
-9.87281
8.21061
-1.06935
5.58318
-16.6676
4.62759
17.775
12.3035
2.92643
10.8692
-2.06544
-4.33232
3.18803
-8.73636
7.01146
-12.7753
14.0587
-14.1868
16.6177
6.53562
-8.99302
-12.0793
-4.66201
-0.496589
11.4769
4.20539
1.59184
-0.835693
10.2499
2.60236
-3.64631
5.22861
-5.09214
2.46228
10.9331
3.28395
-8.03234
-9.11318
18.1741
-10.6183
4.22458
-1.90591
1.9928
-1.62199
2.27426
8.88409
-12.5628
5.25152
-3.94654
8.67643
0.290485
11.0717
4.69907
7.09846
-3.37039
-4.75593
0.438847
6.33108
6.98965
-5.77679
2.46978
15.9068
-14.056
-5.10182
2.35384
-26.2175
0.796833
7.37417
-11.0806
5.41861
-7.2976
-2.64664
5.05281
-5.66
5.24119
5.57895
2.00299
6.54687
3.94579
-1.09177
10.8072
-16.3329
-10.9045
5.52489
-3.21597
8.29104
-9.26317
-1.29709
3.94923
-6.59126
-0.812685
-8.06018
-3.02458
1.88999
-0.0337535
-0.361849
-7.10851
-11.7793
-17.3006
-4.75087
2.4713
-4.89914
10.3377
1.52831
-3.28973
-5.13366
-8.88815
-9.00533
2.93333
-3.13309
7.34793
5.77603
-4.0617
10.1259
0.563469
8.43666
-3.87024
6.86056
1.6684
5.51567
1.06692
1.59226
-3.35213
0.457043
4.18456
-3.8497
-12.1745
-1.93221
-4.03899
31.8433
3.59658
-2.14679
1.11225
-1.35226
-4.60976
-4.93314
-1.55536
-3.14413
4.25694
0.159679
-12.2235
14.352
-5.25974
-2.65091
1.22262
-12.6833
3.87325
-4.34933
4.9518
5.9197
-11.9049
3.37672
-1.88928
7.56825
-0.559808
-3.41084
-4.97379
-4.92241
-8.56635
-9.5247
-7.48581
8.58277
6.43571
2.05915
6.84845
-4.95875
13.1455
0.768171
8.11978
-8.23594
-0.676063
8.55484
-2.87254
-12.3692
0.339868
7.20254
7.53116
-5.94051
2.37464
-7.21703
8.66226
-2.0165
8.64185
-4.12985
4.93168
-3.50731
-8.56142
10.1623
4.64794
5.25717
1.01788
6.78311
-3.54744
1.66666
7.3783
7.55418
-5.53295
-14.9051
-14.4921
-4.29583
-1.72805
-3.51367
6.17261
5.21705
-3.41417
-0.243208
4.12314
-7.33069
-2.98365
0.667177
5.0076
7.05145
0.571738
2.989
-5.90821
3.68912
0.314856
-5.67281
6.09447
8.26335
-0.0222862
1.20043
10.2759
-3.56794
-9.02956
-5.0611
6.67416
-18.3362
4.43423
-3.67862
-3.31962
-18.8154
-4.71831
-12.699
-8.63923
13.0682
-8.63058
-14.0721
-13.1177
0.902272
0.157239
6.09143
-2.30352
3.04423
-3.29964
-2.25499
4.67837
6.75381
6.41494
20.029
-3.08103
14.5428
-21.2014
-12.7189
-13.0818
4.58097
-3.21729
8.24953
8.66026
10.9657
1.159
-5.44852
-0.61036
12.8121
9.12832
-15.1124
-13.491
-2.2394
-0.566204
7.53156
-1.51304
1.79991
0.00400636
-12.0216
-0.247908
10.8166
23.933
-12.1045
-2.58194
-3.67198
-8.66838
-12.3429
-0.112453
-2.98755
-5.03276
-4.19653
-1.70167
-0.922607
-10.7766
-0.630884
3.53145
13.5016
1.86027
-8.25395
15.4732
-4.34933
2.41158
0.753512
-3.37616
-1.06894
1.08213
-1.54326
2.15901
9.5825
0.928511
-1.82101
-4.05362
9.90346
-9.05417
0.517811
-10.3974
6.15407
-5.903
-5.49995
-17.2939
14.0184
-2.09157
-9.50849
-13.9375
-4.63043
5.01594
-12.0594
9.75295
-4.65895
-5.6688
-2.63534
2.68362
-16.6846
-1.09527
-13.1455
4.72674
4.15656
4.24863
-8.90711
-10.142
16.5886
-15.3173
7.00461
-4.30106
-8.17117
10.0149
13.0697
-13.7827
5.38797
5.67685
0.740065
0.0294315
-5.02064
19.97
15.2979
-2.66395
6.57287
-1.1575
7.42263
-5.18441
-6.32377
-1.97772
7.35704
0.669456
10.1411
-0.421005
-6.81978
-3.57795
-9.90047
3.211
4.28604
1.78735
15.1098
4.26945
-10.6381
-1.84368
12.9542
-11.9469
4.24511
-9.38138
0.908821
7.46599
13.4298
-13.0804
7.90374
3.53396
-2.64294
-4.80924
2.67541
6.58181
-7.1818
10.7114
2.62919
11.1856
-2.99435
-12.4225
-12.5115
3.79696
2.64483
-7.09168
-1.07938
-6.77008
-11.6986
0.785132
9.46615
2.99116
9.85579
-9.2276
-0.472121
-6.74506
1.51444
3.75154
-1.90752
4.10411
0.967306
-7.58541
-12.8983
-2.15507
14.7721
-1.71267
8.11484
10.2421
-13.2859
-15.194
3.29483
4.42708
-4.51571
1.28835
-0.112941
-2.69489
-0.813323
5.68952
-15.7052
4.09136
-16.2289
8.55848
14.2807
-8.35788
12.8382
6.32254
6.87448
-0.518182
-13.1326
8.67577
3.38233
5.98295
-6.41283
3.88235
12.3957
-1.50521
4.17655
-2.05442
-1.66604
1.77562
-5.97036
7.34505
11.7866
14.56
7.58068
9.81175
-4.83353
-0.666456
-8.62855
-8.53546
-8.57954
2.6441
13.1847
-1.12225
-1.20579
-0.833274
2.84769
-5.21312
8.81286
-0.365677
1.28994
-8.4606
-5.12716
3.18851
-7.98573
-6.74699
-1.31168
6.26298
-9.59886
-7.76894
-7.07463
-6.41707
1.57938
0.794234
5.91399
15.6626
2.36667
-10.6538
-6.16447
16.4484
19.7362
-4.35251
1.23732
0.531262
-17.8605
-16.1897
-2.46375
-0.396673
-0.0762045
1.19263
-5.35378
20.3835
6.48833
-12.8071
-2.42419
-0.640666
1.01936
-1.5182
3.95498
3.93031
-3.6105
-0.814777
-9.66601
3.79239
-2.78508
-0.451584
-0.785691
6.70669
6.43792
-3.36873
8.11538
-6.87506
-7.91679
9.64494
-3.19895
8.21086
18.1983
-2.78039
-7.61276
5.94953
10.6148
10.1053
6.66931
1.72346
8.18322
7.13353
14.5287
0.462601
7.90191
-2.0575
11.2761
-11.1936
5.61545
7.26391
-0.384938
8.17932
-5.92604
10.9965
15.5312
-8.98418
14.3528
17.3076
-15.1142
-13.521
-4.89533
8.38262
-16.2804
1.83181
3.83872
-0.450307
3.09959
-3.42361
-2.70297
-3.23479
-11.4851
10.6661
0.99614
5.93593
4.42162
-2.83128
-2.88554
5.02993
14.1116
-3.21735
23.725
8.42206
17.4344
-7.93663
-3.44671
-3.66582
-2.88073
7.6869
-10.5531
-6.31354
2.27725
12.7683
-9.76441
-6.30327
-11.4511
0.928194
3.77685
-5.59
-3.43847
2.59237
2.43797
4.07039
2.40168
-0.0355646
-5.87338
0.694065
1.65088
-4.90239
-14.7187
-7.53256
-3.20066
-0.0778123
5.57478
2.88549
2.36293
3.76081
-2.12187
15.2938
-9.70781
0.326971
5.54977
-2.41303
7.35253
12.1045
15.7774
-5.46614
9.74989
23.6914
2.64753
-4.85641
8.30007
3.07054
18.18
11.9082
8.30168
0.155652
-10.8421
-0.911015
-4.89571
7.12022
7.55869
-9.62903
0.888764
-4.36994
-2.88697
-5.06825
-7.09411
7.05426
0.620835
8.61628
-2.40634
-7.85202
5.36583
6.0537
-7.18113
-15.2241
3.68398
8.36413
6.43672
2.31228
11.4307
0.314296
-8.0893
1.65867
-6.07777
15.5969
5.61125
-3.33522
-1.39845
-15.6884
-10.3033
6.73122
-4.66264
-2.80902
4.81382
1.75297
2.68473
6.43778
0.62585
3.19127
4.01015
-3.92408
12.0991
1.58078
7.18644
1.04923
-6.3735
-1.17231
-10.088
3.85724
6.50497
13.3451
-9.88516
-5.56913
13.379
6.1981
2.01795
6.70158
-6.83937
-1.67097
1.51745
-3.26067
-20.1082
20.1235
-12.5166
7.48735
2.76085
2.71869
-8.63872
-1.97948
-11.9585
-5.08091
-9.16215
12.9018
7.69406
13.4761
-4.31147
0.805399
4.93105
-3.04906
-5.47132
-9.08087
15.0627
-1.5323
-0.0915763
-16.864
20.3831
-17.2369
1.71633
1.43181
-7.21217
5.558
-7.91435
-7.18588
11.0869
-3.96491
0.84823
0.992248
14.585
3.78449
-1.43291
-4.13141
-10.353
10.9812
14.8526
-5.33495
4.94465
0.682131
7.88585
-1.36386
18.2774
8.60276
2.8449
-7.73734
2.87306
3.50087
-6.01286
16.4828
-1.86392
17.9735
8.83047
14.2976
-0.224777
9.14764
3.71274
-9.54735
-6.54522
-11.7462
5.58191
-10.1738
-7.48397
-9.93275
12.3202
6.47368
-9.46815
2.4318
15.6542
0.887348
5.2182
-7.29778
-0.808834
4.81969
-11.0107
10.6291
12.2528
3.16256
11.925
-2.13115
-9.08489
-1.58789
8.99419
-12.4482
10.4424
-14.5048
20.7289
6.13269
-5.46014
-0.77568
8.88335
4.97506
9.31676
15.6589
1.83856
3.04235
-0.799681
1.87754
1.18506
-4.25912
4.4406
7.01018
-5.92456
-4.81528
0.481015
-4.04362
-1.89844
-9.42242
-11.3576
-15.5574
-15.6098
0.430261
-6.90114
-16.4249
-7.11039
5.86044
7.37487
-2.38
-5.99515
-5.62255
0.194648
8.716
2.22983
1.90062
6.68089
0.403143
-0.0824963
3.82757
-8.64447
-7.70382
-4.13473
11.2013
4.69764
4.67982
-4.76869
-5.90189
-12.0918
2.5655
-4.32768
2.59083
10.2729
0.078635
-0.360473
6.03247
-11.1456
-19.6822
8.33411
13.8496
13.7281
10.9012
14.5071
-4.72859
1.81603
6.87237
-5.71563
5.31759
-8.52405
-4.53389
4.52845
-3.92323
1.23387
5.13204
5.82753
2.92469
2.99411
-3.27671
1.53136
-8.06076
-7.34797
5.22723
-2.30084
0.365015
-0.933565
6.87606
0.0616809
-3.96195
5.21075
-2.29606
2.01919
1.99519
-1.23037
1.84631
7.96194
4.93566
-12.6101
5.74838
-4.0684
6.84912
10.1207
2.61356
-11.1625
4.38992
1.18002
0.895831
-1.27519
-2.81808
3.97902
-9.56408
-6.87443
0.32409
20.4554
-10.703
2.08747
-3.01573
3.21714
11.0423
-8.763
-9.46392
-0.125865
17.9494
10.2367
-1.29637
12.8993
4.15613
-14.1205
5.33506
-2.65722
-12.9524
16.9647
5.82102
-2.34176
-5.56762
2.65136
-1.53679
4.03009
-6.6032
0.0315987
-10.9462
2.39676
-6.4977
-1.47866
-5.74693
-8.03426
6.23767
-4.5506
7.27246
3.12122
10.5568
13.5843
-7.62491
1.48142
4.43194
-16.4544
8.49523
-6.81741
13.5008
0.583732
8.8744
-5.52275
0.822177
2.95393
-9.32092
-6.55228
3.90911
4.84528
1.8299
-3.83848
-13.7504
-6.19871
4.67375
11.9563
7.78393
0.239264
-14.2114
3.353
7.93186
-1.34593
8.15723
-8.66639
8.04357
9.90405
-6.94479
-9.0649
-7.00737
1.08643
-3.75293
4.14122
-4.0803
-3.44098
-1.46183
-0.989271
13.7185
1.20052
-7.00497
-12.9423
9.66853
-8.34499
-1.38001
-1.83397
4.84016
-5.63567
-4.9415
27.1051
14.6764
-8.80278
2.66967
5.48444
-0.0256401
17.72
0.954101
-4.67179
10.3248
-2.9877
-11.0646
5.66483
-5.66797
-5.95394
1.00847
-3.1337
10.4507
-10.714
-7.44747
-8.01626
-0.720839
0.112992
0.631616
-2.44967
-8.39515
4.51285
9.59159
0.673419
3.24386
-0.435028
2.11032
-7.12193
-5.93007
20.4124
-9.83997
12.3925
11.2757
-4.96163
7.04421
11.4323
-1.84257
2.56818
1.35666
2.96049
9.32396
2.71223
0.173982
-7.06006
-20.4062
10.8326
-5.55477
-1.44198
5.28526
-3.22182
-1.47895
-5.24254
-0.979102
6.13368
-1.51112
-0.504322
8.81712
-3.38846
2.01768
15.1116
-1.79662
-8.12972
0.452853
7.23828
-3.50544
2.19345
11.0013
-0.497033
-7.60713
-13.1756
1.16698
-1.01498
4.29356
0.456232
-1.41289
8.8462
-21.2991
1.81943
-5.11423
10.2941
5.68468
-11.6747
-9.98772
4.44761
3.87657
1.91017
-6.67691
-1.13262
-0.0588643
10.3116
-6.97818
-11.3054
-6.61276
3.25096
18.5724
-0.0220475
-3.54119
3.41483
8.57031
4.09333
-19.5103
6.94343
7.3182
0.913966
-4.51241
-15.6138
-8.16783
8.84796
-4.01341
2.69674
-6.25413
10.6115
1.84264
13.0917
1.51488
-5.89211
0.0862034
-14.5434
2.51961
-1.77818
8.9458
-18.8358
1.38577
-5.07145
2.35216
2.84347
6.86411
2.67674
4.45682
-8.73497
-5.99011
3.38432
6.5758
-2.99553
7.67424
9.81418
-14.5673
-1.70395
15.5524
-11.7287
2.75037
-1.1647
-3.58755
-13.6455
-2.4522
12.5954
5.57245
3.09748
0.144717
4.67418
14.4487
-0.182994
-2.46098
5.99748
0.738144
-10.9752
-1.39477
14.4065
2.21232
11.5339
4.97816
5.85497
1.8139
1.98862
-1.11965
0.870484
-12.6306
-11.0662
-2.66971
11.1242
-4.71889
-3.39262
5.20968
-8.74513
5.21427
-1.10097
-7.90777
-3.97183
2.92496
10.2973
-1.96862
-9.82372
-6.72276
-4.17186
-5.37311
4.6966
-6.2313
-6.23149
3.72593
9.32521
0.424375
12.7338
-1.55879
-14.0339
-8.86109
-2.08048
-2.94395
12.2449
-2.51152
-1.60233
8.29303
10.0977
-3.87378
8.1617
-8.83992
18.3387
-14.0551
5.1419
3.23628
5.12611
-12.597
0.057426
-8.26296
3.9232
-13.9575
-2.05155
-6.82259
4.79654
-10.362
13.5424
-13.8991
-0.340474
-3.84137
-5.6663
3.10132
-9.49
-3.17171
-0.717236
-0.844307
5.5624
12.7942
8.32244
-2.3875
-1.82052
-8.40189
11.4297
6.17704
7.14976
8.91918
4.24883
-7.47022
3.67374
-12.9942
-0.909491
6.55219
8.63833
-1.05956
3.78212
1.35769
1.9898
-1.69657
3.09943
-5.62198
-11.5083
-2.38291
11.6873
-12.5906
1.33633
-1.19333
-3.69837
10.9289
8.58588
-0.194456
0.370382
-1.6317
0.748141
-6.62778
-8.23041
-14.2909
5.64674
1.31711
5.41243
-0.72431
-0.32671
-3.15443
-9.12568
5.81286
1.08844
-1.21468
4.16791
-1.08649
-10.3976
13.639
-2.70446
-1.04776
-2.32018
-0.735224
-7.27864
-5.42215
-4.28429
-1.89395
-1.89827
-1.3299
-1.62322
-0.826818
-3.84807
-8.04187
-0.426572
8.13268
11.1609
3.07846
-13.315
4.16702
8.3724
-5.81789
-8.62435
-6.93066
-7.38816
3.78743
3.58228
-6.83564
-8.22518
-13.0998
-9.71425
-5.67359
10.3821
-0.768497
5.47839
0.0574499
-0.0920347
-8.42016
4.09809
4.68109
13.0025
-0.989259
-4.08249
-9.18758
-2.26639
5.66474
0.22384
-13.4826
-15.9795
12.0947
-4.07832
2.28135
-1.00288
-12.0368
5.52972
14.2243
-9.92852
9.50904
2.34137
-7.03234
2.26305
0.271799
0.982998
15.6978
0.739759
7.57057
1.43431
6.90804
7.01595
2.88824
6.5242
2.64041
3.08275
-5.60982
1.27521
-7.03438
-11.7859
-13.4159
-3.76776
-10.906
-5.92662
5.92509
-10.0294
-6.97817
-7.64465
-5.03688
9.59666
2.80705
-10.3818
-3.5481
-4.65359
5.69214
-8.04941
9.71961
-7.34723
-0.536657
-6.68079
8.00942
3.22136
3.13326
-4.99941
-0.0944082
-10.4028
-9.56911
4.46475
-22.513
2.67487
0.136627
7.76372
-1.11043
1.01693
-3.00966
-4.98808
2.52592
8.75412
-4.9406
11.0216
2.94601
8.54962
2.80468
-17.2208
8.96823
-2.14142
-2.42103
6.03276
3.07221
-5.89934
-12.0788
-5.52836
-0.980922
-2.43116
-11.0477
7.34679
1.28944
-3.32591
2.90753
-2.26134
-4.65115
-9.15888
7.92629
-4.39435
-1.6585
8.77808
4.20838
0.557816
-5.98171
3.27762
-0.104703
-11.323
6.18505
18.8394
9.59099
-9.40889
-4.91811
-5.66884
0.30323
-6.34505
1.23292
7.82602
6.82171
2.62032
-19.6556
2.55359
-4.86253
-5.3961
5.2273
10.6077
-11.6801
7.57824
-12.6096
-8.99729
-3.70581
-3.52556
-0.423863
-2.66346
9.76981
-3.85033
3.43675
-11.611
-4.02959
0.359287
-7.07903
14.7118
-0.0668946
-9.38912
-7.93282
4.86106
5.12964
3.6341
6.716
-0.796618
-10.8948
10.3586
-12.82
5.97461
-4.87627
-3.16601
-0.853653
2.11256
3.20771
1.8696
4.10284
-2.70802
16.839
7.75806
-2.565
-8.14262
-3.77165
11.6531
-0.97817
-6.02829
1.49194
-13.9132
13.3058
11.9788
9.50493
8.17863
-5.54854
-4.18679
8.62513
-5.82572
-5.22968
7.05399
-8.45586
7.7858
-4.69433
-9.13114
-5.70768
-3.78666
-3.66314
-8.81991
2.43623
6.9655
2.85523
1.63802
-5.16225
-4.22384
-4.19361
-6.76926
-1.21861
-2.76494
5.61921
-2.88462
-4.5759
9.42522
-3.47291
1.29493
9.13862
4.72407
5.86474
-0.954192
10.8877
-2.49529
-3.41504
10.1892
4.69417
7.56104
-7.64776
-3.65203
-12.4028
-3.40969
-6.64969
-14.5651
-14.3741
2.17821
-7.52827
9.11285
-3.09824
24.1544
1.60458
-4.73618
-6.28241
6.56962
5.93403
11.7719
7.49539
-12.3102
-1.62005
-9.76949
-4.40513
9.31636
-11.2888
4.31725
4.80372
1.78042
0.0472008
6.15001
0.630339
10.47
-10.409
4.5849
-9.47409
0.11018
-2.08193
-3.29241
-0.629612
-7.01392
10.8034
16.7577
-9.62132
-0.251316
1.30789
-5.62752
-2.06573
0.856864
-5.04634
-17.0164
-13.73
2.92055
3.16862
2.61352
-8.99358
1.57795
-3.49024
2.66125
-2.99238
12.9284
14.6666
-19.6617
-5.98314
-3.74592
14.0233
0.701773
-7.17973
2.89022
-5.18935
-6.88965
9.11369
9.88464
1.85502
8.63175
-0.737965
-2.08863
0.535272
1.59532
13.4033
-1.38886
1.30911
4.30299
15.3743
-13.464
-13.7697
4.15811
16.4704
-6.01871
0.487843
-0.645364
-5.67498
-17.6964
1.4009
-9.55645
-4.2515
-2.99572
3.79298
-0.612537
4.09118
-3.63875
8.75409
2.58258
-1.91108
-3.24733
4.12049
3.22415
-2.26767
-2.36581
-2.11206
3.70159
-11.4572
12.3591
-4.26402
1.18271
-4.04684
-0.920504
-6.53675
-10.5971
2.37853
-1.18968
8.30224
-3.82158
-6.4181
-1.54277
-0.216253
6.95819
17.3254
-3.15425
2.51362
-9.46745
1.75395
1.28359
7.76578
-6.95236
-3.60801
-2.75214
-2.78481
-14.655
6.60936
3.80334
-7.78547
8.86026
-0.618255
0.0380923
11.7447
4.80204
-12.9397
12.6114
3.78844
-3.76167
9.89886
-8.57199
-3.3725
-1.50247
-25.8861
1.2622
1.11925
-3.59608
6.8623
-14.4749
-1.35624
-3.21259
6.79181
-2.58191
-7.60331
9.09819
-4.78753
-3.17831
7.50713
10.0714
-8.75725
-2.89316
-18.1699
-2.73165
-0.174512
-7.1647
6.53999
-8.69788
-0.0907693
-0.927743
1.53862
6.51327
-9.53258
-0.84167
-0.0965258
-5.08867
2.94916
3.2167
-4.74811
10.1762
9.5038
-13.5768
-11.9682
-0.0536737
7.621
0.122482
-15.4648
-4.65981
-5.37955
-1.38543
-1.11535
-1.92654
-0.64605
4.57699
-8.26284
1.97121
15.9075
-0.854854
-4.38777
-3.53164
5.47857
6.00419
6.02056
0.958533
2.74746
-8.11586
2.10901
-5.18326
5.68217
1.28205
-8.85782
-5.13028
18.4588
-0.710766
14.3506
3.24013
-18.065
-8.27395
1.87003
-3.55341
-2.27059
5.44191
2.23648
3.01198
-10.9938
-9.88686
5.58386
-8.95663
10.4155
-1.68954
-5.39473
-9.43319
19.0528
2.55864
-8.40702
-4.29309
-5.41898
13.9081
-16.0972
11.2735
4.2403
11.8681
7.34327
-1.54994
4.68397
2.88914
-0.607649
3.57636
15.0328
16.1953
1.75134
-4.12579
-5.29628
2.59748
-20.8377
7.30467
-2.85802
10.1057
7.27789
5.74591
-10.0212
4.56873
-1.60824
3.94887
-6.33303
-5.14463
4.948
-9.1271
-7.42891
-8.18921
-10.0231
-15.6139
7.74177
4.56702
3.66113
1.14839
3.48463
3.9174
12.2165
1.75253
7.12356
-3.72907
-3.88402
3.62189
-10.3855
0.146075
4.32975
-1.80851
-2.55806
4.3703
-4.87614
-5.89741
-13.4161
1.15098
-3.75302
-4.44608
-0.32365
-6.28968
6.05054
12.7829
-4.68801
14.5459
2.36041
-1.31787
12.3196
10.7411
6.80936
7.47947
-6.97096
-1.20881
-8.88792
4.71442
-3.3204
8.72012
12.837
-0.00443542
5.21153
-3.79479
9.48017
5.40096
7.23026
1.22588
14.2148
-12.5412
17.9374
-7.63932
-9.57687
-4.35103
13.0108
-8.0468
0.184195
5.82438
-2.0964
6.5631
-3.13011
-0.284927
11.0471
-4.4697
-1.6212
6.07464
-0.495819
-4.02522
-3.47562
-11.4223
-0.798875
7.1676
7.60963
-1.80606
-2.66816
7.19248
6.88534
-0.392414
-6.60002
-0.777191
3.79541
-3.272
3.71656
-2.88102
-2.37488
4.31324
-11.1834
11.032
4.65104
-8.61811
3.83183
-5.36523
1.50117
-8.45824
-16.0557
-1.79399
8.08455
8.49955
4.35501
-5.39138
-13.9999
-5.4893
-1.57666
11.1382
-8.38465
1.31639
-0.934937
-5.26365
-0.232375
-8.27885
7.78368
-11.2995
-4.72722
7.63135
13.4126
-5.46762
-1.84568
-4.11673
-8.83516
-16.7074
-8.00883
1.8232
4.62803
-2.5594
-7.99678
7.98275
0.326326
3.00697
0.377705
0.705744
4.75304
7.65292
-4.81863
-8.18467
5.13204
-1.02349
-9.8377
1.87944
-4.1104
-6.7447
-4.86508
-14.1588
0.244349
7.248
-4.49895
17.356
3.04323
-3.72595
-0.899552
0.860514
15.1765
-18.2981
15.6385
-2.22347
-0.537759
-7.46995
18.4685
13.3485
-11.695
8.15139
-7.1441
-8.0189
16.5429
10.1498
-3.78818
13.9225
4.72571
8.98493
-23.4209
2.44079
1.91873
-13.0482
10.7
-3.30289
-6.72019
-10.6049
-22.1233
3.55274
8.53111
-6.76589
-21.6617
-1.53793
-7.63297
3.66918
13.6602
2.62212
1.79996
0.887461
12.9329
-2.00415
5.79414
7.87023
-4.99361
-4.45722
-9.17812
2.2699
1.63807
-10.2781
-16.6425
14.05
1.92497
-0.771869
-3.83079
2.31045
0.162945
2.1436
-1.71534
7.02161
8.12951
17.8612
8.70237
-17.005
1.48863
5.82151
1.21153
-6.65289
-2.72968
0.44254
-0.191035
-10.9385
-2.12766
2.24643
7.82644
-1.32171
-7.55229
6.43832
3.27043
-2.39353
-8.45052
-13.5326
-2.8563
-3.83343
-8.27557
-0.426911
-3.18283
3.64624
-3.6676
5.03206
-21.2387
6.53228
-3.49783
7.13545
-1.92048
8.41686
-13.2049
-9.48968
8.78114
-7.12577
-5.83274
-12.6084
6.37201
0.55743
-6.37313
3.05464
6.09209
0.183085
-15.4338
3.5677
-2.85408
-8.57202
6.34459
-2.23838
-1.05552
0.0550257
2.93554
10.8481
2.39089
6.69256
-0.419695
7.60213
1.29631
2.57836
-4.71449
1.68764
4.85287
4.01317
7.7864
8.29792
2.61955
1.19905
-10.9229
14.5257
-12.725
0.0770714
5.0747
-2.9578
1.74508
0.045048
4.252
-4.68285
8.65727
-1.34373
-2.1032
0.862186
7.68384
10.0849
1.3483
13.5816
10.9927
-8.08298
-6.99568
11.1939
0.410457
1.88802
-1.72821
-12.7695
-2.96322
-0.547421
-0.900968
-13.5633
0.55218
0.227855
-6.803
0.162892
0.423794
2.12884
-1.58593
-7.46741
7.83514
-4.93659
-4.81683
5.61622
-1.16304
0.331518
6.08193
0.410187
-4.38076
-2.18384
-8.82722
-5.00203
17.3093
3.15563
-7.7218
-6.84233
-9.11492
-8.5181
3.47444
-12.706
15.8122
-11.9266
-11.0818
-1.12895
7.60864
9.39642
-2.61456
4.71916
6.69734
11.9187
-8.05948
1.98826
-10.1623
-7.03827
-4.2166
-13.2359
5.78075
2.51098
-10.5879
1.68877
-0.364557
-3.72362
6.20678
-10.7267
-5.68061
13.3485
-10.9751
-3.21972
-0.511999
4.54233
3.14935
0.101762
12.747
-3.81367
1.42959
8.83472
-6.94474
-16.5934
11.0351
-9.90738
-9.02654
-3.33949
-7.5201
13.8136
-1.23018
-8.4291
-14.1718
2.97652
7.70902
-10.5973
-14.7313
2.86983
4.68905
17.1559
9.35955
3.6594
-4.05864
11.3565
-9.37091
3.84377
-9.31194
-11.1615
-3.44676
-1.01339
6.94062
-8.4574
-8.93221
4.91797
-7.4509
0.693963
5.09236
13.4069
1.99335
7.14826
-10.9298
7.03557
-4.42963
13.5289
1.7418
4.19722
-0.851177
1.8354
-7.3697
4.91776
0.964611
-2.00411
-7.70136
-1.47003
-1.09727
3.2212
0.597685
7.59924
-4.01368
-5.79608
0.206577
-9.04084
2.69598
11.2002
-1.35372
9.97876
6.02287
-3.15814
-1.08859
-1.21784
-5.34248
4.82301
9.07463
9.33137
-7.95152
0.162161
-1.83289
-4.17106
-2.05803
3.34533
-0.874289
-6.25564
-7.52534
5.524
3.1709
-6.58
3.30915
6.79201
5.02362
-11.007
2.04604
-7.3726
5.56412
-10.1041
-13.3133
-3.19803
-3.61068
-7.72559
-16.1669
4.37937
11.8201
-4.29838
-14.3095
-9.9173
6.12148
0.125662
-13.2437
5.17066
4.88035
-4.89792
4.64865
-11.5869
0.414844
16.0171
4.38256
1.34166
0.91945
-26.9267
-7.70872
2.69613
0.0238817
-5.90724
-6.42555
1.58278
14.6736
-1.63621
-8.77741
-11.9144
7.8705
0.985979
5.27168
0.199481
3.78148
-16.6878
15.3081
-10.3156
-2.90511
11.6329
12.958
-4.57314
1.49023
14.0625
4.06783
-6.01641
7.19311
-14.2095
-4.1922
-13.1276
4.86856
0.421131
0.875783
-2.68062
14.9306
5.35104
1.24438
8.35075
5.63469
-0.543379
-8.39135
3.27416
3.03017
-4.01431
17.1847
-6.95131
0.0735283
-4.80304
12.6861
-11.1429
-12.7093
15.9042
-4.42823
-1.00478
-6.33725
-3.38947
-8.00303
-15.3931
7.08105
5.06499
-1.35131
-4.98805
-16.6054
6.61176
13.0625
10.5937
3.4515
-12.2664
17.7739
14.6408
1.0816
-7.01986
2.11734
-9.63631
7.82536
8.11188
9.9956
2.67034
-1.23633
3.57326
2.74971
4.82388
-1.11825
-10.1245
-9.53425
-6.31767
-4.76135
13.3616
-19.7773
6.07381
-9.73702
14.7244
2.93515
-7.12298
-4.32992
-6.72028
-4.72598
0.335521
-6.57165
-0.625797
-4.43775
-3.02847
-8.2311
-9.69261
-3.24416
6.70329
-2.81069
10.816
5.86499
-0.748367
2.27002
10.0549
-7.803
8.44005
-0.134288
4.30806
4.30619
11.4192
9.6431
-3.02726
0.708274
-4.04169
-6.66116
-0.255458
4.00489
7.58218
-12.4831
-5.75847
4.21932
-4.94872
19.5926
6.14091
17.3958
-0.650865
2.89184
2.85018
2.2105
-0.161606
4.82366
11.3543
-3.08158
10.4958
-9.40952
0.388
3.0904
5.58824
-10.9848
-0.785182
7.86717
-12.4358
-2.42442
10.2674
-5.95493
-3.84983
3.66106
0.0976931
-2.32789
7.41139
-8.58037
-8.5406
-6.65209
-14.1882
-2.82735
0.99861
-7.50351
-12.3266
-2.05316
8.39972
-4.66959
-6.3538
7.87697
-8.13212
-3.21639
-0.919782
2.84636
-11.9032
15.6944
6.31326
-2.96793
-0.041218
3.63997
7.51288
-4.12072
14.482
5.2796
2.83791
-6.37109
0.379511
10.3194
-3.66366
4.28343
-0.394524
-18.1947
12.429
-8.68133
7.79963
-9.87493
-2.9646
-2.48092
14.4387
-2.13516
8.26104
5.09932
-8.51238
2.90901
-1.82418
2.89955
8.73944
-14.0372
1.63446
0.224417
-7.93586
-15.5312
-10.417
4.0897
2.7337
0.592847
11.9255
-0.692492
-2.14631
0.489886
8.34531
-10.6657
-1.30863
-1.88331
1.35723
4.69257
3.93481
4.91534
-5.4572
-2.49929
24.822
-0.49453
6.6426
-0.326083
-5.77637
-8.32372
2.34088
4.77138
-1.22466
-4.70297
-3.6827
3.3584
-21.0898
-10.474
-2.50982
3.30326
8.53124
-0.191544
-0.306035
2.81805
-7.62359
-8.97203
5.7734
3.50379
27.1951
4.60679
1.18876
2.38801
-21.8123
-5.28199
-0.586553
16.7651
12.8547
17.2036
5.71194
3.52879
4.72264
7.28325
2.42396
-0.534586
-4.07181
-1.87589
2.10964
12.8558
3.48499
-5.06993
9.5981
-7.31734
16.5289
-15.1074
0.852435
-18.1498
-0.328642
1.54526
-22.9444
3.4944
-6.29145
9.93352
4.72663
7.68179
-6.87941
-0.819728
-4.39746
-5.95722
1.91619
-2.23475
4.4668
-1.96489
7.46287
14.3059
-4.63635
-21.0395
13.2638
9.36308
-3.45843
-3.13982
-8.37402
6.01566
8.99591
-6.69442
-5.313
3.8068
-1.24391
2.71404
4.71864
-0.179565
11.5137
-9.45153
9.99382
7.46044
-1.99479
-9.59578
8.64899
0.0466289
-6.00803
-12.5842
-9.00553
-13.3214
3.69469
-20.7754
-2.39325
3.71679
-0.994806
7.37773
4.38096
2.91224
8.59931
-4.53058
19.633
0.703109
-7.79281
7.83579
4.10882
-4.25265
-4.47764
5.54923
2.99901
-6.64428
1.22287
-0.272267
-1.38863
1.05096
3.86741
-4.66388
-1.13849
-3.85451
0.796861
20.6134
-9.66044
-6.68397
-10.0523
-3.9612
4.17546
0.71156
4.121
-5.55431
-11.1619
12.3816
0.617843
-11.4279
5.98589
14.4546
-15.8558
6.30658
4.17207
-3.57082
-8.92968
-7.97723
-2.48676
0.42941
-5.68287
-2.42546
-20.9845
4.27622
-5.76221
-5.42071
-8.95665
-6.66996
-11.7632
-0.0216069
2.64174
20.4818
4.292
-24.7162
11.9649
-0.710858
-19.1637
3.23905
2.9406
14.0048
-4.42416
12.3362
1.71362
-10.3703
9.92327
5.04889
9.97781
-0.816858
0.802503
-3.64714
-14.0754
6.35834
-8.39654
-6.02369
4.22751
5.79635
-9.87104
-10.844
10.7828
5.24731
2.7955
-6.88489
-2.79793
-11.86
-18.9738
4.20606
7.51592
-13.0654
6.64802
-1.4309
-1.29032
-0.0855062
3.33737
2.32528
-0.609204
0.114835
2.21108
21.1624
-11.1532
-1.24959
-1.40024
2.06791
-6.43611
-7.06071
6.92134
1.44592
4.93034
8.83509
-0.935132
-6.94469
-2.20617
-3.74917
9.42979
-5.048
9.21442
8.18768
-2.5847
19.368
12.7791
-11.689
-2.94043
11.4732
-7.89178
1.75362
-4.69193
6.17932
4.08472
-3.01872
11.7601
0.949259
17.1465
13.8014
-9.75499
-13.186
-0.0878315
-7.89866
7.22463
4.53277
2.30451
-11.0641
-2.10719
-0.961211
-1.61582
-10.0904
9.18636
-14.1145
0.342701
5.34908
11.2416
-8.52069
-4.51999
-22.3202
-0.707871
3.94823
8.20736
-1.68583
-0.594853
-0.768432
-14.6432
-0.561016
-10.9051
-3.22776
4.16406
-1.88039
8.19709
0.297351
-0.219393
8.5541
19.9353
3.84843
-9.04621
-16.8955
3.34414
10.9844
0.532044
5.72648
8.20205
3.93302
-7.92816
-9.72903
-0.623207
12.9136
-3.12166
13.9591
14.4179
4.79096
15.578
-6.59077
-13.6152
-5.98292
9.80892
-7.46
2.60139
1.93545
0.942399
-0.795426
1.37194
3.59388
-2.586
-8.0406
-21.4604
-6.45875
-7.86403
-8.40764
5.6251
-6.36914
14.7476
8.01898
-7.02297
5.99882
2.60533
-3.00846
-13.6928
19.1714
-1.18331
10.0346
-5.8123
-8.09833
-10.2416
1.81492
-2.31012
-5.97655
3.38593
-5.67292
-17.6833
10.6827
0.10545
-1.24257
3.83966
-3.79419
-2.4865
6.77219
4.37696
-2.38037
-1.99364
-4.07266
-12.7168
9.30706
19.2732
-13.0854
1.16844
-0.918902
4.14966
-5.04131
13.4585
10.4796
-6.77702
-2.00403
-1.18327
-12.0389
-8.79158
-4.10189
-2.49959
3.72968
-0.665458
-4.08502
9.62604
10.6419
6.29946
11.5783
-14.2471
-3.57553
-0.500825
-4.30387
-9.81675
9.13653
2.84505
0.347141
13.9911
8.04348
-7.39052
2.28863
15.5523
-2.10467
1.72174
5.5312
-0.946924
-1.5629
-2.43989
-9.49659
-2.90819
-11.7351
-10.3514
-4.59126
1.65304
2.49022
-13.7386
16.545
6.23064
-6.04337
7.91185
1.84489
-11.4745
-3.53861
14.3812
-7.58379
-3.56075
-11.559
9.66829
-3.72918
17.3122
-7.04726
6.17506
7.82216
7.39805
2.15264
-5.76257
5.75096
-2.9033
-13.9626
1.28347
15.0812
-2.27702
-2.79556
-9.41993
-15.28
-7.08719
2.51616
2.55858
1.36125
-7.76092
-8.28194
3.00892
-8.23308
3.81471
-16.0521
-4.87877
-0.335279
-19.004
8.35943
2.68857
6.19055
-5.78804
-4.1774
8.85749
-0.523544
19.1887
-16.5872
-5.25984
0.110712
16.4326
-1.96951
-14.5503
1.14101
5.9308
12.1203
0.678746
-0.0249071
4.97648
9.50119
4.39283
-0.999405
10.3077
-21.3998
-1.27191
-11.7375
-4.70806
-3.9376
-9.60631
9.29531
7.42984
-15.3201
4.57378
-5.44636
1.90472
5.86358
7.65549
-12.998
-8.16894
-7.03456
-0.0580965
8.39073
2.85508
-3.43994
14.2645
14.9648
6.37023
-0.468627
-1.05326
-3.57094
13.4131
1.66023
-0.199812
-0.770178
11.6263
1.59533
1.86552
1.5497
0.527565
-2.13281
-12.5307
3.91259
-7.69799
-12.9172
-3.24423
4.55401
3.13335
1.9177
2.7572
-10.73
9.49486
2.21608
3.14465
-1.22982
-11.0471
-3.34977
-8.06227
5.10831
6.39616
-9.31447
4.20252
9.02578
-5.51547
18.9218
-9.98622
-7.8787
-6.08052
-1.90618
3.01354
2.75516
4.10539
-7.16622
-7.19684
-10.7494
10.0362
11.1972
8.03421
5.41153
4.63261
-0.126142
-1.60258
3.94153
-9.84016
3.92019
5.18
-7.87591
8.6465
-2.99154
1.11787
6.52349
-0.903211
-9.51079
15.2371
3.47734
-2.46019
0.488044
3.30246
0.499176
-5.086
-0.445882
8.03775
4.36268
0.661126
-1.98099
0.531644
3.15393
-4.35385
-7.28358
-5.60418
-14.277
8.46223
1.70951
-13.6648
2.61505
-5.20026
1.19126
-2.75571
4.70145
1.73624
-14.8473
-6.03426
3.61143
13.2161
-9.66631
2.64522
-4.68959
-5.44003
1.55225
-6.8182
0.820646
-0.857745
5.42415
-6.64645
-2.99237
8.87097
-4.31225
10.9797
14.7133
-0.819936
-3.73432
-11.9661
11.6889
5.66573
-1.8036
8.16544
-18.9231
-6.31272
-2.45125
-16.3192
-4.75747
7.59961
3.12617
-1.86032
-3.34671
-11.2407
5.26416
-7.57533
-7.20462
-10.4805
-7.52212
-1.47055
9.39185
-20.108
-0.134342
16.6984
1.96968
11.6063
-4.9601
3.55163
6.39002
-15.2231
-3.62213
12.5814
6.27716
-3.86524
-4.55524
3.6658
9.31248
-4.29495
-5.25307
-8.5591
-8.36744
-4.99496
-1.89398
10.7958
-7.74466
-5.30575
-2.9035
-7.6941
3.27459
8.16769
1.71334
1.05252
-9.36778
3.07934
-2.41904
10.4291
9.62213
2.69543
6.51787
7.44032
0.339544
0.985997
8.00816
-2.98918
-9.14717
-1.76568
4.44948
0.435601
1.07439
0.197382
3.75604
-3.76478
4.97379
9.25082
-3.18316
-0.140386
-10.9711
0.790549
-3.82537
2.365
5.12865
9.30155
-2.39877
-8.97321
-3.8038
8.47851
1.59794
2.31203
-16.439
1.98656
12.0157
-3.42453
-3.40077
2.83395
4.69809
9.00561
13.047
8.9225
-10.2448
2.66711
-12.6037
-9.8742
11.4285
-0.890319
0.573201
-4.1809
0.0405891
6.68186
4.39245
-6.84968
-12.0658
25.9068
-6.08859
-5.71258
-8.89048
-2.7345
-8.20328
6.13339
-5.01575
1.3177
4.90916
17.2461
13.7454
-1.42345
2.78752
6.30337
-10.8073
-3.63159
-13.099
10.0303
-6.36413
2.0258
-6.16882
-2.71354
0.331199
-5.82889
-6.53704
1.5484
-2.24501
-7.43048
12.1813
13.0563
-4.5487
-11.1378
7.13494
-17.2701
-3.82745
-0.33324
3.34342
-0.529127
-12.8415
1.94054
-3.64597
17.1693
-0.0401372
4.18812
3.27324
-7.37864
-3.97458
10.4592
-7.08838
-3.91173
-13.2582
0.596505
3.16112
3.83604
-0.0366071
-5.30109
-12.4346
-1.0897
7.83137
2.63211
-0.188755
-7.34155
8.30367
5.14569
8.08191
-13.3775
-4.18936
-8.76372
4.83371
2.98983
15.7526
-9.62994
-12.1922
4.85745
0.382689
-7.49852
-3.78793
-3.13337
-2.95945
-4.0863
-11.2509
8.52116
11.5758
6.21974
0.374441
-6.28814
7.32427
4.00699
15.6126
-7.08924
-21.0194
-4.05591
3.96907
-0.154472
-8.20154
-12.5863
-4.45072
9.94695
14.5042
-3.21096
1.03931
-0.932802
8.13136
-5.50135
-6.50473
8.36748
-1.21469
8.35644
-9.97993
-5.80889
-10.4282
-0.209797
-10.4633
0.483046
4.39493
16.545
10.9926
5.73002
0.216787
-22.7047
-5.8803
-16.1985
7.95019
-3.64533
-21.045
-6.18782
0.121621
2.39555
-5.22145
-2.73483
7.66145
5.13001
-7.76118
14.4051
-4.3544
-7.25828
2.63796
2.83888
-11.1573
-5.85587
6.41644
15.1175
-0.705057
-3.57823
-2.58953
-10.2498
-3.028
11.8001
-3.78181
-1.66311
-6.39226
-7.47941
12.2665
8.2887
11.4106
-0.796984
3.96372
-0.792306
6.29483
-3.41846
-11.5241
-6.27245
-9.82528
-9.24078
-6.7032
3.40725
-4.74253
-2.64509
0.838469
8.6843
1.28718
-0.94331
-6.50356
11.3938
-3.83741
0.76641
3.08651
-3.35707
-8.55792
6.97665
4.37263
-7.57826
10.9657
-18.3763
-10.3735
-13.1635
-2.89919
0.154729
-5.01131
7.65997
10.7643
-2.32107
-9.52968
22.3101
0.383166
-6.49229
1.7114
-10.3196
9.60967
-2.20017
-10.3991
10.3524
6.23724
0.780427
6.613
-4.67967
0.190789
-2.75385
5.99834
-5.25682
-1.29787
0.8581
3.86546
-0.196989
2.29171
4.69146
0.491557
6.61789
0.844961
13.0899
4.43128
4.07875
-3.61591
-4.5174
-8.44516
3.5351
-3.27189
10.9365
-4.10089
1.10593
-8.32926
-3.11142
7.05381
3.16579
-0.211675
14.5545
-7.29427
1.53933
4.32551
-5.23965
0.093512
-5.92478
-21.869
7.62917
-1.4735
7.53081
3.5843
-9.25013
-4.97663
2.37896
-11.7328
4.1808
-10.1178
-8.76772
-8.94675
-2.57614
-2.38996
-18.2796
5.76309
-4.40953
-6.33119
9.01634
1.24719
-10.7105
-4.27406
-0.376922
4.89039
3.08408
5.88405
2.23715
1.33013
-0.911538
8.78244
9.60864
-12.7931
0.628505
-10.3813
-2.76262
2.93156
6.41743
-6.98798
15.5289
-7.06588
14.2279
-3.75837
5.70389
3.56788
-4.42254
-9.73368
5.17315
14.1696
6.73463
0.983986
-3.11136
-7.6445
-1.24152
-3.69465
-8.66568
-1.94346
-15.2235
6.58942
11.8868
-7.03249
10.6535
2.02028
4.55418
-1.77789
4.99377
-11.0845
5.16275
0.434961
10.3447
4.77107
1.20119
6.42377
11.8776
-3.51626
3.61352
-11.8687
-0.89806
2.78518
-8.0622
-11.8847
5.79214
7.84497
-7.24969
3.6601
-28.1762
-8.55352
-1.42204
-0.724293
-14.0817
5.42788
-12.1396
6.75934
7.05815
-2.76246
6.58101
1.48508
-2.14025
-5.181
-7.57551
-9.88409
9.38649
17.5229
-4.86961
4.22244
-5.45549
-2.1549
-0.570168
6.84646
7.81892
-8.70823
-3.65996
3.04432
2.0911
13.0357
-5.81406
-0.349599
-19.5653
-0.410736
-2.27845
-4.91168
-11.7886
6.81317
-1.97777
-1.80657
2.08349
-5.62359
-0.391622
11.467
3.75695
9.99624
17.6377
2.15916
0.876631
-3.54469
4.26266
-7.93071
2.67046
11.0838
6.31637
2.21946
6.70638
2.27718
7.68272
5.36782
-1.13051
-3.79625
1.87243
-1.8675
2.60721
3.74757
0.601852
-4.48214
-2.3657
15.1767
1.94862
2.99123
-9.08022
-3.43123
3.90549
-4.36052
0.884535
4.6974
-2.21272
2.27751
4.27346
7.74451
-1.96099
-4.92152
-9.60494
-1.40034
-7.32175
-3.86152
-9.59023
-2.37476
3.78877
10.7966
5.82952
-1.50135
-17.5462
-8.73479
-7.81714
5.7793
-7.46506
-0.192606
-4.38273
1.63785
8.24969
12.6915
7.3112
4.80527
15.3567
4.92612
1.14427
15.2034
12.6571
-9.11727
-11.4399
-3.883
-6.36916
-5.0901
-2.85764
-3.39677
10.4548
3.70606
10.1321
16.471
6.91707
4.58167
1.58665
9.57608
-5.63639
3.24225
-7.64608
5.80421
-4.10428
-8.43025
-3.94104
-6.35708
2.38341
1.40201
-8.67301
-1.59051
0.496046
4.05005
-1.87134
-2.34803
0.705935
-5.26165
11.1596
7.64614
2.70473
-15.6907
10.5419
0.770615
-5.64517
-4.85244
10.118
2.688
0.72749
-13.2418
-0.891674
-10.854
0.15834
-6.3198
4.40286
16.0904
-3.01799
-9.69055
4.32255
-3.14303
7.10829
8.31001
4.6117
-4.80027
5.78267
-8.13348
3.99618
-6.69395
-2.35938
-13.4421
-2.23739
3.50579
6.7709
-12.0498
-10.6618
-1.48842
-0.925174
-9.1367
-6.47998
-17.4538
0.647201
-9.11017
-5.39192
-6.06669
-6.43984
-5.86127
3.81229
8.72457
-3.75861
3.20638
-7.23524
1.02445
3.40715
7.69896
0.0953155
-1.7525
-0.298493
-5.25421
15.5055
-5.37736
-1.0662
4.54455
2.83239
-14.5601
-15.33
-1.11163
-5.73977
8.21688
3.06242
4.95026
2.81273
-5.6564
12.9788
-9.61781
-22.471
-1.92314
19.5415
-4.86433
-4.25564
6.5601
-0.263285
5.50949
-14.6387
0.77863
1.40008
-2.9223
-4.30596
-1.42983
-8.10317
4.12206
13.1654
11.3332
4.17338
11.6356
0.459596
2.0643
-1.72631
6.83396
-6.08549
-11.4896
0.76929
-18.0081
7.5224
-0.978586
1.0304
5.42659
-11.6556
5.03196
-0.107079
-8.79469
-6.5342
1.13134
-14.0059
2.52246
-4.06668
5.4711
-6.23308
-5.60024
-11.0404
13.9187
13.3134
6.41402
-18.1396
2.53272
-0.943803
-7.614
-8.48007
-10.0231
-3.16645
-5.9008
9.64394
-2.0019
11.4369
2.45549
1.48074
-9.96125
-4.21789
-7.53007
2.22872
-7.8929
-7.88199
-0.838454
6.64067
2.1724
-0.198704
-5.5343
-12.8469
-16.3007
15.3316
-0.344949
-6.71331
-2.99066
-6.76622
14.1262
10.5059
-7.97877
-4.09964
-14.1961
-0.856061
4.74961
-7.39973
-0.654181
13.2907
1.93522
5.5915
6.68067
9.70819
-2.54571
-5.92155
5.68682
21.2769
2.87738
-6.44622
5.14359
-6.25334
1.39002
-5.23408
-7.13468
0.534941
3.38893
-1.16359
-12.9794
1.06738
4.34296
-8.93813
-12.9195
5.08347
12.3723
-0.264372
4.97735
-13.9188
5.3009
-11.5236
-11.9116
-2.81393
-6.13419
5.2808
-1.73634
14.0246
-2.39893
-2.46834
5.26722
1.66947
3.52531
-8.96406
-0.111169
-14.8986
-12.0341
6.09145
10.9739
-5.92484
21.5802
6.25519
11.4388
0.852377
7.59931
16.1279
6.54996
-14.3431
7.39882
8.80408
2.78066
9.37645
14.1383
-2.70931
-4.68234
3.42115
5.41462
-11.7102
12.8288
9.58244
6.95104
-7.24125
-6.37453
3.78756
-0.18568
8.74212
2.86851
19.1
2.62334
8.22411
-12.3604
-0.402737
4.17183
13.6013
-4.93166
15.9511
2.20653
-9.17969
-7.5079
5.50386
1.32603
3.66971
-10.0366
-11.841
7.38821
4.39204
-0.587721
-4.34002
0.257121
-10.425
0.959495
-1.11495
-2.47482
-1.70863
-0.0345431
-3.33749
9.18809
-6.45807
6.49908
0.140044
3.13465
6.32165
2.2975
-12.5872
12.7279
10.4394
2.14057
-1.53588
-11.9934
7.23992
-6.67708
0.12382
-5.42269
11.8011
-0.464463
4.80396
-1.1278
0.145699
-1.71141
-5.36753
0.51642
-1.44223
-11.6807
-4.42547
-12.1416
-4.02917
5.35967
15.1207
-3.9877
19.3519
-3.93951
9.8945
8.4908
7.24266
-3.90334
12.4371
17.7694
-13.9456
7.28347
-0.319639
-8.24844
1.7749
-3.19293
-5.76437
0.00978768
-3.69963
9.31702
8.55708
5.7317
-4.25056
-11.5644
1.34459
11.0847
5.91019
1.47007
-14.5169
-14.4959
-3.83584
4.90266
-2.82152
-2.51688
-1.1979
-5.96089
12.4539
-1.1406
9.39201
-9.30541
-11.704
-10.5818
9.58659
4.21349
-9.98109
4.17384
1.52455
-8.52408
7.67024
-11.2074
-2.18347
-1.24268
2.25577
8.03386
-9.49114
-14.3685
5.30787
-8.73414
-4.5218
13.8202
-9.56969
8.62247
17.0557
-1.92421
-11.2925
10.3225
-3.19023
15.5191
13.2013
-5.4468
4.5058
10.6868
-5.45599
4.22883
-1.40846
5.23767
-0.497003
-2.6844
-6.33528
9.99691
8.14155
10.3764
8.86609
2.66893
-2.80212
9.60669
10.6722
-7.59731
-1.48757
-6.29267
-2.28938
9.1624
8.01714
12.7846
-10.5768
10.7825
-1.94659
4.19855
2.63126
1.77722
1.19271
-12.1225
-4.8734
6.21519
-9.70174
10.1211
9.78972
-12.3189
-3.6795
-4.17549
9.29615
3.24106
-18.1198
-5.40087
-10.5881
2.7928
-2.89139
-6.92243
-11.9763
-4.27828
2.94498
-10.3389
3.91939
4.42495
4.45563
1.85272
9.73001
15.2582
4.57269
14.0068
-0.268352
3.91265
-11.8539
0.249698
6.39189
1.28819
3.16766
-5.66326
2.88001
13.5974
-18.8122
4.91061
-6.12754
-2.04496
-8.63621
6.21069
-6.45969
-7.5761
0.769452
7.08141
2.62902
-5.23943
8.23195
-6.67872
-15.9532
-3.72928
-5.64344
-0.702339
5.28387
-3.94863
-0.903309
-0.17999
5.95388
13.9785
7.59012
-6.8578
6.51416
-15.1029
-17.9984
-18.3153
4.16891
4.30671
-1.97645
-8.08286
-5.48834
20.8867
-14.3807
4.83097
-2.63455
4.60979
-11.0402
-12.3451
1.66846
-18.6913
2.15618
3.20449
-11.0343
2.91314
6.01716
-22.7233
2.9297
-4.68483
0.454659
0.567992
3.57113
7.64874
-3.29928
-5.85427
-10.3324
-13.2993
4.48639
-14.2606
-6.40643
-0.843892
-10.8454
11.4245
2.76412
4.59143
11.9944
-19.0607
-8.72925
2.86866
-1.49325
-5.14254
5.83374
9.42121
-11.1954
-11.2082
-7.86428
0.900845
-1.56963
-4.8759
-5.36607
11.3493
8.64537
-9.22447
7.52775
2.52468
-3.88428
4.66882
6.78409
9.05753
7.66806
10.3282
3.28047
-3.78811
-7.79487
-5.88225
-6.78913
-0.361748
-2.66187
2.79534
-12.6545
7.02952
-3.42739
2.10618
6.68727
8.97658
-3.64455
-1.97138
-4.07677
3.7059
10.0233
-4.82204
-9.75525
8.17955
5.44219
2.8957
5.40382
13.1167
-18.0752
2.41584
-2.13193
2.60953
6.42084
-9.58243
-0.883703
6.5148
-0.0483983
17.9568
0.819791
-9.25154
13.8775
-5.70642
-1.12873
-5.82295
22.0159
8.06595
5.23482
-9.18157
-12.2979
-2.46664
-0.35
-2.11481
-4.09623
14.4401
8.73257
20.0286
5.92009
-6.5203
12.6816
-4.48644
-4.82979
2.34175
-12.1579
1.46768
4.51366
-1.83496
4.36641
4.36627
-6.85603
-1.96184
3.64312
15.3808
-1.94165
2.92589
0.67883
-4.59339
-7.43785
-5.85428
11.8536
1.74472
2.70998
-7.95394
-8.5679
1.69541
-3.80511
-2.72024
0.415648
7.67142
7.33216
2.88967
9.97021
10.5427
-9.79182
-6.87849
-6.81564
-12.0453
3.3182
-3.43421
7.01491
0.343579
9.68277
-11.1438
-0.923492
5.52649
10.4422
-5.39193
-15.2269
0.488241
12.2206
-9.83314
1.33893
-15.3403
-2.03221
-1.74395
-8.28973
-5.19938
3.58176
0.669588
-10.6017
1.98851
5.13522
-13.2428
-18.4062
10.3976
4.59479
-1.69398
-4.66556
7.20282
3.75328
4.1275
-9.90329
17.2911
4.9864
3.53414
2.6632
7.88672
2.38453
0.345057
-0.500405
-15.3058
11.9248
-12.4389
3.14232
2.11486
-8.75062
14.2729
-3.67521
-5.37862
15.415
-6.30106
10.2252
-3.23863
6.21493
-14.8019
-4.37553
4.77849
12.0959
-8.80532
0.310316
11.1053
0.591776
4.56241
3.05588
-6.21761
17.5541
8.02372
9.7704
3.7288
-7.15829
1.50641
2.17013
3.62674
7.80719
-6.25637
-1.19376
17.7038
-4.27707
-2.21898
-1.54269
0.568182
7.66128
6.48775
-6.84
8.89514
0.627639
1.53719
15.2469
6.86994
5.59552
4.7154
-3.42962
-13.8637
-1.93282
-15.5846
-12.6139
-2.80721
-5.05071
0.238763
-5.6838
-6.33216
7.10901
12.1427
-3.44726
2.23474
8.44441
-11.0758
-12.062
2.90216
-8.28591
6.97929
14.1921
-0.715457
-1.85814
-10.6096
-6.49335
-7.78192
-4.08119
-14.2885
-9.4452
-8.92469
-3.34233
0.824609
1.49916
-1.13222
15.6623
-10.9153
11.312
2.94765
-10.0152
11.2271
-3.72478
6.01482
0.723166
11.6426
11.6336
-5.37872
-9.66435
11.0026
13.1308
3.37967
1.75772
5.50181
-8.83476
4.78831
6.52598
6.95219
-10.7869
0.755962
8.23839
3.87494
-14.9331
-9.06479
3.42166
-13.7441
-12.9826
-1.37933
4.24112
4.31172
-6.99495
13.6949
5.93276
2.95925
-1.86172
1.18198
1.76258
2.91338
-5.30413
-0.228068
-12.3219
4.18583
-12.3808
7.09812
14.7984
6.25043
-11.2068
9.60263
-5.97418
-3.07882
3.70569
-2.4069
5.01768
-0.166717
5.56823
21.1598
-25.2867
-16.5047
-3.28753
5.19338
-2.8553
-5.43897
7.13273
-1.78397
-18.6174
23.3831
11.5334
-12.6271
7.86362
-0.0730356
-16.764
-9.71132
-3.68041
5.24264
22.5851
-6.19496
1.03367
5.85064
-0.989285
-14.5729
6.13757
7.48099
0.088341
-11.1328
-1.94338
-5.26621
3.29371
0.896808
-13.2922
11.3049
2.95126
2.95716
-4.05262
4.15842
1.83934
-0.309663
6.63657
-1.40014
10.74
-1.54141
0.494974
8.62554
-4.75182
-5.99155
-9.0451
4.08385
-0.875477
-6.19442
1.64007
1.05327
2.96218
-3.46678
-0.346899
9.97912
-1.97799
-1.20524
4.41821
3.06812
-4.72836
-0.00767688
-5.78212
16.5848
-2.08341
0.606282
-3.90593
15.5336
-3.5419
3.68226
5.83031
1.81601
-0.0587705
1.55433
-8.86643
0.398166
-14.2303
-1.24126
-4.77094
16.2642
-2.74968
4.6664
-6.88576
-11.4868
-2.9996
1.3698
15.1667
-9.19657
-2.61451
6.74572
4.4131
3.02373
4.16051
7.54924
5.06767
-0.213017
8.72577
12.5154
-0.13209
-1.40817
3.95412
-3.31154
-11.0783
-8.50199
-7.67295
13.278
-1.69958
-0.128722
9.7588
13.2007
3.47038
-11.2246
-9.72494
7.78414
-7.0942
11.2989
0.488188
-19.1736
5.86543
-7.44763
1.83731
-2.71867
3.70687
7.32554
0.376806
13.5284
-4.38174
-11.3228
6.31335
-2.25625
1.17656
-16.4618
-0.0737082
4.22371
3.42464
5.31416
1.95313
7.26395
4.82204
1.95932
12.8364
-9.43095
-5.6623
4.68132
10.1304
12.6945
3.73029
-15.3683
2.00272
2.95417
1.20672
-17.4696
-20.854
-11.993
-3.79138
8.49876
-4.73416
-11.9416
-3.15128
2.36869
5.20722
10.7168
-11.1604
15.294
-21.0848
5.78566
-0.43512
-0.76675
-1.50168
12.9926
0.269832
-7.98868
9.05401
-9.71383
10.9289
4.16502
12.4911
-4.84939
2.2295
16.3196
-11.2881
0.367145
-3.37661
10.0043
-6.89348
0.804494
-2.90939
-6.90404
-8.79013
2.59103
-0.0114722
-4.05263
-18.5001
-7.89577
0.275493
5.63435
1.87475
6.01596
4.35511
-13.8349
3.02149
1.88304
8.88364
12.254
-8.52473
-4.59249
6.38956
6.62619
3.14458
9.08535
-0.642168
-2.1466
-2.17461
-6.11372
-6.53413
0.04708
5.63037
-15.0866
-7.50843
2.06003
-2.39039
-2.91064
1.12962
-10.4044
-5.60335
-9.63546
-16.3275
-4.82141
5.32863
-0.947163
1.98433
13.5283
-2.31818
-2.85892
2.67911
3.34881
14.9941
3.7657
1.37623
3.06072
2.57598
5.1686
-2.30678
-7.6139
2.53252
10.0618
6.57899
-7.82393
-2.585
5.54922
-7.44706
6.48764
-0.0110776
21.745
-5.22668
1.75503
-0.526028
1.43834
17.7584
10.0115
9.17089
2.02553
1.20607
-14.429
-4.93795
-7.96736
-2.40091
8.98713
10.3215
-11.8061
-5.6552
-6.15232
-3.62209
6.15462
-2.12838
14.1159
8.23156
-8.1141
-10.9332
13.0279
-3.25739
-1.20731
3.38034
-1.21123
5.23331
0.508692
-25.1079
-5.43254
-8.57097
0.838744
-0.413432
7.19143
10.2991
-5.04845
-6.75613
15.9731
9.14582
2.1378
-4.09917
-1.38809
0.297647
-13.734
-13.9679
-1.20748
2.60286
-8.06349
-0.896672
-0.684221
9.27281
-3.34074
-1.14955
-5.47088
-11.9706
13.6457
-12.9754
5.87187
-6.75342
-12.3222
6.73839
-6.32487
9.14976
-11.6687
12.1064
-2.46877
2.7285
-1.13715
-6.02511
-9.66057
-2.49446
-4.90586
-3.48457
-1.83789
8.82644
3.6424
2.35968
9.82208
16.8047
6.09082
-2.68847
5.43542
7.65459
-7.47287
4.50856
8.37544
-18.8586
0.628993
11.7468
-2.89202
-9.02806
2.24266
8.00535
4.63959
12.7417
-9.55173
-6.72531
-5.47733
-2.01999
-13.1768
-16.3754
1.71787
8.80578
-4.11802
-0.0426855
7.57456
-2.67136
7.58538
-6.75256
4.58619
