1.716
1.716
1.25327
1.716
1.59671
0.994002
1.07842
1.25835
0.825731
1.27067
1.00835
0.474335
1.58474
1.08691
1.35638
0.661286
0.597591
1.51712
1.716
1.716
1.4457
1.57678
1.716
1.18164
1.15342
0.982796
0.65205
1.716
1.6903
0.569891
1.33467
0.784982
0.639411
1.716
1.39775
1.50325
1.52208
1.716
0.697647
1.716
1.50212
0.889102
1.716
0.981859
0.741106
1.716
0.0841846
1.716
-0.127242
0.180522
1.39683
1.716
1.43968
1.716
0.0193881
1.40841
1.61504
1.01644
0.618675
1.66569
1.38487
0.0921113
0.200796
0.995706
1.58778
1.00796
1.716
0.649378
1.716
1.716
1.42266
1.716
1.716
1.09131
0.522653
1.69817
1.30374
0.0300239
1.716
1.02133
0.650084
1.716
1.42056
1.59495
1.00828
0.620166
0.941213
1.60875
1.08361
0.475418
0.837328
0.875367
1.66314
1.35251
1.34674
1.716
1.20965
1.716
1.35439
0.646351
1.2637
1.716
0.909842
1.716
0.481657
-1.14559
0.430029
1.13547
1.716
0.956635
0.910715
1.716
0.00615622
1.21273
1.26746
1.27715
0.820761
1.11695
1.42069
1.22163
1.49242
1.23225
1.41758
1.716
1.63428
1.05528
1.02306
1.38399
1.716
1.716
0.619206
0.927211
0.860249
1.06621
1.58751
0.309758
0.664109
1.6338
1.1797
1.30073
1.716
1.70504
1.06661
1.716
1.6893
1.54952
1.716
1.716
1.12813
1.48855
1.716
0.406919
1.716
1.716
0.964878
1.54294
1.24645
1.6978
1.63408
1.716
1.716
1.08978
1.5117
0.14547
-0.133863
1.24754
1.716
1.45234
0.913748
0.7291
1.08994
0.950145
1.716
0.631299
0.565204
1.22868
0.499556
1.33189
0.096725
1.67379
1.716
1.1527
1.00389
1.35973
1.62707
1.66199
1.54696
0.776027
0.391574
0.772633
0.984286
1.716
1.41882
1.04381
0.169097
1.54138
1.716
0.911915
1.05794
1.58158
1.716
1.5127
1.05053
0.584025
1.25671
1.716
1.716
1.716
0.720355
1.2282
1.10346
1.716
0.330136
1.716
1.35629
1.716
0.511336
1.69934
0.827812
1.716
1.09537
1.716
1.716
1.65191
1.716
1.716
1.36037
1.716
1.716
1.10152
0.478557
0.949574
1.06984
0.563156
1.716
1.43026
1.08357
1.716
1.00926
1.716
1.716
1.716
0.824383
0.846887
1.31621
1.716
1.11347
1.716
0.48986
1.36515
1.716
1.716
1.33702
1.54403
1.716
1.716
1.716
0.779206
0.280997
1.29364
1.716
1.716
0.208146
1.705
0.956245
0.786096
1.716
1.716
1.68856
1.716
1.29653
0.756361
0.952051
1.18429
1.06694
1.54015
0.5268
1.716
1.26298
1.716
1.54152
1.716
0.519652
0.967761
0.882173
1.19525
1.716
1.68584
1.06142
1.716
0.504928
1.54253
1.1755
0.416887
0.451487
0.719358
1.25021
0.362408
1.716
0.653035
1.6577
1.716
-0.0791976
1.716
0.950764
1.716
1.716
0.561966
0.728223
1.15808
0.985008
0.989598
1.716
1.716
1.716
1.61968
0.171285
0.903167
0.97669
0.974341
0.344339
1.65032
0.931915
1.716
0.765939
1.7022
1.0298
1.31386
1.00406
1.25021
0.856913
0.138311
-0.0727223
1.716
1.716
1.716
1.716
1.66159
0.465355
1.14244
1.60761
0.11444
1.61323
0.586113
0.538183
1.716
0.888428
1.27803
0.521997
0.995028
0.840187
0.778957
1.716
1.716
0.694985
1.08065
0.605236
1.64247
1.22161
1.716
1.716
1.716
1.48527
1.377
0.215294
1.716
1.716
1.716
1.32188
1.0332
1.61956
1.40805
0.858919
1.716
0.92799
1.04814
0.0502117
0.949116
1.69042
1.716
-0.61848
0.0986943
1.51352
1.20534
1.65837
-0.378165
1.716
0.85624
0.157363
1.12863
0.972038
1.41097
1.716
1.716
-0.112473
1.716
0.53678
0.596198
1.38161
1.69472
1.11855
0.876286
1.08665
0.682041
1.40648
1.34997
1.716
1.716
1.64866
1.716
1.716
0.822721
1.08252
0.303637
1.39645
1.716
0.187276
1.716
1.716
1.59309
1.33462
1.716
1.38328
1.716
1.716
1.716
1.1399
1.14048
1.06638
1.716
0.768285
1.36762
1.43924
1.3125
0.835072
1.716
0.909297
-0.0142334
0.482258
1.07242
0.603881
1.716
1.25737
1.69004
1.38452
1.3572
1.16248
1.05048
1.18954
0.793699
1.33044
1.38055
1.716
1.30088
0.478108
0.903575
1.716
0.82232
1.34273
1.716
0.656182
0.714444
0.953904
1.41087
1.716
1.59648
1.716
0.236565
0.663462
1.716
1.08213
1.22439
1.716
0.87947
1.716
0.177556
1.30453
1.00832
1.39135
1.04303
1.716
-0.616244
0.696433
1.69236
0.898481
0.527103
1.716
1.6503
0.631989
1.716
1.716
1.716
1.06928
0.442371
1.49523
1.01819
1.1808
0.833938
1.32078
0.794261
1.716
1.3166
0.732864
1.716
0.393247
1.716
0.893149
1.12669
1.716
1.716
0.483376
1.716
-0.797662
0.845339
1.67629
1.7014
1.65177
0.862638
1.31231
0.947416
1.716
1.716
0.672493
0.720798
0.455362
1.43584
1.716
1.716
1.08825
0.96581
0.116496
1.716
0.820781
1.31025
1.716
-0.177751
1.716
1.61641
1.716
0.413039
1.716
0.716324
0.360807
1.35306
1.716
1.5082
1.18849
1.716
1.57803
1.716
0.47895
1.716
1.54128
1.716
1.716
0.270813
-0.0156029
1.69702
0.98986
0.596012
0.404104
1.716
1.251
0.246439
1.716
1.06679
1.716
1.4963
0.533342
0.458536
1.61687
0.726428
-0.110562
1.716
0.828986
1.716
1.716
1.716
0.910801
1.716
1.716
1.27651
1.46275
1.29944
1.33146
1.1257
1.04136
1.50466
1.26857
1.68454
1.716
1.60695
0.816534
1.716
0.765648
0.592212
1.33671
0.0657947
0.405097
1.716
1.71186
1.17183
1.63807
0.426127
0.929235
1.716
0.904713
1.26103
1.5739
1.716
0.580043
1.716
1.68109
1.33931
1.716
1.716
1.716
0.980932
0.993538
1.44402
1.19366
1.716
1.42862
0.929751
1.27881
1.67413
1.67472
1.61662
1.716
1.716
1.716
0.523457
0.763749
1.23497
1.38527
1.1805
0.411217
1.716
1.716
1.716
1.716
1.716
0.766389
1.11555
1.23876
0.937109
-0.532584
0.540542
1.716
1.64143
1.716
1.55582
1.36742
0.946142
1.52362
1.37507
1.63293
0.762853
1.7122
1.716
1.716
1.716
0.587228
1.716
0.894437
0.315497
1.05465
1.716
1.17491
0.451953
1.716
0.402081
0.904963
0.425779
1.35631
1.08975
0.213736
0.768916
0.697029
1.716
1.45543
0.946082
0.956258
1.00571
1.66621
1.716
1.38297
0.399384
1.716
0.484036
0.820448
1.62625
1.42096
1.18281
0.45181
0.19979
0.470742
1.716
1.16861
1.65563
1.38307
0.436363
1.716
0.951728
0.75659
1.716
1.716
1.55224
0.27467
1.40317
0.271273
1.716
1.716
0.28149
1.716
1.08361
0.4639
-0.181491
1.06353
1.716
1.716
0.879761
1.716
1.51844
0.825995
0.225516
1.36589
0.854847
1.64915
1.13325
-0.342771
0.974811
1.63842
0.991245
1.716
1.09675
1.19483
1.716
1.48475
0.294488
0.0132622
0.0115271
0.831198
0.751534
1.66104
0.20082
1.716
1.716
1.60781
-0.209251
1.26134
1.18824
1.36173
1.15883
1.716
1.58092
1.59199
1.25475
1.56118
0.330338
1.716
1.46784
1.13856
1.01538
0.719031
1.716
1.716
0.559221
1.716
0.514944
0.270969
0.0947523
1.61526
0.864477
0.984426
0.577596
0.257637
0.133855
1.716
1.691
1.716
-1.01752
-0.508444
1.56579
1.716
1.37896
1.5637
1.28369
1.55594
1.716
1.716
1.716
1.716
0.326076
1.26419
0.691425
0.881103
0.00837894
1.716
0.622169
0.577179
1.71132
0.697232
1.59333
1.23157
0.946314
0.793102
1.716
1.18706
0.718643
-0.0903074
0.263733
1.19106
1.26003
1.39352
1.69867
0.731959
1.716
1.716
0.341518
0.868307
1.25691
1.5517
1.716
1.35869
1.716
1.11236
0.715851
1.46332
1.30119
0.83923
1.716
1.38028
1.716
0.18959
0.847686
1.266
0.818127
1.48187
1.09296
1.716
1.23476
0.165646
1.716
1.49369
0.214245
1.51507
0.719964
0.736221
1.716
0.748311
0.640791
0.535793
1.56777
0.329234
1.716
0.266895
1.45746
0.986767
1.716
1.53785
1.716
0.573076
1.716
0.846718
0.974299
1.45491
1.35842
1.0322
1.25899
1.15058
1.52197
1.08557
1.716
-0.0265657
0.969461
1.716
1.716
0.712602
1.716
1.58785
1.29836
0.810592
1.33521
1.716
0.795877
1.56056
1.16746
1.06125
1.28933
1.67012
0.628463
1.716
1.716
0.885518
1.716
1.44987
0.752098
1.716
1.716
0.727899
1.22989
1.46213
1.54228
1.12696
1.716
0.690502
1.62822
1.4058
1.716
-0.18623
0.786926
1.55857
1.716
1.716
1.06614
0.92531
1.716
0.689411
1.3016
1.50807
0.909156
0.423443
1.716
1.716
1.716
0.411901
1.716
1.716
1.716
1.716
1.37284
-0.0179292
0.669264
1.63121
1.716
1.29079
0.17974
1.19445
1.11728
1.56404
1.716
1.716
0.941358
1.716
1.716
1.70146
0.39087
0.619999
0.732626
0.99671
1.716
0.684902
1.716
0.15412
1.16413
1.46642
1.04499
0.770763
1.716
1.52756
0.596424
1.716
0.393086
1.716
1.716
1.60601
1.12487
0.632359
1.37991
1.14888
0.433352
1.716
0.772159
1.11769
0.90548
1.716
1.06101
0.657498
0.839157
1.35837
1.34818
1.32586
0.861623
1.716
1.716
0.630134
1.60909
0.845925
1.20312
0.585316
0.431671
1.716
0.735496
1.25757
1.716
1.23051
0.340155
1.69191
1.716
0.804228
1.59423
0.744684
1.04523
0.788424
1.25588
1.19588
1.716
1.50165
1.716
1.13188
1.42895
1.716
1.58417
-0.13444
1.08059
0.342368
1.30712
1.716
1.716
1.56494
1.716
1.716
1.06644
1.15518
1.716
1.18923
0.393694
1.16034
1.27681
0.936941
0.592491
1.54327
1.09043
1.716
1.716
0.190828
1.51743
1.716
1.716
1.716
1.35614
1.40727
1.20664
1.18506
1.48837
1.25117
0.911197
0.786495
0.314569
1.36401
0.77582
0.757247
1.716
0.651282
1.15593
1.28692
0.679473
1.10167
1.716
1.45191
1.716
0.939769
1.716
0.690079
1.19056
-0.0978293
1.716
0.974397
1.05738
1.716
1.716
1.38292
0.819637
0.775872
1.716
1.19189
0.767464
1.47566
1.716
1.716
1.716
0.724056
1.1461
1.716
1.09034
0.566933
1.716
0.570089
0.54338
1.716
1.71121
0.189392
0.758124
0.489066
1.49865
1.23826
1.716
1.716
1.716
0.569462
0.777279
1.716
1.27294
1.13034
0.241169
-0.0126553
1.716
0.988683
1.716
1.51344
0.854092
1.19278
0.758583
1.17643
1.15985
1.716
1.716
1.716
1.716
1.42226
1.05309
0.430199
1.44301
1.716
1.47409
1.716
0.897645
1.46435
0.465034
1.716
-0.139802
1.53062
0.916887
1.716
0.568147
0.676483
0.936434
1.69778
0.322053
1.07263
0.918022
1.64129
1.08705
0.895587
0.602709
1.63602
1.15944
1.716
1.43837
1.66051
0.718691
1.195
0.742431
1.716
1.24918
1.24102
1.3821
1.716
1.57826
1.60697
0.283847
1.716
1.716
0.957393
1.01327
0.58943
1.51565
0.472184
0.436243
0.309628
1.716
0.322039
0.434361
1.716
1.4219
1.716
1.36992
1.12465
0.844843
1.12919
1.47835
1.716
0.662858
0.0121711
1.34188
1.716
1.716
-0.524157
1.23157
1.42967
0.871327
1.00819
1.45808
1.716
1.716
0.0634188
1.11965
1.41509
1.14005
1.54478
0.576714
1.57193
1.04582
1.03844
1.59927
1.53968
1.716
1.716
1.59324
0.267063
1.50213
1.4182
0.87152
0.862823
1.58369
1.716
0.374535
0.782645
1.716
1.716
0.727509
1.66182
1.716
1.42429
1.716
0.885558
1.716
0.701354
1.716
1.716
1.716
1.716
1.16429
1.716
1.716
0.214487
1.63345
1.716
1.716
1.54908
1.716
1.716
0.943105
0.0627232
1.716
1.29208
0.619422
0.963056
1.716
1.39064
0.763784
1.65072
1.716
1.26067
1.716
0.409387
0.905459
1.716
0.479524
0.923363
1.716
1.14057
0.653893
1.59584
1.716
0.0182142
1.716
1.716
1.716
1.36447
1.716
-0.616328
1.716
0.974617
1.40231
1.716
1.15656
1.68873
1.41088
1.716
0.723326
0.701518
1.716
0.378763
0.960892
0.813606
1.34527
1.716
0.682551
1.716
0.00378686
1.37728
1.66118
1.716
1.40157
0.674983
0.472686
1.33879
1.20069
1.716
1.0596
1.716
0.789342
1.716
1.12962
1.716
1.32306
1.716
1.22808
1.716
1.17875
1.44557
1.64807
0.196925
1.51541
0.99294
1.716
1.32117
1.02176
1.716
0.78023
1.35754
1.716
1.23234
0.669467
1.716
1.18907
1.47828
1.716
0.88203
1.23486
1.69999
0.970261
1.68873
0.880866
0.648413
1.02787
0.485505
1.22077
1.133
1.47708
1.35257
0.535338
1.716
1.44461
0.888568
0.542163
1.716
1.716
1.14047
1.39219
1.34485
1.716
1.716
1.09581
0.403776
1.25503
1.716
0.979119
1.14267
0.157588
1.716
1.13898
1.62471
1.716
0.655222
1.716
1.716
1.37409
1.05674
0.927381
1.716
0.672103
1.716
0.868076
1.34471
1.50863
0.0559464
0.495155
0.374248
1.43764
0.376293
1.46295
0.97327
1.716
1.716
1.716
1.06649
1.06651
1.63119
1.716
1.07613
0.966565
1.1046
0.631657
0.863928
-0.156408
1.4255
0.0148831
0.584557
1.05395
-0.826554
1.716
1.62621
1.0999
1.09874
1.27259
0.875366
0.973243
1.3778
0.850631
0.541516
1.716
1.36378
1.716
0.957006
1.716
1.55389
1.40119
1.66636
0.437898
0.797766
1.716
1.716
1.716
1.23835
0.633699
1.48961
1.00028
1.21613
1.14973
1.19349
0.985414
1.11903
0.459994
1.716
1.01323
0.681349
1.63002
1.04543
1.716
1.65365
1.59223
1.716
1.716
0.932687
0.189061
0.977423
1.55458
0.812719
1.29053
1.71298
1.716
0.433083
0.773675
1.716
1.24004
1.09426
-0.689377
1.716
0.904361
1.716
1.55673
0.829405
0.838919
1.11259
1.29839
1.22878
0.964396
1.716
1.716
1.60266
0.0238412
1.716
1.37979
1.13995
1.716
1.09524
1.716
0.965473
0.171686
1.29299
1.716
1.30915
1.06895
0.640085
1.716
1.58374
1.716
1.716
1.716
1.716
1.17436
0.114922
0.332517
-0.0431196
0.636143
1.716
0.673408
1.01443
0.456182
0.556065
0.90492
-0.354039
1.37277
1.56054
1.359
1.716
1.00046
1.716
1.716
1.716
1.716
0.391793
1.63421
1.00506
0.675462
0.990418
1.716
0.573897
1.716
1.716
0.833824
1.51569
0.769461
1.64428
1.07709
1.716
0.840301
0.991224
1.08642
1.716
1.716
0.934468
0.542958
1.716
1.716
1.41174
1.61574
1.716
0.983839
1.32388
1.716
1.33836
1.0802
1.716
1.716
0.0585294
-0.200667
0.783079
1.67892
1.27756
1.716
1.716
0.269244
1.41939
1.22186
0.840085
1.29117
1.57081
1.60349
1.716
1.716
1.52379
1.1665
1.716
0.706938
0.298246
1.34299
1.48516
1.41177
1.716
1.716
0.485095
1.28705
1.60538
0.95314
1.4003
1.07749
0.553537
1.59922
1.716
0.877218
1.716
1.00101
0.503139
1.716
1.66737
1.716
0.664843
1.716
0.773272
0.591479
1.26414
1.43247
1.716
1.716
1.3625
1.11943
-0.0927288
0.862836
1.10025
0.699991
0.977023
0.94866
1.01887
1.13323
1.23722
1.716
1.35999
0.851624
1.35082
0.885302
1.716
1.716
1.716
0.50659
1.70876
1.69632
1.716
1.66459
1.60783
1.65298
0.206726
1.4628
0.87065
0.993388
1.00082
-0.0729704
1.21306
1.3956
1.39937
0.566248
1.66018
1.716
0.576841
1.716
0.840747
1.23052
1.37452
1.716
1.2912
0.00748441
1.19445
1.03501
0.461976
1.21244
0.912058
1.716
0.0931782
0.692188
0.934261
-0.382958
0.106568
0.342163
1.44742
0.238143
0.451258
1.6519
0.706624
0.683047
0.537814
0.561178
1.716
1.716
1.716
0.55149
0.622853
1.716
0.840815
1.63495
1.2922
1.716
1.716
1.28751
0.204956
1.57035
1.24956
1.59345
1.39297
1.716
1.716
0.810263
1.716
1.56043
0.262006
1.17746
-0.0941725
1.716
1.61525
1.20086
0.842527
1.47886
1.716
0.406394
1.716
1.35542
1.716
1.67885
1.00384
1.716
0.549309
1.716
1.716
0.237333
0.811994
1.716
1.38859
1.716
1.716
0.962329
0.290226
1.28223
1.716
1.36293
1.0962
0.997958
1.53865
0.00967402
1.52973
1.56716
1.6953
1.53525
0.718665
0.986842
1.716
1.716
0.815272
0.871007
0.611491
1.71567
1.716
1.716
1.716
0.986532
0.165399
0.997871
1.06719
1.14041
0.914307
1.36933
1.716
1.716
1.716
1.716
-0.295747
-0.0643938
0.989135
-0.269696
0.715311
0.984535
0.909305
-0.632988
0.469921
1
0.975751
1.32279
0.829277
1.47372
1.716
1.716
0.98846
1.08188
0.069642
1.27883
1.44626
1.716
1.69187
1.716
1.716
0.708246
0.713801
1.716
0.978753
1.1248
-0.272012
0.987237
0.301693
1.716
1.716
1.62765
1.05498
0.622281
1.716
1.39137
0.777902
1.59826
1.13614
1.716
1.32603
1.716
1.35543
0.230086
1.47738
1.716
1.716
0.680649
1.14705
0.867541
1.06666
1.716
1.716
1.58683
-0.512069
1.716
1.716
1.5639
1.48416
1.716
0.93596
1.22407
0.908205
1.716
1.716
1.67537
1.716
1.12536
1.716
1.14937
0.978905
1.57776
-0.142992
0.421554
0.308721
1.41237
1.716
0.481148
0.907732
1.19509
1.23119
0.788254
0.783675
1.01946
1.2055
1.49477
1.716
1.716
0.613514
1.09824
0.299528
1.716
1.55011
1.58056
0.378818
1.716
0.759079
0.908191
1.13237
1.40311
0.650805
1.21862
1.716
0.478509
1.65577
1.716
0.45891
1.56546
0.637993
1.55741
1.716
1.6317
0.374396
0.901244
1.29379
-0.517704
0.824912
1.716
0.334118
1.716
1.716
0.841421
1.56942
1.27764
1.716
0.696295
-0.717585
1.716
1.716
0.881116
1.716
1.716
1.29254
0.553185
0.753128
1.1888
1.07357
1.63847
1.27398
1.13794
1.17607
1.716
0.31813
1.27913
1.716
1.09694
1.716
0.940804
0.870919
0.516893
1.716
1.34476
1.716
1.47376
1.716
1.716
1.716
1.716
1.716
1.25659
1.716
1.29371
1.716
1.4346
1.28572
1.716
1.44114
1.716
1.716
1.10869
1.716
1.64249
1.716
-0.222375
0.687984
0.994843
1.716
1.09632
0.89406
1.716
1.716
1.01685
1.716
1.101
1.3137
1.716
0.441005
1.716
1.03403
1.23533
0.273216
1.716
0.748754
1.32822
0.648311
1.716
1.46176
1.53638
1.37
0.727929
0.332708
0.317187
1.54437
1.716
1.27444
1.15507
1.716
1.716
1.716
1.15346
0.584992
0.983436
1.343
1.69979
1.46791
0.783223
1.716
1.67366
0.913443
1.47817
1.716
1.56882
1.63745
1.47691
0.210774
0.899507
1.716
1.62961
1.716
1.00799
1.65451
1.716
1.65936
1.17096
1.716
1.55746
1.716
1.716
0.42553
1.19113
0.741967
0.536883
0.769947
1.52149
0.577513
1.716
0.548793
1.716
0.639243
1.52871
1.03582
1.716
1.71093
1.1574
1.04546
0.00926245
1.716
0.767248
0.593456
1.43975
1.37313
1.02562
1.716
-0.697222
1.716
0.782349
0.700588
1.51988
0.473346
0.601376
1.44788
0.820424
1.33619
0.849536
1.716
1.11778
1.716
1.20818
1.716
1.46742
1.66161
0.746707
1.06707
1.57597
1.6249
1.716
0.57392
1.51077
1.716
1.05369
1.06998
0.294672
1.716
1.38082
1.716
0.241309
1.27585
1.716
0.947839
1.716
0.443504
0.47207
1.07138
0.605818
0.864261
1.13466
1.716
1.51891
0.840701
0.852154
1.37404
1.23418
1.62217
1.22221
1.28131
1.716
0.602639
1.32284
1.01017
0.166628
-0.267981
1.26199
1.57263
-1.07608
1.49
1.716
0.63862
1.716
1.08053
1.58057
1.716
0.80989
1.09611
1.64352
1.70943
1.716
1.00713
1.32806
1.5451
0.146307
1.716
1.716
1.716
1.716
1.716
1.19567
1.11472
1.716
0.933059
1.04678
1.23066
0.597314
1.01162
-0.163767
1.716
1.40939
0.371558
0.482792
1.52954
0.151409
1.716
1.66373
0.192952
1.716
1.57886
1.35455
0.112677
1.3652
1.716
1.50406
1.716
1.716
1.4819
1.716
1.35979
0.0608024
1.15001
0.964821
1.44185
1.716
0.132762
1.21332
1.716
1.716
1.716
1.65313
0.551185
0.773334
1.47121
0.797188
1.716
1.09061
1.26379
1.45296
0.723057
0.867447
1.26627
1.716
1.716
1.716
1.716
1.716
1.716
0.604382
1.716
-0.00716451
1.716
1.716
1.30182
1.716
0.535987
1.66479
1.716
1.716
0.497333
0.458803
0.409819
0.727746
0.484597
0.966293
1.63002
1.33408
0.807077
0.603129
1.56623
1.22877
1.716
1.716
0.4395
0.78834
1.716
1.716
1.716
1.716
1.0721
0.714815
1.36482
1.716
1.11396
1.16569
1.64545
1.44695
1.716
1.65865
1.716
1.10449
1.716
0.638856
0.538532
1.716
0.899898
1.46678
1.716
1.716
1.716
1.20158
1.21516
1.1279
1.45189
0.555628
-1.65927
1.716
1.10824
1.716
1.716
1.21332
1.4977
1.20872
1.21393
1.716
0.636524
1.02293
1.48956
1.716
0.925667
1.32926
1.58198
-0.280012
0.691804
0.831674
1.00492
1.50758
1.25484
1.3492
0.890513
1.716
1.24329
1.14067
0.781607
1.59076
0.696091
0.923971
0.732328
0.854707
1.48241
1.716
1.44995
1.716
1.24725
1.45683
0.0239487
1.716
0.798228
1.716
1.21935
1.07028
0.8778
1.33995
1.62328
0.102574
1.46214
-0.182898
1.27976
0.83744
0.885531
1.69272
1.716
0.89762
1.2934
0.279074
1.40345
0.67335
1.1321
0.0598266
1.716
0.809779
0.753526
1.36363
1.62453
1.19403
1.33223
1.35724
1.08353
0.737886
0.716661
1.69746
-0.160123
1.61196
0.945115
0.470075
1.716
1.26071
1.70164
1.716
1.21546
1.16252
1.716
1.35127
0.818864
1.48313
1.10071
1.716
0.565562
1.32466
1.716
0.850967
1.716
1.716
1.716
1.716
1.716
0.238226
0.788176
0.563642
1.61208
0.934691
1.52942
1.22211
1.716
0.968402
1.716
1.25782
1.53501
1.12651
1.34439
0.103762
0.604969
0.456636
0.290443
1.42333
1.59848
1.39649
1.716
1.64738
1.00885
1.41618
0.703559
0.845848
0.989129
1.15275
1.716
0.908744
1.716
1.03225
1.47346
1.716
1.29439
1.4636
1.716
0.826584
1.28522
1.716
1.16009
1.48255
1.05467
0.614971
0.56305
1.1477
1.716
1.716
1.716
1.03253
1.24197
1.44835
1.39067
1.716
1.17421
1.43998
0.86424
1.08199
1.55894
1.716
-0.0286005
1.54916
0.590889
1.58006
0.459619
0.581617
1.716
1.716
1.716
1.57432
0.310199
1.716
0.372433
1.716
0.726714
1.716
1.716
1.716
1.716
1.716
0.782981
1.716
1.28606
0.800886
1.21498
0.191889
1.27766
1.00066
0.0452882
1.44195
0.411461
1.716
1.716
1.5195
1.4658
0.426346
1.716
1.716
1.03777
0.311582
1.716
1.35277
0.22904
1.58871
0.445879
0.441789
0.953537
1.15572
1.70534
-0.133648
1.35414
0.783219
1.716
1.24887
1.716
0.964171
1.716
1.716
0.539825
1.716
0.920154
1.69388
0.914034
1.716
1.27206
1.28202
0.88715
0.891668
1.07557
0.888721
0.79807
1.716
0.0136356
1.4106
1.716
0.245839
0.857118
0.653269
1.11643
-0.0298916
1.2408
1.26707
1.716
0.928768
1.716
1.51789
1.08901
1.716
1.716
1.716
0.855141
0.345731
1.716
0.987904
0.517595
0.976864
1.716
1.50667
0.752738
1.67473
1.38243
1.0757
1.03654
1.716
1.716
1.24819
0.727721
0.92707
1.47698
1.41233
1.716
1.47016
0.558605
1.716
1.30716
1.5014
1.716
1.14069
1.43052
1.22833
0.533186
1.716
0.641462
1.08223
1.716
0.130384
1.716
1.07116
1.716
1.35428
0.949139
0.882057
-0.124426
0.398806
1.54422
0.0825469
0.701794
1.45749
0.443111
1.29878
1.716
1.24575
1.52765
0.389279
0.511113
1.27286
-0.0682797
0.900721
1.70676
1.716
1.16684
1.716
1.14362
1.716
1.12069
1.61177
0.75851
1.06963
0.611601
1.40671
1.13632
1.176
0.981631
1.716
0.329457
1.0629
1.41768
1.21385
0.608907
0.77709
0.556717
0.541203
1.716
1.54099
1.716
1.31176
1.716
1.10431
1.716
0.173481
1.716
0.848228
0.0579771
0.897043
1.64227
0.948369
1.716
1.42043
1.68521
1.716
0.105018
1.58668
0.131253
1.716
1.41771
1.68727
1.5357
1.716
1.19892
0.645943
0.663354
0.852068
0.277808
1.45759
-0.371354
1.10704
0.900331
0.575165
0.65698
1.716
1.716
1.716
1.29142
1.716
1.716
1.11948
1.716
0.652583
-0.285203
1.01479
1.716
0.67609
1.716
1.16036
1.67051
1.70743
1.44042
0.654463
1.716
1.43691
1.02197
1.08848
1.53104
1.716
1.716
0.404192
0.418112
1.716
1.38787
1.25945
1.42998
1.716
1.06062
1.02894
0.980334
1.716
1.4346
1.716
1.12771
1.06887
0.737042
1.47758
1.716
1.25589
1.55731
0.928986
1.33917
1.716
0.385462
1.3417
1.56996
-0.0519323
0.309948
1.716
1.716
1.08341
1.60297
0.3301
0.628542
0.819146
1.716
1.716
1.716
1.716
0.473964
1.29898
1.15053
1.36255
0.725044
1.39851
1.716
1.35514
1.47523
0.0430762
1.44128
-0.0411248
1.62577
1.42499
1.716
1.12952
0.00422829
1.716
-0.883666
1.45306
0.985552
1.48467
0.2915
1.23285
1.15498
1.716
1.716
1.62998
1.716
1.51299
1.716
1.47675
0.524591
1.10887
0.554547
1.716
0.776278
0.702461
1.10924
1.716
1.02389
1.70627
1.59068
1.14562
1.60995
1.716
1.09787
1.716
1.58697
1.716
-0.104214
0.630115
1.716
1.716
0.75145
0.965388
1.716
0.439706
1.68677
1.2023
1.05888
1.06336
1.44669
1.55053
0.596311
0.601134
1.00178
1.716
1.03828
1.05922
1.57615
1.716
0.0947598
0.408728
1.716
0.928149
0.472973
1.1216
1.716
0.9691
0.966915
1.716
0.368048
1.5128
1.716
1.716
0.842364
0.88992
1.66924
1.41613
0.667755
0.609039
1.716
1.1496
1.716
0.711059
0.941749
1.716
1.716
0.541507
1.716
0.573007
1.70272
0.702685
0.808276
1.47056
0.849115
1.18397
1.68518
1.13022
1.58243
0.955917
0.939082
0.28265
1.716
1.716
0.761988
1.716
-0.385937
1.45883
1.5435
0.562879
0.837253
1.60968
0.818274
1.716
1.25588
1.716
0.973413
1.56238
1.67972
1.29444
1.67215
0.291919
1.15507
1.04372
1.20929
1.13185
1.43104
0.280669
1.6664
1.31114
0.701005
1.56458
1.716
1.43927
0.967615
1.11447
1.716
1.716
0.62584
1.16967
1.0166
1.716
0.458916
0.34107
0.0151293
0.301501
1.12846
1.716
1.56173
1.716
0.907135
1.49752
1.5052
1.34884
0.337628
-0.264466
1.45825
1.716
0.96531
1.716
1.62057
0.630163
1.45758
1.00936
1.46256
1.716
1.716
1.32541
1.716
1.716
1.14676
1.716
1.48208
1.1511
1.6882
1.28298
1.716
1.716
0.0816273
1.716
0.609135
1.47886
1.716
1.716
0.779345
1.39162
1.716
1.716
0.230384
0.606555
1.07695
0.0196434
1.716
1.00196
1.53315
0.667797
1.13635
1.716
0.818415
1.25957
1.716
1.716
1.16288
1.716
1.716
1.32792
1.4019
0.53594
0.524099
0.961084
-0.0580184
1.43051
0.241412
1.41028
1.65462
0.580208
1.716
1.66628
1.64278
0.781403
1.24956
1.716
1.44205
1.63995
1.716
1.29179
1.33238
1.67692
0.308954
0.707159
0.449291
1.13974
0.771448
1.59576
0.82619
0.920108
0.44111
1.716
0.820451
0.409113
1.00696
0.59479
0.887831
1.70127
-0.253839
0.702297
1.716
1.30971
-0.160536
0.966383
1.17161
1.40048
1.716
0.360452
1.30316
0.696975
1.716
1.716
0.940378
1.10995
1.1431
1.716
1.09692
1.53566
0.971776
1.55427
1.2598
1.716
1.716
1.33787
1.716
1.45071
0.738326
1.716
1.12632
1.716
1.06565
1.716
0.923953
0.553625
0.824007
1.716
1.28764
1.01742
0.660229
0.380959
1.4496
0.639213
1.22963
1.716
1.52952
0.761142
0.442831
1.01511
0.340737
0.358812
0.79279
0.42173
1.716
1.56487
1.36112
1.47744
-0.180943
0.718918
1.21039
1.716
0.198418
1.61473
1.20197
0.456352
0.982084
0.797935
1.716
1.17914
1.70874
1.68997
1.4069
1.716
1.60484
1.716
1.40468
1.09172
1.716
1.10765
1.60731
0.598457
1.716
1.20163
1.38788
0.46683
1.716
1.13026
1.68406
0.622111
1.716
1.716
1.716
1.716
0.992611
-0.148431
1.716
1.716
1.31128
1.22533
1.34814
0.943347
1.716
1.52684
1.54092
1.716
0.681209
1.716
1.716
0.182395
1.716
0.856063
1.716
1.716
1.716
1.716
0.894468
1.716
1.10165
1.716
0.128318
0.942264
1.716
0.941326
0.79425
-0.117409
1.716
-0.193376
0.487659
1.716
1.716
1.716
1.05128
-0.512174
0.47375
1.19182
1.6117
0.601832
0.834614
1.47087
1.716
1.716
1.42886
0.88042
1.37241
1.01105
0.959551
1.15135
1.716
1.716
1.05081
0.722799
1.59876
0.901841
0.816244
1.716
0.534332
1.716
-0.0508761
1.716
1.18999
1.7058
0.517617
1.04239
1.29437
1.716
-0.237096
1.66852
1.716
0.94724
1.716
1.66277
0.919277
1.43877
0.702874
0.306069
0.792314
0.659215
0.902903
1.6087
1.52826
0.142887
0.466467
1.716
1.12386
1.53381
-0.275122
1.71539
1.49539
1.716
1.42891
1.40317
1.42269
1.12104
1.17874
1.716
0.591958
0.983178
1.716
0.801513
1.53756
0.523087
1.716
0.640039
-0.116256
1.716
0.724763
0.140783
0.658201
1.51156
1.08235
1.06541
1.716
1.4619
1.53896
0.372392
1.30178
1.47062
1.716
1.43146
1.62612
1.70863
0.0261164
1.716
1.716
0.984249
1.716
1.716
1.14689
-0.38339
1.07363
1.716
-0.0971414
0.558515
1.10862
1.716
1.43973
1.716
1.716
1.56217
1.716
1.716
1.54806
0.950088
1.3631
1.716
1.716
0.925566
0.953185
1.58756
1.716
0.0710301
0.542282
1.14396
1.06636
0.701532
1.716
1.716
0.703652
0.57253
1.38679
0.772959
1.25962
0.188109
1.39575
1.20592
1.716
0.983756
0.670148
1.35123
1.17106
1.716
1.39356
0.956139
1.716
0.263212
1.52584
1.716
1.54354
1.23619
1.716
1.21795
0.811546
1.716
0.603741
1.15601
0.417296
0.547556
1.716
0.298095
0.647502
0.523915
0.693967
0.69368
0.466133
0.881053
0.153421
1.33598
1.06887
-0.575108
-0.0291395
1.716
1.716
0.814105
1.25163
1.716
1.04834
1.716
0.800474
1.716
0.72064
1.716
0.879876
1.45834
0.800341
1.716
1.23075
1.716
1.716
1.716
1.716
0.489307
1.47035
1.716
1.52129
0.0333267
1.04256
0.535355
1.5628
1.14307
0.851795
1.10235
1.27961
0.471527
1.26835
0.520268
1.716
1.716
-0.381761
1.716
-0.365215
-0.069626
1.49661
1.2018
0.57162
0.780765
0.806964
1.33223
1.01282
0.325485
0.961513
0.965669
1.55186
1.716
0.410058
1.716
1.716
1.11018
1.716
1.30814
1.67845
0.451953
1.12782
0.918363
1.59196
0.0112361
0.767147
1.27903
1.11293
1.16622
1.15553
-0.38651
1.11424
0.592084
1.44417
1.31025
1.716
1.716
0.997017
1.716
1.716
0.748412
1.35204
1.47987
1.53048
1.43967
1.716
1.65276
1.716
1.716
0.925271
1.31177
0.311755
1.03045
1.716
1.03792
1.30985
0.416395
1.716
0.838808
1.03409
1.43136
1.25828
1.716
0.799398
1.716
1.32624
0.9969
1.716
1.25661
0.566899
1.716
1.58912
1.36245
1.07893
1.716
1.716
1.716
0.933229
1.60558
0.838745
1.716
-0.0130322
1.716
1.02637
1.716
1.716
0.501302
1.2246
0.922563
1.716
1.716
-0.51119
1.10957
1.04227
0.211504
1.5589
0.340427
1.716
1.28045
1.716
0.806913
1.18713
0.59866
0.346183
1.08559
1.716
0.866122
0.742506
1.716
1.716
1.48264
1.48163
1.716
1.716
1.716
1.716
1.716
1.68388
1.32943
1.716
1.30686
-0.331592
1.68168
0.321656
0.723585
1.716
1.41047
0.815256
1.58485
1.716
1.26815
1.716
1.55351
1.716
1.716
0.255995
1.20722
1.20802
0.650925
1.716
1.16717
1.716
0.578549
-0.234709
0.913753
1.2506
1.40428
1.5118
-0.268847
1.60464
1.13289
1.21072
1.716
1.16482
1.716
0.69577
1.716
0.618461
1.716
1.716
1.716
0.388843
1.716
1.716
1.55832
1.49271
1.05491
1.716
1.716
0.217823
1.60814
1.26067
1.716
1.716
1.05337
0.312259
1.07413
1.40086
0.904133
1.716
1.716
0.43426
1.716
0.00720417
1.04703
0.645833
1.716
1.716
0.215311
1.44028
1.01714
0.570503
1.30137
1.716
1.716
0.432653
0.886225
0.80457
1.21015
0.913514
1.716
1.716
1.26087
1.716
0.562068
1.29603
1.25241
1.716
0.365491
0.970241
1.54374
1.2137
0.228647
1.716
1.716
0.235376
1.22935
0.889815
0.831982
1.43041
1.17076
1.716
1.716
1.09997
1.66664
1.04357
0.305241
0.828497
1.716
1.3749
1.28553
1.55466
1.716
1.716
1.716
1.11497
0.563099
1.09022
1.716
1.716
1.11167
0.858894
0.862288
-0.258081
0.577689
1.716
0.809249
0.806425
0.867536
1.32758
0.0938259
0.65621
1.716
0.264578
1.39287
1.716
1.716
0.170256
1.45485
1.12876
1.55669
1.3714
1.716
0.386915
0.0849219
1.02958
0.380518
1.27835
1.23101
1.50948
1.46878
1.716
1.63645
1.716
1.716
1.36903
1.01568
1.48011
1.716
1.716
-0.767677
1.05101
1.34237
0.177424
1.66375
0.894604
1.47802
0.691372
1.716
1.716
0.57048
0.721875
1.716
0.935723
0.865729
1.716
0.28435
0.759357
1.16555
1.37665
1.25852
1.42059
0.720031
0.645949
0.421363
1.716
1.716
1.716
1.56256
1.716
1.716
1.30592
1.20439
1.716
0.858314
0.55833
1.716
1.38372
1.716
1.716
1.04534
0.506055
1.67297
1.54255
1.11478
1.716
0.686793
1.716
1.716
1.716
0.352983
1.716
1.716
1.32875
1.01458
0.847392
0.489627
0.274098
1.54268
1.00717
1.49747
1.31541
1.38433
1.41487
1.03019
1.716
1.06152
1.716
1.2303
0.942561
1.70597
-0.283899
1.37592
0.900749
0.467549
0.918516
-0.061381
1.716
1.09298
1.716
0.980935
1.716
1.24848
0.653888
1.14289
1.29585
0.336529
0.552586
0.591907
1.716
0.807158
-0.0192232
0.614725
1.716
0.303656
0.577618
1.716
-0.373086
1.17207
0.436817
1.39995
1.716
1.1626
1.716
1.34316
0.092036
1.00091
1.38964
1.43492
0.422169
1.44871
0.690672
1.18403
1.68884
1.151
1.37294
0.561202
1.71564
1.70327
1.67745
0.69109
1.09648
0.621872
1.29242
0.793901
1.04204
1.15513
1.45396
1.55082
1.48901
1.716
0.593631
0.593805
-0.120543
1.716
0.468583
0.724963
1.6882
1.08158
1.716
0.120986
0.959081
1.30784
1.716
1.716
0.677103
1.25303
0.123649
1.716
1.18614
1.54422
1.716
1.716
1.17091
1.716
1.04343
1.38074
0.228789
1.57611
1.64952
0.616391
1.716
1.716
1.21149
0.742841
-0.498722
0.973058
0.869416
1.14204
1.66127
1.46852
0.00707511
1.716
1.716
1.57189
-0.137763
0.776866
1.32698
1.4668
1.716
-0.275342
-1.00476
1.20244
1.20962
1.716
1.716
0.990975
1.36802
1.02956
1.41953
0.561775
1.716
0.393747
1.716
0.19832
1.14499
1.10676
0.642187
1.60041
1.716
1.48692
1.716
0.4081
0.699287
1.716
1.716
1.2615
-0.0804803
0.101733
0.241118
0.837746
0.965722
0.766376
1.716
0.975341
1.716
1.28048
1.25873
0.683614
0.800872
0.501069
1.716
0.307522
0.853002
1.716
-0.428426
0.608937
0.496065
1.716
1.0728
1.716
0.189458
0.538431
1.18628
1.47702
1.65603
0.852867
0.369696
1.08689
0.7739
1.54639
1.44298
1.6905
1.15271
1.716
1.45963
0.129116
1.716
0.375497
1.716
0.922053
1.716
0.994541
1.50271
1.716
1.26541
1.716
0.845096
0.482331
1.716
1.716
1.44928
1.68257
0.910158
1.716
1.54651
0.0155023
0.687751
0.221527
1.55785
0.820273
0.379987
0.411994
1.716
1.3079
0.897684
1.05523
1.52063
1.716
1.20463
0.966194
0.863993
1.716
-0.111193
1.716
1.43735
1.4926
0.910163
1.716
1.70196
1.53131
0.939932
1.716
0.900166
1.716
0.936128
1.67455
1.716
1.42512
1.24263
1.716
0.108737
1.36435
1.25227
1.716
0.0898474
1.30025
1.65623
0.662051
0.52266
0.347313
1.25461
0.942567
1.19549
1.716
0.740486
1.19539
0.873378
1.22631
1.716
1.716
1.28556
1.23479
0.335611
1.716
1.716
0.899955
1.33115
1.6288
1.65239
1.4115
1.716
1.716
0.10246
0.393178
0.755053
0.504182
1.19237
1.716
0.763165
1.59984
1.716
1.02943
1.20502
-0.582966
1.716
1.09201
0.0797436
1.716
0.983143
1.716
1.56154
1.716
1.27266
1.716
0.418964
0.420587
0.965521
1.63121
1.716
1.716
0.564767
1.5502
1.716
0.475769
0.976827
1.716
1.716
0.729294
1.56428
1.66054
1.716
0.643603
1.716
0.671621
1.21568
0.739095
1.02517
0.397457
0.3335
1.716
1.30274
1.716
1.33957
0.282234
1.28634
0.572987
1.716
1.716
1.32464
1.716
0.857702
1.12383
1.01292
1.39556
1.15705
1.54875
0.383131
1.40448
0.943088
1.716
1.716
1.716
1.30533
1.33261
1.716
1.64353
1.716
0.397824
1.63756
0.565959
0.81901
1.05595
1.716
1.716
1.716
1.716
1.46864
0.594364
1.716
1.716
1.28427
1.08657
1.716
0.279931
1.716
1.59584
1.03807
1.1865
1.54981
1.35133
1.01682
1.50031
0.748543
1.06507
0.494626
0.115599
0.627349
1.03742
0.78312
1.3891
0.32216
1.11207
1.01083
1.716
1.61086
1.68989
0.793472
1.716
1.716
1.02922
0.25273
-0.0551282
0.165124
1.716
0.878943
1.33437
0.758301
0.819317
0.622444
1.04973
1.48475
1.716
1.716
1.716
1.59092
0.414092
1.46013
1.716
1.05599
1.716
0.892637
1.31817
1.04279
1.55762
1.06593
-0.103645
0.850527
1.716
1.04774
0.938328
1.67802
1.2187
1.66913
0.923775
1.716
0.582461
1.63457
0.8988
0.107382
0.776607
0.365492
1.06539
1.716
0.457476
0.933217
1.59349
1.716
0.921454
-0.120131
0.129711
1.39797
0.388303
1.38182
1.02712
1.716
0.81689
1.716
1.22661
1.24694
1.716
-0.447361
-0.313996
1.716
1.59521
0.205303
1.34465
0.73889
0.693991
1.11612
1.64135
1.01353
0.682875
1.35546
1.53681
1.716
0.758624
1.48191
0.941777
1.52701
1.51709
1.716
0.922166
1.716
1.50406
-0.0549013
1.716
0.317169
1.28361
0.514065
0.380916
0.684462
1.65486
1.40187
1.62614
1.42099
1.28384
1.0278
1.48486
0.733723
1.716
0.617568
1.716
1.65183
0.925381
1.69052
1.11761
1.47391
1.716
1.25239
0.664175
1.24458
1.716
0.323289
1.716
0.155139
0.850048
1.52134
0.731938
1.15845
0.956477
1.716
0.857927
1.37681
1.716
1.66997
1.34887
0.0629618
1.716
1.5379
0.753522
1.4626
1.15998
1.14334
1.57932
1.716
1.52109
1.30332
1.2023
0.224517
1.716
1.716
1.47333
0.804663
0.355394
0.982083
1.15534
0.864504
1.716
1.36188
1.62575
1.36558
0.755712
1.52027
1.44439
1.46781
0.819537
1.716
0.532322
1.29385
1.13083
1.716
1.56997
1.68209
0.476601
1.01908
1.58539
0.281659
0.712897
1.60421
1.716
1.716
1.62959
1.716
1.01474
1.69183
1.10381
0.560655
1.716
0.501952
1.5748
0.700026
1.64515
-0.126721
1.47705
0.58105
0.211353
1.716
0.416265
0.568993
0.98081
1.45184
0.446014
1.29176
1.716
1.18024
0.844911
0.433804
1.716
0.496262
1.716
0.789292
0.705555
1.46982
1.06384
1.716
0.674438
1.40224
1.32871
1.716
1.716
1.716
1.716
1.1421
1.24396
1.716
0.605237
1.716
1.18613
1.08358
0.243568
1.53723
1.716
1.716
1.716
1.57975
0.287266
1.49475
0.908385
1.47402
0.520133
1.716
1.716
1.716
0.850042
0.269162
1.6783
0.871694
0.617303
0.532934
1.24504
1.716
1.716
0.757841
0.88637
0.914627
0.640631
0.74868
1.16698
1.31181
1.716
1.716
1.601
1.716
0.837497
-0.175393
1.35135
1.0709
0.66637
1.44243
0.845042
0.946056
1.716
1.38121
0.683002
1.716
1.716
1.716
0.159844
-0.14313
0.391529
1.716
0.770254
1.17597
0.27408
1.10453
1.716
0.263922
1.716
1.716
0.476624
1.45649
1.29986
0.536705
1.26259
1.60233
1.41711
1.5065
1.716
1.716
0.749772
0.826875
0.799778
1.00735
1.716
0.793283
1.716
1.13776
0.298932
1.06779
1.2177
1.43927
0.0787461
0.719778
1.716
0.546316
0.867005
1.57435
1.17006
1.62701
1.4405
0.890369
1.58233
1.716
1.13644
1.716
1.716
1.44548
1.23846
0.838051
1.07011
-0.239909
1.716
1.716
1.44245
1.01482
0.64346
0.873486
0.195372
1.46524
1.18595
0.352078
1.0231
1.716
0.367998
0.741598
0.265306
1.4372
0.239989
1.716
1.46644
1.20517
-0.285345
1.46776
0.852209
0.840465
1.716
1.716
1.716
0.630744
1.716
1.716
1.23765
1.44502
1.716
1.716
1.716
1.55087
-0.0164183
1.12304
1.716
1.14156
1.716
1.38074
0.802543
1.716
1.716
1.716
1.716
0.343341
0.833722
1.20677
1.50857
1.64752
1.716
1.46106
0.88948
1.13631
1.716
1.67955
1.716
1.716
1.25552
1.17541
1.716
0.0744216
1.13536
0.642582
1.716
0.557408
1.24787
0.354101
1.09438
1.07519
1.29621
1.57774
0.734233
1.42796
0.550497
0.445402
1.716
1.716
1.47976
1.716
0.686296
1.27284
0.35164
0.163837
1.6853
0.912923
0.270718
1.716
1.25798
1.22452
1.55798
1.25743
-0.166402
0.230282
1.20771
1.02403
0.432929
0.872272
0.369585
1.716
0.741622
0.24913
1.28726
0.717944
1.13729
0.561551
1.08171
1.47141
1.3659
0.847004
0.691299
1.42026
0.493057
1.716
1.60212
1.00736
0.898666
1.716
0.82702
1.41183
1.6443
0.272358
1.34967
0.0366388
0.843733
1.716
0.591524
1.716
1.716
-0.149406
1.00955
1.36412
1.5385
1.56403
1.716
1.716
1.716
0.806437
1.716
-0.321988
1.716
1.65305
0.376017
0.623692
1.716
1.716
1.11975
1.33123
1.20162
1.716
1.716
0.949017
1.5818
1.02357
1.716
1.04473
1.716
1.716
0.295177
1.716
1.716
0.428115
1.39312
0.698744
0.449407
0.986217
1.24185
1.46179
0.558117
0.598973
1.716
-0.150118
1.716
0.00467655
0.833123
1.716
1.716
0.846894
1.716
1.10554
0.241261
1.21628
1.3156
0.777814
0.792686
1.05257
0.0488519
1.34652
1.60427
1.716
1.29836
1.716
0.803798
1.63377
0.495296
1.10833
1.716
1.716
1.716
1.49056
1.716
0.185511
1.4609
1.1413
1.36533
1.716
1.5898
0.842546
0.869811
1.15641
1.48009
0.617797
0.757033
-0.0419736
0.619845
0.873676
1.716
1.29017
1.20145
1.22926
0.225929
0.879302
0.60959
0.131892
0.936606
1.716
1.716
1.41809
1.28937
1.716
1.50152
1.55986
0.654893
1.61103
1.2207
1.58787
1.53811
1.16628
0.556273
1.716
1.36764
1.716
0.329324
1.1188
1.57077
1.69833
1.716
0.917838
0.499837
1.17978
0.810046
1.716
1.716
1.39843
1.716
1.716
0.181956
1.716
0.489747
1.716
0.952678
1.716
1.69862
1.716
1.716
1.39496
0.55297
1.716
1.17536
0.473126
1.42719
0.315042
1.14707
1.25903
0.468541
1.716
1.33563
1.716
-0.0421739
1.37681
0.430375
0.745896
1.716
0.344056
1.716
-1.01323
1.63037
0.500634
1.716
1.14218
1.716
0.827094
1.69919
0.155065
0.731233
1.716
1.716
-0.401498
1.716
1.716
1.0426
1.716
0.485867
1.716
1.43711
0.414417
0.462436
1.40937
1.11128
1.57105
1.69858
1.02565
1.04314
1.55749
0.984876
1.18615
1.60753
1.716
-0.198246
1.716
1.23028
1.716
1.06805
1.71539
0.553297
1.716
1.716
0.272213
1.35956
1.10384
1.716
1.716
1.716
0.602151
1.716
1.716
1.716
1.07134
1.29863
0.0571573
0.881372
1.716
1.57773
1.716
1.21136
1.716
1.11523
-0.301704
1.716
0.567574
1.02883
1.67863
1.716
0.689018
0.994496
1.51637
1.39297
1.24468
1.716
0.341798
1.29902
0.996124
0.561041
0.489395
1.60493
1.69256
1.716
1.716
1.46949
0.739617
1.66051
0.671297
1.64677
0.910829
0.812782
0.834369
0.0598297
1.53622
1.00762
1.716
1.33189
1.4362
1.38944
1.521
1.23301
1.30286
1.50068
0.877834
1.1368
1.716
1.16867
1.30368
1.14347
1.30408
1.716
1.716
1.29589
1.52003
1.716
1.716
1.4987
1.716
0.649263
1.716
0.919655
-0.30158
1.01598
1.716
0.391823
0.835785
1.716
1.716
1.4917
0.8502
1.35204
-0.266112
0.919781
1.716
1.716
1.25497
1.41787
1.716
0.82806
1.11056
1.71305
0.786762
0.271869
0.505253
1.57008
0.552902
0.9711
1.716
0.960871
1.16141
1.716
1.716
1.716
0.678784
-0.707387
1.13914
1.65378
0.813152
1.49983
-0.138405
1.716
0.176858
0.849283
0.941748
1.716
1.48188
1.577
1.18595
1.716
1.716
1.66034
1.44854
1.69148
1.65957
0.0639636
1.716
1.716
-0.419142
1.16
1.716
0.686821
1.7022
1.716
1.716
0.976941
1.65981
1.716
1.716
0.815643
1.63889
1.716
1.716
1.716
0.950801
1.22993
0.639247
-0.483412
0.693758
1.716
1.43783
0.948752
0.535232
1.716
1.716
1.52662
1.38378
0.845696
0.770864
1.38115
1.21927
0.453883
1.716
0.524333
1.716
1.66265
1.716
1.716
1.716
0.12157
1.716
1.28937
-0.0781529
1.68808
-0.00932513
1.33092
1.716
-0.305496
0.826929
1.716
-0.23492
1.716
1.716
0.943925
0.579568
1.23863
0.815916
1.716
1.716
1.02377
-0.31505
0.123422
1.27259
0.621335
1.00097
0.895371
0.355949
0.807399
0.979377
1.35708
1.18769
1.70342
1.716
1.02908
1.70841
1.29057
0.479972
0.849784
1.34734
1.716
1.33439
1.716
1.15127
0.864383
1.716
1.20528
0.958459
1.03233
1.45475
-0.00300795
-0.0212271
1.5854
1.60983
1.716
1.40702
1.716
0.0879766
0.860535
1.716
0.147168
1.55834
0.922177
0.513992
1.716
1.716
1.52261
1.26929
1.30761
-0.150421
1.3714
1.716
1.36082
1.716
1.56968
0.820449
1.15742
1.27253
1.39326
1.0602
1.716
0.512231
1.10481
0.853184
0.499877
0.815448
1.58673
1.236
1.716
0.839938
1.18754
1.716
-0.0559772
1.35166
1.716
1.716
1.64639
1.716
0.706674
0.722278
1.09565
1.32768
0.884458
1.1831
1.716
1.716
1.716
0.896096
0.0743602
1.23166
1.716
-0.174845
0.925321
1.716
-0.182572
1.22344
1.33408
0.648999
1.35799
1.716
0.351558
1.61079
1.17659
1.716
1.716
1.41171
1.716
0.466914
0.441178
1.47404
0.952562
1.716
-0.0216601
1.44138
1.716
0.789149
0.400245
0.66178
1.39221
0.676584
1.63561
1.56941
1.18646
1.018
1.716
0.822634
1.716
0.852957
1.716
0.208318
1.69702
1.716
0.66426
1.716
1.4885
1.716
1.716
1.6246
1.26465
0.983097
1.34455
1.36696
1.18765
1.49536
1.03311
1.47901
1.50201
1.66856
1.285
1.27489
1.17554
1.29164
-0.0944366
1.22456
0.879811
1.716
1.66188
1.716
0.933971
1.37284
0.935394
1.716
1.716
0.681461
1.44054
0.557929
0.456324
0.620303
0.733678
-0.290542
0.616162
1.18482
-0.13902
1.21307
1.67129
0.918572
1.716
1.35629
0.00556574
1.716
0.772457
1.716
1.29503
1.716
1.716
1.716
1.39614
1.5712
1.62805
1.716
1.67524
1.33938
1.23316
0.690622
0.0516277
0.920806
1.70468
1.716
1.46558
0.806665
0.483001
1.17689
0.867213
0.962283
0.0323857
1.16199
1.716
1.59727
1.22738
0.224044
1.06125
1.0927
1.716
0.350451
1.716
1.716
0.157966
1.716
0.356707
1.2144
1.49049
0.837394
1.716
1.29326
-0.153643
1.53987
1.70249
1.716
1.716
1.50516
1.716
0.763237
0.913889
0.303176
1.24547
0.662657
1.56259
1.18647
0.910552
1.22036
1.39367
1.716
1.5397
1.716
0.0467566
1.35112
0.406273
1.71215
0.346414
1.716
1.716
-0.120693
1.17973
1.716
1.716
0.926192
0.404663
1.14337
0.929787
1.716
1.716
1.46254
1.08483
1.716
0.562463
1.64438
1.45045
0.860438
0.95393
1.64695
1.716
1.44626
1.716
1.59012
1.716
1.69048
1.12635
0.544099
0.604607
0.89546
1.43993
0.540225
0.264184
1.43007
0.863187
1.11192
1.716
1.25672
1.716
1.716
1.63138
0.4013
1.716
1.716
1.716
1.21713
1.716
1.716
1.4666
0.552265
1.40063
1.31273
1.716
1.1929
1.64435
1.17448
1.68288
1.38684
1.716
0.288361
1.22186
1.716
1.22161
1.48491
1.716
1.716
1.31
0.937885
1.39296
1.12792
0.559662
1.26954
1.25222
1.716
1.1323
1.63412
0.439831
1.716
1.20517
0.769736
0.451254
1.716
1.716
1.21427
1.716
1.52737
1.39619
1.716
1.53544
1.716
0.971485
0.521942
1.43926
1.57791
-0.0119857
1.716
1.35696
1.716
0.956069
1.716
1.30225
1.65564
1.40427
1.716
1.41761
0.852724
1.49704
1.64174
1.716
1.716
-0.381072
1.20374
1.716
0.689378
0.983813
-0.0707621
1.60362
0.478585
0.258412
0.709056
1.716
1.716
1.28876
1.63362
1.64342
0.926042
0.398091
1.03512
1.69089
1.70038
1.57437
1.30072
1.716
0.0501483
1.18129
1.22017
0.727174
1.2072
0.59896
1.56233
1.51819
0.502084
0.988721
0.622839
0.910046
0.76385
1.716
1.25594
1.191
0.0161621
1.30315
1.33897
0.168001
1.0903
0.43985
1.13685
1.716
0.761051
1.11581
0.941019
1.3504
-0.122175
1.716
1.716
1.716
-0.0717179
1.46036
0.978523
1.12894
1.716
1.55311
1.19532
0.877566
1.716
0.506423
0.744173
1.716
0.592832
1.43601
1.13069
0.152705
1.57464
1.17518
1.716
1.41495
1.21528
1.716
1.716
0.763625
1.66989
0.445184
1.4171
1.716
1.716
0.632737
1.64025
1.19082
0.825004
0.813111
1.716
1.716
1.29018
1.3767
1.59571
0.716475
1.43273
1.38656
1.43528
0.263623
1.65267
1.716
0.924183
1.45909
1.71054
1.01812
1.716
0.868344
1.24801
0.939386
1.64212
0.988292
0.624457
1.66308
1.14232
-0.898896
1.10209
0.732275
0.771357
0.560048
1.716
1.63002
1.716
1.716
1.28802
0.957533
1.716
0.484007
0.464595
1.52812
0.443596
1.39517
0.252824
1.52078
1.35539
0.77682
1.716
0.370777
0.688248
0.561432
0.570354
0.79341
1.716
1.716
1.716
1.42634
1.01227
1.716
0.4058
1.48265
0.892659
1.716
1.716
0.685307
1.08189
1.56302
1.44227
1.716
1.716
1.716
0.417276
1.13345
0.462659
1.716
0.260627
1.716
0.404767
0.890503
1.5378
1.31408
1.716
1.20054
1.24976
1.42419
1.20595
1.716
1.716
1.32799
1.03922
1.36898
1.03358
1.40758
0.834569
0.764608
0.704009
1.716
0.850664
1.716
1.716
1.17753
-0.0636271
1.47392
-0.07839
0.623606
0.540635
1.50263
1.716
1.05301
0.119634
0.749527
1.55004
1.716
1.716
1.21793
0.948714
1.05362
1.21669
1.716
0.70075
1.1603
0.921613
1.28457
1.716
0.796483
0.702146
1.03459
1.16979
1.16431
1.35191
1.716
0.42501
1.31087
1.33384
1.02886
1.54799
1.63612
1.42448
0.736032
1.716
0.67281
1.4411
0.760363
1.27355
0.043781
1.716
0.751607
1.48955
1.03904
0.970888
1.31365
0.707431
1.49611
1.26453
1.716
0.675345
1.23124
0.795469
1.716
1.716
1.716
0.142929
1.716
1.51745
1.716
0.810727
1.472
1.716
0.887435
0.929044
1.3839
0.670721
-0.188021
0.785543
0.292544
0.927961
1.716
0.345629
1.716
1.716
1.16076
0.82676
1.52578
1.716
1.716
1.33361
0.644417
0.663698
1.69578
1.716
1.716
0.525243
1.716
1.65565
1.27917
0.921665
1.15563
0.821636
1.49483
1.15796
1.716
1.35719
0.914212
1.716
1.716
1.716
1.716
1.716
1.24522
0.879519
1.62368
0.774499
0.408433
1.61218
1.716
1.06381
1.2446
1.14064
1.716
0.962985
1.716
1.11458
-0.0574233
1.64131
1.716
-0.0472757
-0.255428
1.716
1.716
1.01536
1.08218
1.08508
1.716
1.5929
1.716
1.40244
1.55777
1.05385
0.952782
1.716
1.716
1.68789
0.967268
1.716
1.57188
1.716
1.31907
0.458191
0.967464
0.957594
1.716
1.716
1.716
0.625203
1.716
1.716
1.18821
0.938115
-0.0258096
0.66716
0.612453
1.38371
0.909533
1.24393
1.18601
0.70499
1.31336
-0.0624775
1.2411
1.716
1.716
0.878342
1.716
0.564502
1.47772
1.18644
1.71264
1.716
1.46214
0.490197
1.58978
1.67074
0.149593
1.2139
1.716
1.09889
1.716
1.716
1.34208
1.716
1.716
1.5268
1.716
1.36558
1.38597
1.47121
1.34413
1.20629
1.716
0.650609
1.716
-0.0698516
1.44051
0.37815
1.716
-0.350024
1.13172
0.283114
0.896492
1.716
1.39645
1.716
1.42946
1.20834
1.14974
1.09183
0.0749771
1.43198
0.914139
0.0621032
1.07238
1.6034
0.947519
0.838581
0.64982
0.573255
1.17635
0.751612
1.35661
1.716
1.716
1.45157
1.716
0.219251
1.22362
1.68674
1.38428
1.30109
1.716
0.980765
1.716
0.738253
0.784252
0.791223
1.42003
0.833172
0.811142
1.70084
1.716
1.63232
1.716
1.716
1.716
1.34244
1.716
0.512592
0.838017
1.12584
1.01669
1.716
1.6267
1.33158
1.716
1.59105
1.03393
1.55198
0.75439
0.842838
1.16027
1.22414
1.35143
1.42527
1.716
0.550191
1.49558
1.716
1.716
1.04442
1.716
1.69284
1.14693
1.13128
0.134615
1.70574
0.478584
1.716
1.716
1.03197
1.26535
-0.170072
1.716
1.04748
1.1878
-0.204976
1.10444
1.11552
1.12868
0.748139
0.947235
0.586814
0.708152
1.20699
1.716
1.716
1.53474
1.716
0.741402
1.50102
0.799147
1.716
-0.191212
1.716
0.425281
1.57766
1.716
1.26557
0.155117
1.716
1.716
1.43085
0.600321
1.716
1.716
0.184297
1.16816
1.716
1.716
1.716
1.16509
-0.118656
1.14907
0.245144
1.716
1.716
1.53369
1.716
1.716
1.16044
1.716
1.42598
0.479009
1.716
1.40376
1.53671
1.29105
1.19978
1.716
1.716
1.716
1.716
1.716
1.3946
1.716
1.67834
0.552815
1.716
1.00954
1.53406
1.716
1.716
0.525351
0.473391
1.716
-0.449896
1.37317
1.49761
1.716
0.37365
1.16673
1.716
0.993353
1.716
1.716
1.716
1.53358
0.871465
1.31792
-0.140452
0.0761925
1.716
1.63329
0.0439283
0.607317
1.716
1.66345
1.18221
1.46474
0.475465
0.322753
1.26677
1.31776
1.70159
0.60351
1.17015
0.903583
0.482208
0.100028
0.661745
1.58311
1.53673
0.343285
1.41777
1.18172
1.716
0.255574
0.378178
1.10325
1.08682
1.69786
1.26534
0.787759
0.956575
1.716
1.39217
1.30522
1.716
1.36705
1.716
-0.227122
1.3259
-0.356659
0.595329
1.4299
1.62428
1.716
0.731069
0.932306
1.14375
0.995673
1.716
1.716
1.2656
0.639249
1.716
0.819149
-0.826378
1.31676
1.01148
1.716
1.716
1.35575
1.716
0.604687
1.07765
0.96005
0.439382
0.9291
1.40238
0.120058
1.63531
1.60345
1.16597
0.816784
1.23219
0.957563
0.9881
0.939049
1.36036
1.716
0.755411
1.17786
1.07882
0.487073
1.6524
0.939799
1.716
1.39489
1.716
0.991857
1.716
1.15254
1.716
1.716
1.716
1.38826
0.385614
1.716
1.32814
1.716
1.716
-0.36626
1.716
1.716
0.0729888
1.3363
1.716
1.716
0.773315
0.977588
1.716
0.228158
1.716
1.716
1.53631
1.63172
1.66536
1.716
1.34996
1.716
0.23321
0.386846
0.437003
1.53284
1.5313
1.716
0.201812
1.32115
1.716
1.37131
0.642675
1.66923
0.378058
1.70941
1.38338
1.12644
1.19678
1.716
-0.0433564
1.716
0.0757269
1.01065
0.730058
1.716
1.2868
1.716
1.716
1.06005
0.966326
1.02058
1.11765
1.716
1.716
1.716
1.33281
0.668996
1.09764
1.40646
1.44142
1.0128
1.716
1.46284
1.22473
1.716
1.42385
0.859598
1.716
1.716
1.716
1.716
-0.0796357
1.22733
0.256457
1.716
0.694636
1.40807
1.716
1.02445
1.33414
-0.0593622
0.896381
1.54727
0.703985
1.50306
-0.206977
0.845475
0.900401
0.0387067
1.63805
0.902347
1.716
0.902994
1.18318
1.716
1.716
1.716
1.716
0.651015
1.14873
0.888782
1.716
1.3933
1.22682
0.777684
1.716
1.716
1.716
1.13078
1.50509
0.988392
1.39379
-0.276836
1.716
0.784148
1.18784
0.20659
1.716
1.26332
0.991754
0.338578
1.55115
1.716
1.49126
0.763281
1.716
1.67418
1.716
1.716
-0.296885
1.716
-0.0470635
1.716
0.260103
1.06843
1.20316
1.716
0.856424
1.716
1.716
1.16535
1.716
1.15371
1.15567
1.67136
0.755915
1.716
1.716
1.716
1.53862
1.54325
1.36123
1.07264
1.10563
1.17721
1.55077
0.0951661
1.716
1.41119
1.38598
1.716
1.41746
1.07033
1.716
1.56059
1.41902
1.716
1.62914
1.15635
0.811359
1.50791
1.716
-0.205608
1.03962
1.11917
0.786428
1.716
0.533099
1.716
1.41134
1.01825
1.59302
1.44816
1.32881
0.955278
1.716
0.461342
1.716
1.20474
0.504519
1.716
1.10712
1.716
1.716
-0.40049
1.716
1.716
1.716
1.716
1.716
0.735485
0.918149
0.60542
0.520955
1.69604
0.367843
1.02805
0.833968
0.970963
0.979367
1.42954
1.63023
0.241407
1.12422
1.03742
0.923088
1.716
1.716
1.716
1.15867
1.716
1.716
1.716
1.716
1.11323
1.716
1.716
1.70662
0.918744
0.0677156
1.47478
1.39947
1.716
1.66881
1.36384
0.684571
0.231193
0.747723
1.09751
1.28658
0.750208
1.716
1.716
1.53082
1.51535
1.39828
0.99489
1.65814
1.716
1.07422
1.716
0.877644
1.61461
0.980906
1.716
1.45209
0.750193
1.40118
1.716
1.62697
1.716
1.716
0.957198
1.51426
1.13209
1.70438
1.01975
0.504224
1.55904
0.083625
1.716
0.774606
-0.2916
1.716
1.716
1.716
1.716
1.04455
0.419408
1.716
1.3643
1.13409
0.514535
1.716
1.716
1.27597
1.3827
1.32253
-0.549368
1.716
1.716
1.41815
1.68517
1.16231
0.819677
0.664742
1.08621
1.08082
1.716
0.564426
1.09177
-0.0776409
0.669113
1.716
0.553181
1.31071
1.2745
0.538936
1.45253
0.407792
0.895047
1.11114
1.716
1.716
0.714698
0.130691
0.996292
0.965761
1.34678
1.104
0.253661
0.532726
0.94192
1.66497
1.00534
1.716
1.00137
1.57286
1.716
0.717594
0.140853
0.840183
0.638919
0.919921
0.931922
0.970959
0.859674
0.936097
1.716
1.716
1.716
0.497069
0.115637
1.716
1.716
1.716
0.941091
0.631517
1.22955
0.45703
1.716
0.261301
0.560117
1.06557
0.412154
1.45988
1.716
1.62203
0.562362
1.3235
0.494996
0.903863
1.33135
1.0557
1.47757
1.716
1.716
0.969762
-0.105525
1.716
0.828199
1.716
1.42294
1.3479
0.906366
1.46694
1.716
1.716
0.425467
1.23217
0.962928
1.716
1.716
1.69086
1.716
0.741477
1.716
1.46042
1.12274
1.04383
0.504803
0.629779
0.752793
1.60301
1.716
0.79644
1.1604
-0.492237
1.0315
1.16739
0.606224
1.716
1.17492
1.716
0.754732
0.434157
0.868903
1.716
1.716
0.42682
0.974298
1.716
0.91889
1.62853
1.716
0.691199
1.69219
1.716
1.69217
1.44993
1.23291
1.716
1.716
0.761388
0.864495
1.716
1.58061
0.539619
0.0344617
1.04544
0.646339
1.716
0.458889
0.63765
0.338514
1.716
0.880807
1.32823
0.706332
1.3324
1.716
1.19551
1.18899
1.57613
0.573053
1.716
0.860432
1.02272
1.38863
0.621673
0.722357
1.29924
1.51105
1.58282
1.00288
1.35288
1.716
1.716
1.33158
0.449139
0.878012
0.740185
1.716
0.835842
1.0164
1.42269
1.716
0.841707
1.65471
0.511511
0.996163
1.17149
1.716
0.259779
0.672259
1.716
1.716
0.787132
1.716
1.716
1.36795
1.716
1.49679
1.59073
0.478152
1.716
1.12059
-0.148663
1.49225
1.52958
0.760251
1.1584
1.00856
0.163166
1.716
0.418563
1.70605
0.931473
1.49648
1.60036
0.521464
1.01227
0.489
1.5775
0.9027
0.636926
1.23603
0.494401
0.871277
1.30695
0.765417
1.716
0.854829
1.07174
1.716
1.66994
0.865037
0.748254
1.716
1.2092
1.38316
1.13604
1.12381
1.3893
0.89455
0.6475
0.75142
1.47723
0.731998
1.12288
1.19905
1.716
1.716
1.11594
0.430192
1.03992
1.69142
1.43522
0.191916
1.55128
1.716
0.925233
1.47894
1.04141
1.716
1.716
1.53752
1.30263
0.000344329
1.716
1.49874
1.15691
1.716
1.65269
1.32803
1.25221
1.55215
1.716
1.716
0.595256
1.51913
1.17504
1.36675
1.50022
0.931279
0.805042
1.716
1.4097
1.32052
0.442803
1.716
0.691439
1.70969
0.948976
0.740859
1.39113
1.32622
1.3722
1.716
1.13627
1.68171
0.964955
-0.315443
1.716
1.716
1.54373
1.716
1.716
1.17805
1.68477
0.754736
1.716
1.30922
0.131083
1.59114
1.14961
0.489903
0.808188
1.3362
1.716
1.716
1.04329
1.716
1.716
0.493872
0.584065
1.716
1.3672
0.791226
1.716
1.6523
0.439339
1.33453
1.49718
1.64102
1.46773
0.408549
1.716
1.10902
1.51301
1.716
0.950884
1.716
1.38218
1.29285
0.233595
1.54654
0.31968
1.716
1.716
1.716
1.1933
0.963993
0.63023
1.23574
0.675324
1.716
1.716
1.43621
-0.0921676
-0.29239
1.09727
-0.479084
0.463474
1.16068
1.716
1.716
1.55424
1.48035
0.966743
1.12004
0.764364
1.716
0.728572
1.09658
1.716
0.956092
1.56155
1.43082
0.832279
0.823515
0.487564
1.716
1.716
1.38759
0.222344
0.340825
0.782588
1.05525
0.594122
1.12948
1.41325
0.782166
-0.0636851
1.02672
1.26587
1.247
1.18286
0.556285
1.03686
0.271255
-0.000957195
-0.138974
1.64448
1.11428
1.54275
1.01148
0.585612
1.716
1.56813
1.716
1.716
0.5566
0.869159
1.716
0.921352
1.716
1.716
1.2585
1.70431
1.4747
0.897439
1.11517
1.716
1.39822
1.44483
1.716
1.716
1.716
1.716
1.70779
1.28236
1.21135
1.04843
0.332211
0.196797
1.10993
1.46401
1.12074
0.830134
1.35137
1.52281
0.646327
0.518576
0.463106
0.533039
0.608378
0.247239
1.25141
0.626161
1.19138
1.716
1.69917
1.39532
1.69552
1.51826
1.12557
1.06914
1.32169
0.808989
0.565223
1.716
0.589087
1.716
1.716
0.688996
0.43273
1.58949
1.69477
1.716
1.69192
1.716
0.899725
0.389422
-0.486801
1.35276
0.507685
1.57172
1.716
1.716
1.68806
0.772043
0.925909
0.582144
1.62084
-0.662564
0.871708
1.69493
1.11148
0.993457
1.02292
1.18627
1.13501
1.716
1.716
1.18877
1.44695
1.08924
-0.310524
1.11051
0.283543
1.03051
-0.208742
0.693327
0.865178
1.716
1.59003
1.22936
0.907414
1.30056
0.756633
1.716
1.04382
1.716
0.673524
0.952046
0.78715
0.850568
0.227623
0.696645
1.716
0.747922
1.716
1.13043
1.35386
1.56767
1.716
1.716
0.881582
1.716
1.716
1.17286
1.49469
1.03864
0.0927475
1.716
1.716
0.487567
1.716
0.702083
1.716
1.716
1.20971
1.1337
1.20212
1.716
1.23415
1.716
0.763224
1.07051
0.601553
1.716
0.229908
1.716
1.10473
0.370069
1.47519
0.835183
1.0993
1.716
-0.0966189
1.63733
1.50492
1.716
1.716
0.959419
0.624766
1.716
1.716
1.56869
0.750512
0.254329
1.45019
1.716
1.09261
0.584187
1.23438
1.31414
1.25534
1.39517
1.716
1.716
1.716
1.4092
1.58307
1.716
0.195059
1.52153
0.44639
1.66942
1.14425
1.15558
1.716
0.784741
1.716
0.24119
1.716
1.716
1.17447
1.716
1.61843
1.43751
1.64836
0.893658
0.576369
0.546742
0.464044
1.02296
1.70929
0.239127
1.716
1.18054
0.833271
1.71238
1.03913
1.40944
0.733444
0.779909
0.572003
1.716
0.995613
0.843536
1.57269
0.679135
1.716
0.78345
0.565318
1.716
1.716
1.24559
1.22743
1.69294
1.49844
0.263375
1.716
0.78202
1.716
-0.247914
1.70729
1.716
1.21244
1.60993
1.716
1.716
0.980732
1.63617
1.20359
1.51653
1.716
1.39091
1.716
1.716
1.61664
1.69984
1.65697
-0.483496
0.455235
1.37698
1.62316
1.38469
1.716
0.777492
0.588822
1.716
1.33754
0.406841
1.716
0.913456
1.2222
0.579282
0.823963
0.786213
-0.357394
1.4373
1.716
1.716
1.33471
1.716
1.59813
1.716
-0.2859
1.40354
1.716
0.201684
0.610688
0.988731
1.69559
0.82255
-0.225715
0.366635
1.716
1.30993
0.832507
1.716
1.17515
1.36468
0.555482
1.716
1.45695
0.560658
-0.0605595
0.228773
0.963602
1.716
0.778657
1.34425
0.273199
1.35429
1.64008
1.27963
1.43873
0.458768
1.19776
1.33968
0.09053
0.456284
0.798994
0.453305
1.716
0.814888
1.0356
0.137274
0.797896
0.92126
0.808596
0.827827
1.716
1.716
0.577447
1.716
0.136484
0.757553
1.0129
1.716
1.716
-0.601514
1.03451
1.716
1.20423
0.747176
1.25672
-0.102708
1.716
0.542318
1.716
1.716
1.40241
1.716
1.52079
1.02655
1.716
1.716
1.19384
0.312757
1.33375
1.716
0.963252
1.3711
0.779527
1.52462
1.26173
1.716
1.716
1.09765
1.62703
0.440442
0.936505
1.716
-0.25207
1.716
-0.922954
1.716
0.0297214
0.545025
1.61921
1.32172
1.22134
0.887336
1.47256
1.58189
0.634524
1.59693
1.716
1.69809
1.716
0.779517
1.28385
1.45327
0.806284
1.17347
-0.798032
0.877495
1.49996
1.20503
1.04953
1.716
1.716
0.633439
1.716
0.434236
1.63608
0.832341
1.716
1.716
1.716
-0.103108
1.716
1.52449
1.716
0.980333
1.69037
1.716
1.716
1.716
1.35887
1.61868
0.886715
0.769536
1.716
1.14383
1.10079
1.00815
1.17516
1.716
1.38072
1.716
1.00458
1.65027
0.851136
1.41572
1.716
0.819088
0.234783
1.10389
0.476375
0.91122
1.716
1.20864
1.716
1.06024
0.796412
1.41778
0.912136
0.695208
1.66489
0.657802
0.813141
0.539001
1.63028
0.36395
1.08583
1.716
1.11605
1.716
1.716
1.716
1.08544
1.19465
1.03995
1.25487
1.6482
1.19827
0.9323
0.954068
0.387818
0.872116
0.174151
1.716
0.801816
1.716
1.36445
1.2651
1.716
-0.260993
1.716
0.888981
1.16532
0.876545
0.924309
1.57397
1.0991
1.59546
0.785482
1.34705
1.27375
1.716
1.65483
1.51127
1.67281
1.716
1.716
0.676689
1.716
1.70322
0.950275
1.716
1.08621
1.716
0.465622
-0.069833
0.595849
0.775216
1.716
1.33151
1.716
1.11099
1.37584
0.0262718
0.56512
0.757302
0.602432
0.485091
1.39704
1.5187
0.862603
1.716
1.3896
1.60304
1.52736
0.593201
1.66494
1.57037
0.686907
1.716
1.716
1.716
1.57457
1.41648
1.716
1.716
0.365992
1.716
1.716
0.908422
1.1027
0.958214
0.547944
0.714503
-0.130219
1.22126
1.10986
1.716
1.716
1.10952
0.808408
1.716
1.716
1.716
1.56533
1.48962
1.08486
0.155235
1.716
1.716
1.716
1.69459
0.852416
0.0116556
1.716
1.538
0.411988
1.716
1.6019
0.389342
1.50622
1.31475
1.09359
1.68892
1.00689
0.471449
1.0294
1.18779
1.57904
1.01086
1.716
1.716
1.716
0.734309
1.716
1.52007
0.511272
1.716
1.716
1.39899
0.985666
1.12892
1.716
1.716
0.77989
1.13084
-0.383463
1.39568
0.511116
0.74105
0.747493
1.716
0.671513
0.264613
1.65114
1.12371
1.1715
1.716
0.672412
0.775891
1.01121
1.66713
0.280489
1.67961
1.716
1.716
-0.668235
0.491982
0.493129
0.670545
1.39473
1.2832
1.40598
0.237067
0.982676
1.04476
1.716
1.31294
1.12215
0.657192
1.41428
0.735061
1.71035
1.70841
1.11888
1.09998
1.33854
1.716
0.491244
0.849529
1.09669
0.825079
0.336479
1.716
0.616863
0.526605
-0.460394
1.14988
0.578207
1.17209
0.835165
1.30891
1.716
1.18464
1.11885
1.716
1.716
1.716
0.36805
0.507959
1.63419
0.623005
0.694133
0.628016
1.19559
1.24707
0.850668
0.866991
1.29923
0.86342
1.69103
1.1152
1.716
1.26381
0.619405
1.1897
1.21598
1.716
1.716
1.48314
1.64964
1.45274
1.62322
1.45071
1.716
1.64402
0.136677
0.749316
0.321937
1.716
0.829814
1.09733
1.42932
1.08039
0.249543
0.88549
1.59242
0.564999
1.3182
1.21316
0.596141
0.289888
1.716
1.716
1.40433
1.23922
-0.711081
0.0230268
1.64994
1.03435
1.52457
0.0926784
1.716
1.18659
0.408317
1.716
0.983483
1.0173
1.5403
1.716
0.73057
1.716
1.716
1.11507
0.980567
1.70835
0.669487
0.682145
0.526004
0.697189
1.716
0.253133
0.355571
1.34343
-0.359846
0.412818
0.294439
1.04453
1.47612
0.712208
1.07429
1.26416
0.544539
1.716
-0.40259
1.716
1.14745
1.41368
0.979752
-0.388317
1.0905
0.84574
1.716
0.479885
1.716
1.02138
0.643489
0.986986
0.430672
1.25831
0.824527
0.818013
1.09854
1.42501
0.270511
0.0144944
1.716
1.716
1.22055
1.16944
1.716
1.50433
1.716
1.49797
1.28561
1.54559
1.08354
0.634926
0.579422
1.55318
1.17989
0.822664
1.716
1.23333
1.716
0.830845
1.05269
1.716
1.03723
1.716
0.798184
1.45519
0.844015
1.28878
1.09157
0.450364
1.12819
1.67181
0.221865
0.573436
0.967435
1.68206
0.880448
1.71494
1.52227
1.21085
1.716
1.3157
0.533331
1.26349
1.35687
0.952797
1.716
1.716
1.59325
1.50071
0.366179
1.63483
1.21972
1.716
1.70693
1.38635
1.716
1.52053
1.59265
1.716
0.618232
0.71459
1.15958
0.567912
0.0587255
1.716
0.935235
0.727125
1.716
1.20901
1.28152
1.19059
1.2746
1.03058
1.71179
1.31554
1.716
0.139738
0.188308
1.39278
1.3179
1.51142
1.716
1.26964
1.54386
1.14087
1.6599
1.716
0.783602
0.974769
1.716
1.5422
0.768719
1.716
0.981983
0.632386
1.19649
1.27009
1.716
0.76713
1.21486
1.716
1.716
0.988826
1.716
0.468495
0.741209
-0.0624821
0.923024
1.33932
1.716
1.24495
1.417
1.26064
0.443351
1.09496
1.51419
1.43009
1.54439
0.651371
1.716
1.716
1.716
1.11751
1.11159
1.40063
1.47238
1.716
1.716
1.51075
1.716
0.456083
0.795534
1.16794
1.716
0.878238
0.669516
1.31274
1.716
1.06835
1.716
1.54353
1.61206
1.67212
1.58421
1.23375
1.48912
1.13791
0.70172
0.93594
1.30123
1.03083
0.289546
1.22202
1.51937
1.716
1.57718
1.50488
0.262374
0.410723
0.532834
0.968838
1.716
1.39812
1.54544
1.716
-0.0088803
1.716
0.996503
1.30746
0.928864
0.551622
0.17146
1.716
0.798
1.716
1.10611
1.716
1.58683
1.29421
1.716
1.716
1.40581
0.802444
0.434606
1.68258
1.716
1.716
1.716
1.53877
1.54455
1.716
0.0213829
-0.440927
0.322425
0.832622
1.716
1.716
1.716
1.716
1.04277
1.31931
1.24432
1.55956
1.02995
1.30251
0.937197
1.716
1.59927
1.43803
1.38642
1.34594
0.804682
0.597045
1.716
0.634864
1.716
1.02585
1.716
1.3222
1.716
1.52574
1.26696
0.679519
0.929187
1.30196
0.835955
0.32774
1.716
0.769665
1.716
1.716
1.0213
0.373052
1.716
1.716
1.68183
1.68141
1.03597
0.72264
0.92999
1.7123
1.6942
1.38916
1.45896
1.716
1.29331
0.586316
1.00226
1.716
0.937076
1.05959
0.993524
1.716
1.716
1.716
0.789376
1.36718
1.27757
1.50695
0.777027
1.46674
0.652979
1.08681
1.716
1.01698
1.67492
1.13353
1.30475
1.716
0.689856
1.716
1.16681
0.56454
0.0140524
1.716
0.305294
1.716
-0.0809071
0.836345
1.10153
0.71149
0.0640355
0.576472
0.289765
1.716
0.694237
1.09897
1.69057
1.716
0.874027
1.716
0.71897
0.44177
1.68103
1.14388
0.813485
1.68998
1.716
1.716
1.00204
1.05036
1.33041
1.716
1.716
1.17106
1.35518
1.716
1.41622
1.00349
0.973106
1.716
0.369308
1.00347
0.22859
0.485699
0.59647
1.716
1.28796
1.716
1.50044
0.570058
1.38269
1.716
0.594146
0.972007
1.0305
0.893248
1.10046
0.0807734
1.716
1.716
0.802531
0.508061
0.849893
1.18215
1.42421
-0.700378
1.21657
1.35536
1.34312
1.206
0.715988
1.716
1.716
0.768486
1.716
1.716
0.0506448
1.69364
0.697165
1.716
1.60339
0.283863
0.373069
1.6331
1.716
1.33053
0.977564
0.478728
1.08993
1.716
1.14546
1.716
1.08315
1.716
0.998348
1.09136
1.33923
1.716
0.549986
1.13015
0.712745
0.742893
1.53361
1.14608
0.873208
1.55802
1.716
1.12786
1.22519
0.175237
1.716
1.35262
1.25209
1.716
-0.0927729
1.26823
1.20119
1.716
0.533814
1.32762
0.65629
1.7082
0.827925
1.716
1.716
1.32797
0.804139
1.07845
1.716
1.716
1.716
1.50209
1.716
0.519757
1.716
0.732159
1.716
0.995146
1.716
1.1554
0.92529
0.628169
1.11066
0.731551
1.716
1.44761
-0.263603
-0.24928
1.39657
1.716
1.69288
1.68191
1.716
1.59527
0.610726
1.55671
1.716
0.777209
0.158977
1.30478
0.935094
-0.170312
1.716
0.841602
1.07503
1.44481
0.705329
1.716
1.716
1.716
1.716
1.68678
1.22168
1.10687
1.22099
1.13971
1.716
1.48162
0.814258
1.11408
1.05886
0.21063
1.716
0.471283
1.45252
1.716
0.908333
1.716
1.716
1.41736
1.52541
0.70668
0.540618
1.04124
0.970116
1.34539
-0.576131
0.16746
1.716
0.603852
0.739073
0.163828
0.935145
0.909155
1.716
0.963
1.22489
0.473665
0.76982
0.0609743
1.41208
1.716
0.961238
0.95985
1.46624
1.6337
1.716
1.716
1.716
1.716
-0.402564
0.977585
1.34538
0.902651
1.716
0.663633
1.32392
1.52331
0.137053
1.64557
1.30092
1.716
1.716
1.59023
1.716
1.716
0.706034
1.14676
0.798617
1.1211
0.664472
1.07839
1.716
0.527675
1.44607
1.716
-0.363072
1.25364
0.44219
0.029377
1.49567
1.33347
1.716
1.716
1.716
1.20277
0.755463
1.47746
1.716
1.716
1.16347
1.57941
1.14593
1.716
1.716
0.43564
1.27575
0.450896
0.841906
1.47331
0.792699
0.798725
1.716
1.52709
0.38458
0.806068
1.716
0.779954
0.98283
1.716
1.58988
0.701891
0.8033
-0.318895
1.29007
0.541474
0.863675
0.376838
0.482518
1.716
1.716
1.716
1.716
1.39003
1.716
1.3342
1.716
1.31746
1.716
1.45526
0.684483
1.716
0.757554
1.716
0.819312
1.36789
1.60661
1.716
1.51007
-0.0440044
1.53138
1.5453
-0.00519366
1.59857
0.427596
1.51084
1.19991
1.716
0.433195
1.13976
1.3569
1.716
0.729852
0.685279
1.716
0.891452
0.712052
0.60936
1.716
0.139309
0.679553
0.27073
1.17174
1.716
1.716
1.64699
0.981349
1.716
1.12958
1.69993
1.10285
0.601607
1.60928
1.716
0.896851
1.716
0.217688
0.0673467
0.980409
0.947424
0.445865
1.29082
1.20502
1.32169
1.716
1.716
1.716
0.273039
1.09216
0.600678
1.716
1.12378
0.585666
1.5355
1.52509
1.37477
-0.691603
0.694047
0.589216
1.716
0.750394
1.716
0.580197
0.422927
0.4592
0.933227
1.65925
1.07977
1.34632
1.716
1.53357
0.210883
0.852315
1.05761
1.40846
0.816294
-0.377851
-0.205983
1.716
1.43497
1.48774
1.64245
1.716
1.19971
1.07144
0.623551
1.17013
1.15958
0.553062
-0.0273375
0.855059
0.532232
1.55332
0.526097
1.716
0.00916827
0.467486
0.0951411
1.25253
1.64328
1.716
1.716
0.0509416
0.692631
0.277652
-0.0370555
1.716
1.67289
0.40756
1.28153
1.28141
1.5943
1.43332
0.860181
1.60953
1.716
1.53898
1.58991
0.557841
0.98803
1.2637
1.04701
1.716
0.560251
1.56669
-0.0878734
0.971892
0.487283
1.716
1.716
0.140816
-0.294305
1.716
0.956194
1.68303
1.04953
1.716
1.716
0.810986
1.5565
1.39714
1.716
1.716
0.78751
1.05316
1.716
1.34038
1.47992
1.53286
1.17455
1.716
0.313044
1.716
1.716
1.43317
0.507875
1.716
1.716
-0.057934
1.04362
1.36015
1.14492
1.03565
0.411298
1.07886
0.388168
1.69588
1.716
0.323139
1.716
0.639564
0.497273
1.716
1.37835
0.949133
1.716
0.798225
1.21637
1.69784
1.28862
1.716
1.58376
1.19466
0.839833
0.255669
1.716
1.15058
1.716
0.684735
1.65081
1.716
1.716
1.69017
0.313969
1.34678
0.0780561
0.967366
0.800485
1.03606
1.56015
1.4058
0.252778
-0.746368
1.63629
0.851974
1.01506
1.716
1.15431
1.45971
1.716
1.716
1.716
1.716
1.716
1.716
0.732524
1.716
1.63844
1.04673
0.608931
1.66848
1.50705
0.976703
0.120514
1.21307
1.716
1.716
-0.195414
1.59024
1.62123
1.716
1.5357
1.1069
0.716691
1.716
0.898859
1.716
0.65008
1.716
1.00846
1.35457
0.556844
1.716
1.26296
1.31246
1.53653
1.20277
0.765579
0.579998
1.29119
1.2749
0.755034
1.716
0.459813
1.30478
1.716
1.716
1.716
0.63101
0.978522
1.16474
1.03784
1.716
0.189594
0.562391
0.542417
1.4638
1.10389
1.41043
0.760094
1.716
0.96546
1.03456
0.471805
1.716
1.716
1.716
1.55804
1.716
1.17679
1.716
1.3392
1.37035
1.62375
1.69989
0.943524
0.634358
1.716
0.153977
0.790712
1.64449
1.716
0.52515
1.716
1.35299
1.10168
1.716
1.0412
0.935929
1.01598
0.134565
0.593414
1.44277
1.716
1.06907
1.716
1.65081
0.317804
1.61708
1.48809
1.28035
1.61339
1.716
1.716
1.54707
1.716
0.584151
0.35994
1.30614
1.23333
1.716
1.37947
1.50712
1.716
1.38329
1.08347
1.67392
1.45356
1.716
1.61732
1.08678
0.925135
0.718484
0.958457
1.716
1.33127
1.44955
0.999148
-0.0207671
1.716
0.946338
1.37777
1.716
1.57172
0.255037
0.604695
0.866939
0.616407
1.716
1.13179
1.716
0.724578
0.994207
1.716
0.323356
0.733575
0.486701
1.716
1.25198
-0.277361
1.22448
1.32939
1.716
1.716
-0.0587549
1.41482
0.691426
1.00604
1.716
1.52715
1.716
1.716
1.44459
0.837044
1.52757
1.08335
1.716
1.716
1.51371
1.16612
1.04291
1.15543
0.762557
1.37018
0.986021
1.14988
1.24321
1.716
0.185445
1.716
1.716
1.50009
1.65085
1.716
1.716
1.70154
0.409031
1.70429
1.28889
0.935198
0.451918
1.37571
1.716
0.687541
1.716
1.716
0.630223
1.716
1.22738
1.65764
1.63765
1.44863
1.2591
1.0475
0.0514454
1.20382
1.0897
1.12557
1.04121
1.716
0.619006
1.21404
1.716
0.323459
0.541607
-0.128863
1.11383
0.690585
1.18953
1.716
1.07361
0.416683
1.716
1.716
0.271731
0.795376
1.716
0.22007
1.716
1.716
1.716
1.716
1.716
0.777032
1.716
0.893797
1.47818
0.577729
1.66683
1.03308
0.702263
1.716
1.0784
1.46422
0.74193
0.853029
1.47088
1.39427
1.05729
1.58995
0.18991
0.565632
0.611644
1.59217
1.18415
1.716
1.19562
1.716
0.696921
1.716
1.28583
1.10621
1.05567
1.716
1.716
1.34066
1.716
0.346439
0.744432
0.661093
0.767814
1.51712
1.30985
0.60907
0.259976
0.541175
1.716
1.716
1.44228
0.697882
1.22894
1.40962
1.15072
-0.0622326
0.993012
1.716
1.716
1.31084
1.716
0.249959
1.716
0.395846
0.615999
0.54763
1.70636
1.36633
1.04709
1.716
1.51283
0.589349
1.32882
0.259134
1.716
1.716
1.27829
1.27785
1.13747
0.820832
1.02723
1.15278
1.716
1.0983
0.560959
0.738563
1.07099
0.793329
1.19559
1.51348
1.54762
1.3517
0.940576
0.660659
1.716
1.51684
0.124348
1.5102
1.51014
1.58386
1.716
1.716
1.716
1.57932
1.716
1.19873
1.716
0.155511
1.716
0.169528
0.555209
1.43785
1.41257
1.53399
0.601439
0.654223
1.38902
1.716
0.05013
1.00244
1.11828
1.05259
1.01541
1.58339
1.10907
0.552898
1.2691
0.937768
1.35532
1.42084
1.716
0.490726
1.42352
0.399557
-0.0518086
1.64575
1.716
1.716
1.18062
1.67611
1.11013
1.51467
0.950099
0.936695
1.716
1.62476
1.69307
1.64424
1.52274
1.22128
0.635723
1.41019
0.330727
1.11592
0.752549
1.45667
1.716
1.41467
0.892029
0.828368
0.995378
1.716
1.716
0.860126
1.56091
1.716
1.66667
0.80095
1.01236
0.242113
1.00965
1.716
1.716
0.389573
1.34532
-0.167689
0.792691
1.23011
1.52477
0.910972
1.716
0.655994
1.716
0.652842
1.32376
1.42034
-0.468231
1.716
1.64487
-0.132781
0.446566
1.44074
0.472152
1.716
1.6371
1.716
1.3866
1.39824
1.716
0.347855
1.716
1.32126
0.259749
1.716
0.859196
1.716
0.697639
1.716
0.66525
1.21047
1.58021
1.716
1.23026
1.54113
1.36384
0.258692
1.20986
0.621516
0.11124
1.64632
1.61535
1.716
0.512453
1.32097
1.716
-0.000643492
1.716
0.669123
0.823363
0.784759
1.7142
1.58226
0.895512
0.909976
1.47967
1.716
1.716
0.624839
0.530417
0.80397
0.282284
-0.0301622
1.43274
1.716
1.716
-0.662541
1.16064
1.17859
0.736489
1.716
1.716
1.00077
0.585155
1.716
0.884484
0.000995962
0.799658
1.716
1.716
1.716
0.671377
1.716
0.844029
1.57832
1.716
1.00885
1.32708
1.09005
1.31482
1.716
0.477177
1.716
1.25975
1.716
1.716
0.967876
1.1726
1.716
1.716
1.716
1.48046
1.65558
1.50228
1.716
1.61274
1.45477
0.958394
0.687501
1.716
0.265985
0.501983
1.65319
1.24779
0.678234
1.716
1.47473
1.1866
1.716
1.716
1.716
0.934933
0.351484
1.02383
1.716
1.48482
1.51243
0.720632
1.716
0.450811
0.726323
1.716
0.968503
1.30777
1.716
1.36775
1.60109
0.808997
0.943652
0.528196
1.5003
1.716
1.716
0.64753
0.63586
1.68671
0.700728
1.52711
1.21771
0.803416
1.26982
1.59263
1.28703
1.11661
1.716
0.224125
0.567337
1.33088
1.716
1.716
0.283561
1.43295
1.716
-0.447604
1.00374
1.26923
1.716
1.19154
1.07918
1.14584
1.716
1.1137
0.728331
1.716
1.716
1.08817
1.716
1.716
0.926411
1.60255
1.716
1.08927
1.716
1.716
1.716
1.716
0.596106
1.54307
-0.226689
1.24639
1.716
1.30878
0.919049
0.941425
0.506018
0.649374
1.69134
1.716
1.25489
1.716
1.716
1.3437
-0.0427057
0.94191
0.468335
1.48952
1.67892
0.90455
1.716
0.765511
0.396364
1.1231
1.4888
1.716
1.716
1.27426
1.07421
1.716
1.20943
1.58827
1.17716
1.716
1.43944
1.22806
1.64322
1.716
1.38721
1.716
0.693415
1.27381
0.391824
0.970607
1.716
1.44116
0.52464
1.716
0.745496
1.30959
0.750276
0.370015
1.45935
1.37792
0.507421
0.476744
0.735933
1.45157
1.22302
1.716
1.716
0.448539
0.937304
0.535701
0.839976
1.09806
1.5982
0.937204
0.540984
1.716
1.716
1.66895
0.849404
0.979503
1.716
0.993416
1.716
0.949933
1.1503
1.67713
0.557316
0.661443
1.716
0.973213
0.417865
0.73384
1.716
1.33743
0.625107
0.457793
0.85214
1.4656
1.3238
1.716
1.716
0.410167
0.192244
1.716
0.0855371
1.02383
0.408462
1.59343
1.37131
0.821088
-0.201549
1.11268
1.716
0.730024
1.37832
1.2632
1.716
1.37283
1.55775
0.0668806
0.549358
1.04152
0.835372
1.716
0.386637
1.716
1.716
0.417347
1.69618
1.48512
1.716
1.06036
0.95834
1.716
1.716
0.598108
0.50185
1.36846
1.51033
0.787886
0.104999
1.716
1.716
-0.634266
0.616
1.716
1.716
0.174683
1.56276
1.34527
0.771111
1.716
1.716
0.545304
1.04226
0.995876
1.716
1.65476
1.06655
0.875086
0.665556
1.716
0.655406
0.723779
1.27493
0.577656
1.716
0.30188
0.41839
1.716
1.716
1.62108
1.69107
0.829087
0.685246
1.00378
1.716
1.716
1.62524
1.45699
1.716
1.02886
1.48112
0.059126
0.14875
1.716
0.734292
1.716
0.554374
1.716
1.15826
1.38079
0.560224
0.900195
1.716
1.62385
1.63095
1.69855
0.69191
1.24354
1.716
1.4049
1.45923
-0.156559
1.56624
0.864597
1.4444
-0.104285
0.491614
1.51452
1.6798
1.22464
0.883267
1.35204
1.716
1.716
1.34641
1.26743
1.716
1.60403
0.102369
0.378635
1.716
1.716
0.342176
0.895828
1.716
0.496305
1.716
0.852785
0.83648
0.993257
1.716
1.716
1.716
1.716
1.61024
1.61299
1.716
0.75381
1.06056
0.832396
1.09784
1.17089
1.68511
1.46054
1.45331
1.00519
1.15971
1.52583
1.716
1.716
1.38054
1.30018
1.68201
1.6583
0.853197
1.0744
1.716
1.13706
1.41474
1.38621
1.716
1.02001
0.903912
1.52003
0.703428
0.631872
1.35079
1.716
0.954955
1.12704
1.716
1.716
0.421512
1.36381
1.716
1.716
1.716
0.216413
1.716
1.58732
1.716
0.708698
1.52897
1.716
0.95534
1.07377
-0.0831408
0.336409
1.716
1.716
1.716
1.716
0.33002
1.54596
1.28265
1.5667
1.68302
1.46794
0.602173
1.15592
0.182103
1.40664
1.39582
0.334508
0.693966
1.10431
1.716
1.716
0.983002
1.716
1.3228
0.922315
0.712933
0.938854
1.716
0.775532
1.32977
1.716
0.869619
0.447308
0.198635
0.826631
1.716
1.15003
-0.644207
0.551183
0.915554
0.529107
1.716
-0.112444
1.24119
-0.382044
1.20659
1.42991
1.716
1.716
1.44686
0.986086
0.4146
1.5082
1.10642
1.716
1.41919
0.991187
0.952636
0.566642
1.716
1.17138
1.18618
1.13507
0.314474
1.716
0.573885
1.03938
0.643627
1.716
1.3166
1.716
1.42945
0.469077
0.862245
1.25322
1.716
0.254156
0.614581
1.03215
0.491251
1.67392
1.716
1.716
1.03737
1.716
1.716
1.716
0.932046
1.716
1.32253
1.716
1.61298
0.574968
1.716
1.55848
1.34647
1.05843
1.716
1.0054
0.416542
1.192
1.716
0.328044
0.911625
1.716
0.486981
1.27042
1.29164
0.595313
0.832435
1.67909
1.55404
1.28552
0.825193
0.465922
1.64863
1.69445
1.70431
0.302953
0.382954
1.62355
0.510789
1.716
0.190868
1.39022
1.11818
0.65759
0.640527
1.34384
0.847994
1.716
1.70678
0.0803135
1.52939
0.257305
0.962528
1.25031
1.716
0.862331
0.328986
1.716
0.240579
1.05308
0.910156
1.716
1.716
0.425825
1.716
1.716
1.716
1.716
1.716
1.716
0.639684
1.21437
0.951963
0.759746
1.716
1.30366
0.328611
1.716
1.716
1.716
1.716
1.716
1.17357
1.2004
1.716
1.716
1.716
1.44661
1.14652
1.716
1.63732
1.69332
1.57868
1.18355
1.66612
0.143813
0.686724
1.22157
1.3487
1.47261
1.716
1.58474
0.985946
0.59065
1.61114
1.45956
0.750873
0.215917
1.40012
0.934069
1.716
0.0946495
1.44722
0.916926
1.716
1.716
0.881881
1.56329
0.554762
1.41
1.00479
1.716
0.242571
1.68935
1.716
1.716
1.716
1.50897
1.716
1.151
1.716
0.809647
1.39557
-0.163905
1.40015
0.0767454
1.716
0.735266
1.37357
1.5294
0.335887
0.905784
1.57899
1.27805
0.288827
1.4422
1.37192
1.13678
0.436261
0.867341
1.16671
0.871134
0.756429
1.123
1.716
1.716
1.716
1.716
1.716
1.39938
1.16081
0.697957
1.46071
1.716
0.900297
1.63847
1.716
0.985442
0.743592
0.677877
1.47717
1.17617
0.433989
1.716
1.716
1.716
1.24911
0.568303
1.716
1.66692
0.288431
1.716
1.44743
1.33306
1.37454
1.716
1.716
1.716
1.50085
1.37806
1.716
1.43582
1.29861
1.716
0.356779
1.14418
1.1839
1.07009
1.43432
1.716
0.932643
1.08925
1.716
1.716
1.716
1.716
1.50417
0.924647
1.33077
1.716
1.05205
1.56013
0.647112
1.716
1.716
0.351019
1.67517
1.19486
0.383562
1.716
1.59009
1.44835
1.716
1.18875
1.55356
1.23881
0.967812
1.716
1.716
0.978022
1.63634
1.716
0.96743
1.02728
0.657021
1.716
1.1884
1.34281
0.514233
1.716
1.22528
0.850628
1.716
1.36461
1.4473
1.1244
1.17204
0.487035
0.123124
0.436734
1.00798
0.90474
-0.0191469
1.716
1.57744
0.641863
0.665639
1.716
1.716
0.522643
0.897353
1.716
1.14151
0.988824
0.810121
1.04328
0.586539
0.947681
1.25854
1.716
0.798001
0.655036
1.33419
0.307724
0.962068
0.788688
1.50216
1.3228
-0.178204
1.716
1.44537
0.975173
1.716
1.33739
1.716
1.716
1.716
0.297257
0.876311
1.6395
1.716
0.388048
1.716
1.716
1.51618
1.21671
1.12243
1.716
1.716
1.716
1.17055
1.716
1.716
1.04348
1.44848
1.39084
0.157003
0.395204
0.830509
0.895342
1.19393
1.27242
0.716112
1.6938
0.681579
1.13899
1.70678
0.858852
1.40833
0.895588
0.464957
0.489484
1.716
1.27473
0.679156
1.54423
1.716
0.520362
1.49697
0.803831
1.716
1.295
1.60083
1.50223
1.22933
0.866504
0.523465
0.790728
0.0599333
1.19773
0.531448
0.40942
1.47607
0.588886
1.11049
0.31276
1.35603
1.17531
1.04073
1.49633
1.21193
1.716
1.62624
0.867537
-0.116503
0.641134
1.03454
1.36293
1.716
0.00747206
1.716
1.716
0.969342
1.49014
1.716
1.716
1.05006
1.716
0.997639
1.44783
1.49559
1.716
0.216048
1.52395
0.790546
0.949821
1.716
1.29108
0.70716
1.28011
0.563559
1.716
1.716
1.716
0.362547
1.22918
0.339824
0.144056
1.716
1.28315
1.35247
0.89277
1.4042
0.719331
1.13563
0.332359
0.487188
0.380168
1.11459
1.26557
1.6917
1.54816
0.191061
1.34561
0.856113
0.249145
0.758221
0.7143
1.52094
0.722407
0.716637
1.716
1.28402
1.65536
1.716
1.716
0.937185
1.716
1.22209
1.27581
0.386963
-0.296545
1.44489
0.844435
1.716
1.67315
1.5102
1.08423
1.716
1.716
0.843872
1.57896
1.716
0.732832
1.12095
1.07716
1.29949
0.913285
0.437657
1.23823
0.891799
1.60685
1.0418
1.22555
1.25649
-0.128791
0.364812
0.0300497
0.379713
1.716
1.716
1.716
1.716
-0.427138
1.716
1.47691
0.744923
0.368137
1.0394
0.423002
0.2286
-0.354909
1.23224
1.69498
1.716
1.09213
1.716
0.151571
1.716
1.23813
1.716
1.34039
0.651803
0.830681
1.02344
1.10717
1.07736
1.49412
0.857556
1.20287
0.497832
1.716
1.15005
1.36584
1.22563
1.59575
1.68084
0.996169
1.47823
0.96562
0.796984
0.732698
1.23464
1.716
0.671071
1.16926
1.52938
1.716
1.23976
1.716
1.49303
1.40637
1.21856
1.71576
1.55345
1.56926
1.15468
1.45513
1.43619
1.716
1.716
0.556431
1.2144
1.15233
1.43274
1.716
1.44631
1.54773
1.716
0.774856
0.334208
1.29707
1.716
1.3877
0.759967
1.06192
0.846369
1.57355
-0.441104
0.410264
1.19674
0.78541
0.935954
1.32928
1.716
1.716
0.496207
1.32139
1.716
1.42635
0.828187
1.60457
1.16823
1.716
0.403108
0.440179
1.36236
1.716
1.716
1.08709
-0.000641495
1.49882
0.0920893
1.52957
1.26298
1.716
1.716
1.0397
1.716
0.725897
1.04623
1.22333
0.698622
0.248603
1.716
1.59428
0.855812
1.24533
1.19474
-0.0773203
1.16591
0.456424
0.805602
1.716
1.36294
1.46501
0.504226
0.915129
1.30623
1.47969
1.14296
1.39897
0.428348
1.45561
1.22032
0.262466
0.471403
0.0115792
1.07659
1.66988
-0.083772
1.23177
0.609627
1.716
0.526841
1.45213
1.60064
1.716
1.07443
0.179196
0.31434
0.632222
1.70882
0.858304
1.14693
1.4606
1.45985
0.76579
1.716
0.0418647
1.42832
1.60833
1.35247
0.558576
1.716
0.890705
1.16339
1.36299
1.3191
0.0409008
0.738243
1.02372
0.975681
1.716
1.04072
1.45447
0.506128
1.22627
1.0919
0.347647
0.784581
1.716
1.38823
1.55856
1.36828
0.389091
1.716
1.66803
1.1451
1.716
0.224605
1.716
1.01012
1.58405
1.716
0.174953
1.716
1.34488
0.992397
1.36137
1.716
1.63807
0.775399
1.36804
0.949785
1.716
0.557345
0.916194
1.716
1.30187
1.716
1.01772
1.68731
1.58356
1.716
0.304365
1.70258
1.44813
1.716
1.08598
1.716
1.716
1.20189
0.0504741
1.53353
1.716
1.716
1.6379
1.23514
1.69155
1.716
0.142169
1.44202
1.716
1.716
1.13477
0.563016
1.10931
1.716
0.457459
1.716
1.39173
0.625458
1.10345
1.716
1.716
1.36573
0.955627
0.583196
0.0516122
1.08744
1.716
0.591807
1.50989
1.21095
1.716
-0.104509
1.13494
1.716
1.22289
1.36383
1.5794
1.38115
1.23161
0.779776
1.716
0.946492
1.27192
1.18074
1.716
1.32958
1.716
1.716
0.347253
1.23837
1.3303
1.0313
1.67898
0.772099
1.35686
0.794334
1.68835
1.11486
0.212493
1.716
0.776385
1.33643
1.04795
1.65355
1.39332
1.57175
1.20604
0.651952
1.20645
1.716
1.716
1.703
1.716
0.546444
1.716
0.816762
0.773966
0.621998
1.60944
1.38847
1.12585
1.6677
0.990989
0.797979
0.73464
1.716
-0.468284
0.648044
1.07606
0.52427
0.355962
0.993494
1.5387
1.53611
1.716
0.463672
1.46345
1.716
1.50994
1.06782
1.30221
0.968334
1.22292
1.716
1.30706
0.967083
0.663144
1.60652
1.69886
1.27265
1.42637
1.09149
1.716
1.716
-0.426716
0.841571
0.938867
1.34173
1.13183
0.421867
-0.114434
0.546497
1.716
1.61514
0.925431
1.716
1.716
0.855531
1.45541
1.37239
1.39097
1.04617
1.716
1.66348
1.34375
0.499162
0.802903
1.53478
1.716
0.893345
0.922635
1.716
0.838999
-0.379981
0.272816
1.42555
1.50788
1.716
-0.262747
0.200012
1.716
0.849386
-0.207984
0.979287
1.62656
1.71056
1.716
1.716
1.716
1.28984
1.13695
1.34639
0.684895
1.15473
1.2258
1.36719
1.52102
0.656586
1.716
1.66445
1.63984
1.08208
1.56827
0.27573
0.855858
0.724704
-0.156167
1.716
0.0508836
1.716
0.887985
0.461175
1.30875
0.937363
1.51115
1.4119
1.716
0.470121
1.716
0.656091
0.561881
0.621389
1.54555
1.2993
1.11959
1.16349
0.210292
0.912945
1.5606
0.041016
-0.0688578
1.716
0.350016
1.716
1.716
0.703337
0.508572
1.03484
0.851436
1.716
0.830217
1.53047
1.69014
1.32796
1.25117
0.379603
0.945888
1.11049
1.716
1.716
1.21426
1.67842
1.5338
1.716
0.430154
1.716
0.823309
0.617165
1.716
0.256742
1.716
0.584541
1.568
1.716
-0.016583
1.716
1.02786
1.716
1.15201
1.30915
0.937536
0.926029
1.716
1.27951
1.716
1.32568
1.52777
-0.0732236
-0.844576
0.965368
0.329734
0.993907
1.716
1.02194
1.716
0.940037
1.716
0.761446
1.716
1.52605
1.03491
0.951399
1.42339
1.13129
1.4049
0.93571
-0.131185
0.523856
1.716
0.956769
1.35112
1.716
0.543984
0.966904
0.652148
0.154483
1.14546
1.716
-0.218139
0.90681
1.56347
1.716
1.716
1.716
0.938784
1.716
-0.0944526
