1.84768
1.73341
1.54421
1.2402
1.31757
1.41498
1.72547
1.23033
1.67507
1.773
1.72424
1.76592
1.60023
1.39734
1.45235
1.55227
1.51131
1.70653
1.73917
1.80591
1.90701
1.50044
1.4996
1.83312
1.69517
1.70804
1.72539
1.71219
1.67413
1.73487
1.74448
1.26848
1.5513
1.44927
1.73683
1.52225
1.83212
1.68765
1.54001
2.01703
1.50817
2.01703
1.39939
1.41957
1.74706
1.75976
1.52499
1.50207
1.8584
1.57531
1.88112
1.54114
1.30735
1.71323
1.43631
1.63579
1.87818
1.36158
1.64959
1.57816
1.01277
1.74036
1.47545
1.56177
1.8483
1.36554
1.20275
1.68729
1.548
1.42187
1.91986
1.55008
1.8065
1.6519
1.52886
1.46458
1.35131
1.56003
1.71389
1.94598
1.45999
1.80247
1.81657
1.75182
1.45568
1.84491
1.51111
1.33509
1.65495
1.61143
1.46579
2.01703
1.88983
1.03491
1.33877
1.79962
1.61888
1.84219
1.58528
1.80518
1.34975
1.57357
1.55164
1.58061
1.83484
2.01703
1.45693
1.68403
1.71955
1.42479
1.3647
1.62208
1.84468
1.58001
1.60374
1.43435
1.51966
1.52235
1.31165
1.7584
1.64358
1.5751
1.52491
1.88995
1.48497
1.3803
1.70963
1.70748
1.71538
1.76387
1.59649
1.4958
1.70684
1.62084
1.42261
1.82096
1.53835
1.47581
1.54547
1.58642
1.65546
1.43322
1.92921
1.68982
1.75963
1.69587
1.69704
1.37927
1.70043
1.60061
1.52724
1.66379
1.65003
1.26091
1.28548
1.5901
1.43934
1.68356
1.49577
1.85205
1.69904
1.54538
1.67468
1.49989
1.57908
1.36746
1.64148
1.5107
1.52913
1.66885
1.82871
1.80717
1.63158
1.44621
1.76997
1.64377
1.45877
1.48059
1.78338
1.39674
1.23051
1.61285
1.49831
1.37859
1.65875
1.69492
1.55905
1.59955
1.84419
1.61166
1.57743
1.66781
1.78092
1.38632
1.78157
1.59934
1.66738
1.65901
1.47629
1.80644
1.4858
1.46429
1.37506
1.78714
1.23131
1.47814
1.65223
1.7898
1.62763
1.72608
1.39877
1.64792
1.58224
1.37819
1.38364
1.50396
1.43113
1.7662
1.3495
1.58025
1.67828
1.70428
1.25893
1.81537
1.5307
1.5452
1.72561
1.57898
1.57
1.85896
1.89373
1.91005
1.39294
1.72313
1.74263
1.68598
1.89379
1.48683
1.7173
1.8112
1.5847
1.64549
1.66037
1.79178
1.74478
1.3369
1.6844
1.42573
1.42964
1.93901
1.69198
1.57447
1.668
1.58256
1.69481
1.7907
1.28474
1.7508
1.80162
1.66602
1.67888
1.69779
1.7131
1.50497
1.72062
1.75738
1.82992
1.83564
1.60451
1.59041
1.34907
1.43955
1.85812
1.54223
1.56562
1.56102
1.74913
1.45845
1.478
1.3997
1.42387
1.72343
1.74679
1.95367
1.86774
1.78468
1.73506
1.52937
1.71414
2.01703
1.64624
1.66073
1.64318
1.6754
1.46786
1.60411
1.49518
1.84192
1.44353
1.54169
1.48817
1.5043
1.57699
1.4371
1.55408
1.37408
1.72458
1.66817
1.69879
1.56698
1.26891
1.78084
1.62988
1.79263
1.79411
1.53585
1.51162
1.64505
1.5143
1.6526
1.6157
1.67028
1.44283
1.67123
1.52125
1.62857
1.83381
1.40973
1.49779
1.66669
1.88873
1.61217
1.53497
1.64148
1.76808
1.35963
1.60773
1.53515
1.39444
1.30453
1.56792
1.22923
2.01703
1.77539
1.36857
1.62819
1.71837
1.47606
2.01342
1.80081
1.70491
1.54446
1.41863
1.54218
1.52876
1.48931
1.78278
1.16559
1.72565
1.49832
1.92629
1.58186
1.46082
1.36599
1.48472
1.58996
1.64936
1.69744
1.4715
1.40059
1.36938
1.72587
1.58036
1.58007
1.56584
1.51218
1.93755
1.61
1.44308
1.47493
1.55414
1.85631
1.54831
1.46082
1.48397
1.62432
2.01703
1.56186
1.38483
1.54555
1.37925
1.49173
1.97293
1.30484
1.21908
1.55879
1.82932
1.73971
1.71879
1.63063
1.6308
1.13907
1.79494
1.84393
1.58752
1.30249
1.49169
1.47882
1.72084
1.50453
1.64515
1.33201
1.48913
1.50758
1.83133
1.60538
1.4448
1.53341
1.40964
1.5744
1.72946
1.22078
1.76351
1.81155
1.55922
1.40281
1.53236
1.33631
1.49617
1.16276
1.51282
1.7653
1.6827
1.45714
1.6653
1.52927
1.69477
1.4662
1.62552
1.79231
1.46312
1.59589
1.58393
1.27574
1.6602
1.66007
1.95714
1.98704
1.70343
1.55589
1.33849
1.36107
1.783
1.67184
1.48825
1.74742
1.48814
1.55243
1.74965
1.53721
1.5108
1.6811
1.20139
1.39667
1.52129
1.20153
1.71338
1.63884
1.53392
1.77268
1.69871
1.46193
1.78945
1.48109
1.5913
1.6094
1.45118
1.23974
1.54136
1.83154
1.50653
1.47748
1.52066
1.75017
1.6082
1.69946
2.01703
1.36983
1.51042
1.8829
1.90632
1.65731
1.67913
1.64074
1.20701
1.74804
1.75052
1.70465
1.53568
1.49216
1.9699
1.64095
1.33758
2.01703
1.54716
1.31295
1.72068
1.5893
1.66708
1.38553
1.28689
1.55689
1.88416
1.58874
1.70386
1.23859
1.68259
1.81479
1.61251
1.97637
1.42937
1.56513
1.67485
1.59584
1.66603
1.25485
1.77269
1.64474
1.80221
1.61464
1.53179
1.53737
1.51102
1.44392
1.24789
1.55435
1.7455
1.71862
1.65112
1.46933
1.7133
1.58934
1.4692
1.71994
1.81861
1.54256
1.4848
1.53564
1.42282
1.63531
1.18476
1.45956
1.53752
1.43635
1.7389
1.77435
1.86746
1.24033
1.4161
1.6194
1.62136
1.73891
1.72668
1.7701
1.66828
1.32878
1.53069
1.69983
1.43332
1.67535
1.30753
1.76162
1.52029
1.56855
1.33616
1.37792
1.72769
1.66973
1.65046
1.79193
1.63576
1.61738
1.68628
1.83814
1.78958
1.73441
1.35303
1.66377
1.58163
1.61752
1.23698
1.96127
1.53376
1.68447
1.4825
1.38687
1.56904
1.32926
1.66781
1.57857
1.41207
1.63232
1.94502
1.42468
1.51422
1.81871
1.67647
1.458
1.32391
1.70196
1.77952
1.87637
1.41113
1.62521
1.6487
1.58388
1.59021
1.63786
1.69032
1.71681
1.75305
1.68696
1.4785
1.79365
1.47505
1.30312
1.70424
1.89836
1.5657
1.78588
1.42268
1.92597
1.62275
1.64799
1.37654
1.59374
1.61583
1.65884
1.33855
1.69726
1.77413
1.64935
1.451
1.40595
1.83079
2.01703
1.65651
1.7255
1.48733
1.93623
1.46269
1.54335
1.45956
1.50051
1.34567
1.93128
1.60816
1.30213
1.55473
1.35352
1.64416
1.59542
1.81339
1.81262
1.57417
1.7032
1.59986
1.616
1.67515
1.41194
1.53569
1.58647
1.49093
1.66587
1.7001
1.76745
1.7044
1.50486
1.62992
1.47102
1.72411
1.44441
1.66552
1.60743
1.56293
1.74423
1.64386
1.49254
1.54254
1.31325
1.52361
1.60798
1.70566
1.37442
1.77935
1.62093
1.72717
1.39733
1.81576
1.45895
1.45333
1.80462
1.63436
1.86146
1.44435
1.70828
1.60716
1.52951
1.5903
1.70165
1.55837
1.63394
1.78326
1.54559
1.40903
1.8124
1.66843
1.37673
1.40167
1.85031
1.62569
1.64789
1.46724
1.48913
1.89506
1.69854
1.6082
1.60633
1.61962
1.60096
1.34013
1.62174
1.4893
1.66407
1.68645
1.68093
1.60243
1.72094
1.58906
1.66584
2.01703
1.70923
1.69845
1.83953
1.71783
1.91449
1.68244
1.82812
1.64139
1.53073
1.94954
1.76641
1.55672
1.41736
1.56449
1.41645
1.42778
1.50049
1.64129
2.01703
1.32734
1.70202
1.50534
1.71149
1.7909
1.31799
1.60809
1.48506
1.27663
1.73335
1.50025
1.65742
1.60525
1.5902
1.53844
1.50109
1.68264
1.50796
1.52136
1.58383
1.56365
1.67669
1.65893
1.68769
1.40176
1.46091
1.50825
1.5103
1.64187
1.59077
1.7768
1.74596
1.62082
1.86172
1.63874
1.52516
1.55046
1.53175
1.75303
1.71191
1.65649
1.60922
1.54165
1.7874
1.55461
1.62047
1.86549
2.01403
1.41011
1.78455
1.5732
1.23644
1.69058
1.71511
1.73262
1.54086
1.46455
1.58134
1.68621
1.64308
1.63188
1.22594
1.51492
1.38355
1.57188
1.45512
1.58394
1.67709
1.3535
1.59389
1.42077
1.5319
1.40682
1.40197
1.53727
1.70581
1.65528
1.69934
1.47463
1.8053
1.66133
1.61354
1.75667
1.70986
1.83015
1.84655
1.33071
1.50283
1.79001
1.79726
1.54238
1.28773
1.61886
1.60203
1.71754
1.40452
1.66614
1.65681
1.48008
1.79969
1.52062
1.66397
1.63254
1.48635
1.51165
1.39463
1.35038
1.7915
1.92313
1.42776
1.63359
1.75817
1.55696
1.74302
1.4633
1.67702
1.63052
1.94603
1.79038
1.42674
1.36378
1.91365
1.77993
1.79168
1.82424
1.5301
1.66363
1.80252
1.53422
1.69376
1.54615
1.41808
1.5297
1.6403
1.45482
1.78692
1.65008
1.67283
1.84927
1.60156
2.01703
1.40629
1.27076
1.80409
1.42164
1.69058
1.64666
1.61795
1.2944
1.72619
1.30613
1.36573
1.45941
1.70898
1.98231
1.40446
1.43089
1.47574
1.71284
1.86988
1.49967
1.68775
1.21465
1.70244
1.55643
1.56749
1.66697
1.48958
1.70979
1.74644
1.61754
1.45859
1.67008
1.6493
1.49733
1.75436
1.35876
1.52433
1.59134
1.66219
1.65284
1.47706
1.71238
1.56429
1.51475
1.51
1.60028
1.38386
1.50195
1.45095
1.41023
1.52616
1.57422
1.56413
1.12714
1.89488
1.71717
1.77979
1.71601
1.63776
1.5673
1.28945
1.52309
1.53536
1.50947
1.59739
1.72555
1.40852
1.71966
1.57961
1.46859
1.51247
1.51474
1.24202
1.87005
1.76501
1.58979
1.42327
1.50344
1.65485
1.75224
1.74328
1.8001
1.34204
1.71436
1.7032
1.69275
1.73233
1.78696
1.72283
1.55379
1.50107
1.74076
1.88672
1.54346
1.74872
1.63111
1.70693
1.66326
1.64187
1.35092
1.14817
1.47229
1.89475
1.46984
1.58298
1.42813
1.6683
1.63496
1.65092
1.47481
1.65844
1.87258
1.58914
1.64394
1.64661
1.74014
1.41758
1.81721
1.49118
1.65571
2.01703
1.80084
1.85727
1.70903
1.96841
1.62775
1.78286
1.58256
1.54536
1.19588
1.66122
1.63735
1.49062
1.42219
1.60792
1.61105
1.59071
1.90505
1.95067
1.7242
1.41242
1.79616
1.61794
1.78468
1.15307
1.69869
1.55662
1.47181
1.29601
1.38837
1.48066
1.61437
1.939
1.79079
1.51345
1.71638
1.8177
1.55743
1.74569
1.65838
1.72681
1.41964
1.20739
1.58124
1.62622
1.64955
1.49534
1.3801
1.488
1.93265
2.01703
1.21149
1.69023
1.58914
1.66847
1.58866
1.83696
1.34924
1.74165
1.59407
1.73737
1.46541
1.97094
1.53387
1.61816
1.60865
1.46077
1.36371
1.47626
1.642
1.53483
1.9288
1.62307
1.41303
1.97722
1.87713
1.61659
1.4037
1.73909
1.73424
1.43183
1.62828
1.57919
1.72185
1.51331
1.86839
1.9691
1.74522
1.35672
1.57339
1.65852
1.58307
1.64381
1.58102
1.29289
1.49812
1.67028
1.57283
1.53366
1.81403
1.64787
1.5889
1.81337
1.45993
1.90136
1.97423
1.47468
1.39243
1.49247
1.62146
1.85522
1.70888
1.35787
1.86107
1.39565
1.84855
1.71617
1.55014
1.85503
1.67528
1.69818
1.69945
1.68425
1.85549
1.47043
1.99973
1.53474
1.46489
1.54876
1.54333
1.6504
1.58726
1.77433
1.69834
1.51001
1.52862
1.76658
1.50403
1.59227
1.78714
1.68756
1.78274
1.58744
1.58107
1.66962
1.6843
1.89072
1.85676
2.01703
1.95572
1.56501
1.61441
1.60452
1.51447
1.60566
1.31054
1.19601
1.4233
1.81234
1.44792
1.85311
1.61902
1.59795
1.598
1.63067
1.4654
1.7444
1.49565
1.80368
1.75887
1.76446
1.94231
1.88386
1.72944
1.51562
1.58142
1.49834
1.36399
1.47162
1.70026
1.69721
1.76718
1.72304
1.89609
1.60335
1.41767
1.35429
1.5948
1.15648
1.57472
1.59828
1.82782
1.30088
1.38374
1.71172
1.46898
1.904
1.53294
1.55375
1.47484
1.5932
1.512
1.60157
1.3298
1.4393
1.56186
1.78686
1.86608
1.66179
1.24063
1.63036
1.52047
1.53414
1.51494
1.51326
1.68165
1.76272
1.36668
1.45955
1.75267
1.32826
1.56383
1.85097
1.87464
1.25868
1.06926
1.64669
1.81556
1.77032
1.59995
1.52856
1.57779
1.62941
1.76571
1.89081
1.38704
1.36773
1.72576
1.57025
1.83342
1.78931
1.71744
1.5844
1.70621
1.59055
1.52744
1.6939
1.66002
1.65655
1.62082
1.51474
1.37302
1.54227
1.71669
1.64017
1.4048
1.76874
1.49278
1.50325
1.87341
1.54203
1.37032
1.76907
1.80192
1.546
1.53006
1.46413
1.88324
1.66563
1.66354
1.34454
1.52241
1.7122
1.48727
1.85683
1.61781
1.77813
1.6086
1.6325
1.55114
1.97131
1.51388
1.31694
1.48151
1.59722
1.41954
1.68928
1.54696
1.45727
1.34147
1.3804
1.67484
1.65665
1.59815
1.3098
1.54004
1.29254
1.70337
1.64665
1.703
1.74097
1.43689
1.13585
1.59248
1.80022
1.50844
1.52968
1.51155
1.83438
1.69707
1.40806
1.47477
1.68644
1.81466
1.70975
1.73631
1.69324
1.42062
1.47856
1.4531
1.89904
1.23355
1.49468
1.59331
1.3352
1.14827
1.30755
1.29591
1.9239
1.66169
1.32233
1.48491
1.67834
1.73486
1.40822
1.8753
1.94221
1.33913
1.60224
1.3437
1.45343
2.01494
1.85279
1.68894
1.45931
1.37872
1.1967
1.36081
1.51147
1.71302
1.51064
1.22798
1.33599
1.60896
1.60328
2.01703
1.64884
1.6479
1.87232
1.72195
1.63144
1.69024
1.61996
1.7927
1.77061
1.45106
1.70144
1.64637
1.53948
1.60977
1.38376
1.93777
1.19493
1.63414
1.73018
1.45289
1.48595
1.5223
1.62871
1.72597
1.6233
1.6544
1.48007
1.55146
1.43059
1.47593
1.39079
1.78639
1.38483
1.75631
1.16535
1.34563
1.28929
1.86206
1.61489
1.50304
1.52257
1.76127
1.43467
1.67672
1.14267
1.5809
1.34461
1.71783
1.50753
1.46877
1.53794
1.4991
1.48024
1.30971
1.61131
1.38666
1.50495
1.32689
1.53781
1.52693
1.48415
1.61852
1.56162
1.53033
1.56192
1.7852
1.83442
1.90286
1.53127
1.5931
1.78683
1.64576
1.49377
2.01703
1.44905
1.69902
1.36387
1.44429
1.71956
1.83653
1.55414
1.53607
1.49553
1.81152
1.68886
1.78559
1.66754
1.73564
2.01703
1.92861
1.31848
1.55246
1.85197
1.21103
1.80414
1.34496
1.9134
1.58412
1.61468
1.67147
1.5377
1.43705
1.56428
1.37143
1.66035
1.63141
1.61628
1.40066
1.5461
1.37151
1.84284
1.78945
1.95861
1.68958
1.61633
1.63408
1.61049
1.89961
1.55737
1.93161
1.50725
1.98186
1.46367
1.41045
1.46502
1.49396
1.42707
1.65293
1.60259
1.26208
1.40553
1.45744
1.53212
1.69794
1.94838
1.68709
1.61448
1.78624
1.53617
1.51417
1.64693
1.90084
1.2626
1.46117
1.49715
1.77623
1.49987
1.99571
1.50697
1.68302
1.37327
1.46863
1.24985
1.63139
1.60112
1.31892
1.72953
1.65305
1.53487
1.49868
1.73578
1.71269
1.75888
1.69289
1.59068
1.5228
1.41861
1.77552
1.54566
1.41918
1.28315
1.53044
1.40626
1.34888
1.60093
1.46942
1.33244
1.71466
1.62624
1.43955
1.1454
1.42526
1.2166
1.59048
1.78502
1.66116
1.58327
1.62868
1.52835
1.45866
1.53291
1.80225
1.56743
1.54911
1.58545
1.21941
1.48732
1.29579
1.46599
1.4126
1.5432
1.5437
1.27655
1.65972
1.45487
1.57637
1.61003
1.74608
1.61632
1.79223
1.45438
1.35181
1.29678
1.66495
1.53581
1.68264
1.47183
1.53905
1.4165
1.77345
1.57858
1.81046
1.72771
1.4174
1.6673
1.76636
1.74239
1.52226
1.45348
1.6514
1.92
1.75277
1.46135
1.7044
1.44424
1.40409
1.54547
1.51928
1.63779
1.45736
1.83677
1.90342
1.70028
1.6584
1.44975
1.45001
1.5946
1.45105
1.52086
1.69291
1.53799
1.04206
1.33343
1.66964
1.78285
1.56612
1.54755
1.47219
1.68118
1.74623
1.72094
1.53009
1.60306
1.62112
1.59831
1.56053
1.6252
1.83517
1.56189
1.4387
1.57711
1.76939
1.39318
1.51787
1.41485
1.6937
1.77401
1.65044
1.63546
1.6708
1.3213
1.71984
1.59969
1.81717
1.40436
1.34667
1.75191
1.86223
1.80468
1.77255
1.14442
1.49508
1.57087
1.74876
1.48877
1.57449
1.57974
1.73941
1.72502
1.75494
1.6627
1.53212
1.37002
1.84313
1.45814
1.786
1.94431
1.61539
1.65544
1.88149
1.55152
1.24473
1.55815
1.82472
1.10595
1.69097
1.81104
1.7818
1.68614
1.30227
1.84312
1.53531
1.1255
1.62867
1.36748
1.61215
1.66431
1.79847
1.52159
1.64298
1.55484
1.66268
1.79369
1.9683
1.68925
1.43112
1.48741
1.54767
1.75712
1.35622
1.85381
1.77145
1.67991
1.52269
1.61856
1.32604
1.7699
1.52744
1.74893
1.38216
1.61929
1.47282
1.47697
1.45513
1.52316
1.45667
1.64901
1.76173
1.55115
1.57431
1.44384
1.71149
1.60307
1.5989
1.67395
1.47296
1.52589
1.46816
1.59633
1.56156
1.65729
1.46852
2.01152
1.91412
1.63911
1.78718
1.74586
1.65565
1.72491
1.5397
1.78796
1.62516
1.56914
1.78241
1.64201
1.67745
2.01703
1.5775
1.71071
1.40836
1.42038
1.6408
1.64024
1.72243
1.44256
1.59211
1.63713
1.70343
1.58545
1.6283
1.3615
1.39907
1.71623
1.55069
1.6725
1.66472
1.99661
1.51821
1.28765
1.61998
1.40709
1.69766
1.8267
1.48345
1.79449
1.876
1.32982
1.24345
1.58825
1.72613
1.54363
1.29707
2.01703
1.69633
1.55513
1.56572
1.81815
1.68821
1.40581
1.38983
1.34131
1.71422
1.61195
1.8838
1.69914
1.66899
1.55113
1.57035
1.4226
2.01703
1.72265
1.36304
1.51485
1.41266
1.781
1.48945
1.75352
1.69472
1.46887
1.32003
1.49133
1.70541
1.47002
1.48631
1.4268
1.30035
1.79148
1.57769
1.38297
1.72531
1.39316
1.64625
1.67748
1.82478
1.78962
1.43724
1.39951
1.6076
1.42489
1.44416
1.53203
1.44168
1.68707
1.88309
1.63475
1.63081
1.55221
1.4914
1.33067
1.35901
1.92448
1.58986
1.44191
1.67993
1.51275
1.44736
1.68197
1.84133
1.36032
1.64267
1.48242
1.5371
1.71926
1.54459
1.59533
1.14863
1.67857
1.58428
1.75614
1.77349
1.62419
2.01703
1.50722
1.58985
1.59925
1.77847
1.38176
1.71074
1.73955
1.43344
1.73734
1.6629
1.54045
1.90208
1.56491
1.92493
1.37936
1.72908
1.47186
2.01703
1.58128
1.77056
1.31263
1.65963
1.57993
1.45847
1.53939
1.54871
1.62106
1.42214
1.98187
1.53191
1.83274
1.77326
1.47371
1.55176
1.58488
1.73574
1.87081
1.32539
1.77536
1.65148
1.77647
1.40761
1.83181
1.49613
1.68504
1.68345
1.99674
1.36084
1.47205
1.32316
1.85959
1.5421
1.61609
1.90436
1.68597
1.77196
1.3189
1.66679
1.634
1.62068
1.72757
1.64573
1.6561
1.69316
1.50857
1.76445
1.41344
1.64034
1.71352
1.81328
1.9905
1.50866
1.68228
1.62391
1.6021
1.64241
1.59913
1.80682
1.79742
1.56428
1.5248
1.74368
1.62845
1.67294
1.24753
1.30728
1.21491
1.66512
1.45245
1.80345
2.01703
1.48646
1.85506
1.56197
1.60227
1.75636
1.79334
1.58653
1.56146
1.56195
1.32745
1.94001
1.91676
1.29074
1.7815
1.62662
1.56274
1.53229
1.99064
1.25712
1.51391
1.37746
1.80304
1.46354
1.49205
1.08281
1.47529
1.92334
1.44272
1.56044
1.57169
1.91139
1.86577
1.53543
1.45018
1.24167
1.8395
1.36714
1.80375
1.56047
1.84571
1.71364
1.47559
1.799
1.66883
1.51122
1.45375
1.72525
1.59562
1.78724
1.61219
1.63627
1.69238
1.65249
1.58909
1.64656
1.45431
1.67886
1.68402
1.83394
1.20614
1.57302
1.47409
1.44596
1.70352
1.59939
1.34073
1.56114
1.73286
1.80742
1.81343
1.73516
1.60926
1.38302
1.26021
1.76719
1.49186
1.72205
1.56027
1.74508
1.35181
1.52967
1.60857
1.59997
1.64739
1.52953
1.30726
1.59072
1.66679
1.69404
1.58539
1.75269
1.85034
1.40714
1.47401
1.81384
1.77222
1.72886
1.70875
1.48937
1.77053
1.39956
1.80415
1.42553
1.47272
1.70582
1.60008
1.86734
1.89961
1.50543
1.44008
1.68689
1.73619
1.811
1.87777
1.71844
1.61399
1.67364
1.79553
1.7144
1.84455
1.60641
1.46045
1.44508
1.56754
1.60706
1.72056
1.44819
1.3775
1.80631
1.48274
1.58447
1.56747
1.90751
1.73801
1.43824
1.39247
1.46141
1.69483
1.78109
1.6667
1.65762
1.57949
1.56666
1.7348
1.42268
1.4165
1.78983
1.6046
1.76769
1.84244
1.5352
1.3152
1.2264
1.59592
1.70529
1.77826
1.36252
1.57434
1.45429
1.55278
1.2323
1.68282
1.6947
1.67187
1.71467
1.56365
1.75919
1.60102
1.50193
1.64964
1.93257
1.62087
1.51067
1.25752
1.51052
1.76637
1.78334
1.64105
1.60738
1.48537
1.59093
1.93562
1.66766
1.80484
1.72776
1.70427
1.51051
1.62819
1.84857
1.82477
1.5537
1.56138
1.35323
1.3167
1.96843
1.49188
1.43868
1.53008
1.36256
1.61194
1.50934
1.55243
1.76885
1.56421
1.54608
1.72018
1.70553
1.73467
1.47972
1.68069
1.85667
1.71363
1.6188
1.74769
1.42193
1.09318
1.31082
1.51833
1.73196
1.73385
1.66987
1.49422
1.4852
1.67447
1.77513
1.48334
1.84417
1.53917
1.5143
1.51122
1.47924
1.78319
1.67437
1.54598
1.65514
1.79408
1.80367
1.19728
1.47232
1.5
1.39698
1.81025
1.83799
1.66779
1.47851
1.44055
1.88327
1.59143
1.66089
1.65382
1.74371
1.73277
1.89572
1.31989
1.78101
1.31503
1.46117
1.47794
1.51482
1.6911
1.6155
1.37623
1.37192
1.82272
1.36994
1.64965
1.61239
2.00492
1.62133
1.584
1.4429
1.66369
1.91403
1.71396
1.46235
1.66067
1.33995
1.62278
1.44658
1.57457
1.51183
1.52183
1.72795
1.58391
1.42802
1.41803
1.66909
1.49858
1.45977
1.58476
1.76827
1.29493
1.4758
1.71705
1.71634
1.79241
1.49124
1.73877
1.56918
1.45542
1.84629
1.70054
1.96565
1.51272
1.57084
1.4061
1.63623
1.65401
1.44826
1.80864
1.71085
1.64798
1.43827
1.39263
1.31363
1.43842
1.5677
1.93255
2.0152
1.66607
2.01703
1.51018
1.65105
1.22016
1.41254
1.64635
1.33948
1.51902
1.58856
1.38083
1.66215
1.79442
1.58758
1.46014
1.54698
1.88055
1.34146
1.62981
1.38513
1.71898
1.57199
1.46159
1.35792
1.79216
1.48035
1.57111
1.37911
1.51647
1.32701
1.43599
1.70371
1.7181
1.44021
1.35397
1.32993
1.7584
1.69223
1.70794
1.55666
1.73866
1.69891
1.75988
1.51536
1.42777
1.70044
1.72278
1.87622
1.58998
2.01703
1.30518
1.86022
1.88687
1.5457
1.70862
1.80848
1.41832
1.48271
1.35347
1.59143
1.35591
1.40809
1.64026
1.72024
1.5961
1.85163
1.75776
2.01703
1.91274
1.34932
1.65309
1.70695
1.91146
1.51475
1.98443
1.64206
1.53195
1.71585
1.46338
1.41417
1.61014
1.71527
1.19271
1.2445
1.53882
1.58876
1.64036
2.01671
1.76108
1.45008
1.68152
1.72014
1.68056
1.91451
1.50888
1.75343
1.65709
1.60449
1.57582
1.84419
1.30257
1.73934
1.44558
1.36388
1.92802
1.72262
1.80186
1.67777
1.59858
1.74113
1.37699
1.65704
1.30249
1.80426
1.45787
1.9348
1.74834
1.63117
1.62279
1.53468
1.6076
1.66531
1.85931
1.60554
1.58097
1.32779
1.82376
1.95276
1.44731
1.62047
1.65189
1.66502
1.49833
1.41876
1.49904
1.27768
1.26223
1.46453
1.63089
1.54059
1.66468
1.69568
1.71017
1.33929
1.50531
1.60876
1.70686
1.56219
1.12446
1.46895
2.01577
1.76625
1.79498
1.61256
1.50767
1.45429
1.26726
1.78509
1.73162
1.56079
1.63574
1.47752
1.49861
1.47482
1.80486
1.36801
1.69981
1.80994
1.86809
1.47417
1.28652
1.6418
1.53385
1.58967
1.58378
1.42649
1.51687
1.6709
1.86506
1.68799
1.62526
1.52037
1.55796
1.51097
1.82321
1.51973
2.01703
1.57844
1.6039
1.22004
1.56671
1.83648
1.32101
1.47664
1.50862
1.65964
1.50331
1.57708
1.52467
1.53932
1.69459
1.67401
1.52835
1.71317
1.73873
1.80054
2.01703
1.64307
1.67516
1.78658
1.56555
1.55996
1.58763
1.76887
1.52212
1.44147
1.63496
1.53193
1.47322
1.59799
1.26972
1.82445
1.49912
1.94819
1.7308
1.66972
1.91912
1.5884
1.64924
1.39618
1.95963
1.68393
1.29587
1.49857
1.53419
1.45803
1.52497
1.92945
1.74385
1.50691
1.85346
1.35445
1.74046
1.61525
1.54909
1.50616
1.52877
1.4706
1.78724
1.75685
1.49012
1.59838
1.49091
1.65327
1.73932
1.63502
1.97328
1.59044
2.01703
1.43228
1.43019
1.7777
1.4627
1.84704
1.49873
1.52887
1.97043
1.60458
1.57577
1.51623
1.59276
1.43847
1.1486
1.35097
1.50465
1.50777
1.50204
1.59629
2.01703
1.61115
1.61571
1.43342
1.53405
1.42812
1.59603
1.65111
1.54879
1.82188
1.35325
1.69561
1.53106
1.58374
1.40117
1.35986
1.41152
1.46257
1.27239
1.04862
1.73841
1.48729
1.77292
1.61824
1.75675
1.33572
1.51716
1.58217
1.73317
1.66599
1.4863
1.79928
1.70391
1.7613
1.48362
1.83884
1.50328
1.41867
1.65649
1.20909
2.01703
1.33252
1.69075
1.46239
1.62663
1.77522
1.87403
1.82131
1.52945
1.46035
1.56542
1.67087
1.62732
1.53475
1.69357
2.01703
1.52398
1.57471
1.95449
1.45328
1.59015
1.91503
1.45386
1.70217
1.64056
1.56115
1.85853
1.38953
1.28322
1.8435
1.73913
1.39992
1.67319
1.68367
1.37167
1.47443
1.89489
1.58655
1.49183
1.32708
1.65912
1.38278
1.5523
1.72744
1.5915
1.66539
1.79238
1.84281
1.73387
1.5713
1.57469
1.52971
1.29414
1.30151
1.86239
1.48873
1.38888
1.54769
1.67719
1.65943
1.36535
1.53383
1.85873
1.66765
1.67579
1.50109
1.76678
1.6643
1.55085
1.90153
1.43351
1.68288
1.98801
1.27767
1.69784
1.39096
1.61674
1.67238
1.80165
1.75836
1.6568
1.85797
1.46857
1.49246
1.25133
1.65618
1.62636
1.68738
1.27553
1.4555
1.79768
1.30826
1.5244
1.59722
1.71347
1.84365
1.64366
1.62721
1.23234
1.53485
1.41615
1.73185
1.69879
1.51013
1.48737
1.67516
1.5525
1.66543
1.82038
1.64308
1.47675
1.49077
1.63935
1.37967
1.44877
1.74299
1.56669
1.74435
1.35745
1.4971
1.7333
1.77399
1.3808
1.64627
1.52481
1.52242
1.26914
1.81631
1.62409
1.56744
1.57848
1.38752
1.61321
1.52945
1.61887
1.29078
1.76185
1.20194
1.67399
1.87944
1.65032
1.73603
1.9728
1.55211
1.50311
1.97034
1.69796
1.69808
1.57121
2.01703
1.79174
1.6551
1.52754
1.32213
1.87997
1.77648
1.61686
1.60482
1.2753
1.78958
1.53864
1.52686
1.69346
1.44542
1.89776
1.55828
1.52827
1.12247
1.50032
1.18332
1.4542
1.67578
1.80239
1.80121
1.62239
1.47107
1.48752
1.6309
1.55578
1.74253
1.51314
1.79212
1.31835
1.59974
1.69787
1.38699
1.32377
1.7517
1.66313
1.75139
1.82956
1.37349
1.643
1.64491
1.45375
1.76553
1.42297
1.52745
1.64215
1.12838
1.5347
1.77784
1.76944
1.77401
1.51634
1.67921
1.40612
1.8985
1.7607
1.27419
1.77917
1.48176
1.65423
1.60158
1.52275
1.87132
1.65107
1.91474
2.00282
1.7408
1.76447
1.90347
1.5295
1.53444
1.70158
1.57315
1.52206
1.76398
1.26727
1.63158
1.64336
1.7485
1.43914
1.49713
1.3239
1.78965
2.01703
1.83768
1.61815
1.88226
1.43677
1.53727
1.90531
1.76789
1.44902
1.36968
1.75163
1.62615
1.43983
1.45339
1.45843
1.58709
1.8107
1.89206
1.84852
1.52941
1.55039
1.61716
1.48597
1.5272
1.8554
1.56975
1.65537
1.43966
1.37937
1.85493
1.57164
1.45453
1.32563
1.52959
1.64106
1.60676
1.55941
1.57866
1.64287
1.62147
1.53685
1.7468
1.54793
1.49295
1.85994
1.30494
1.81014
1.90087
1.92109
1.58992
1.38955
1.784
1.76649
1.68326
1.81166
1.54094
1.80991
1.78965
1.62208
1.86518
1.54918
1.73602
1.49533
1.73947
1.42522
1.76013
1.50538
1.63586
1.61733
1.60737
1.63738
1.28633
1.49707
1.44688
1.62016
1.57558
1.67009
1.79492
1.65992
1.61796
1.27884
1.67259
1.76386
1.34365
1.61996
1.59062
1.75107
1.58845
1.55326
1.78675
1.68212
1.61125
1.38192
1.39125
1.60653
1.66174
1.54969
1.62139
1.40865
1.9696
1.94989
1.63424
1.47907
1.16109
1.68131
1.57431
1.54259
1.63548
1.367
1.40187
1.57169
1.40127
1.55926
1.52707
1.72091
1.8657
1.74994
1.61936
1.53915
1.54585
1.59972
1.73469
1.59035
1.74272
1.37878
1.7978
1.53235
1.78284
1.66531
1.4836
1.66582
1.84307
1.504
1.75867
1.77964
1.63759
1.68364
1.64078
1.53319
1.71276
1.65284
1.47589
1.42813
1.9807
1.77024
1.84612
1.14823
1.54013
1.5457
1.2188
1.59874
1.29077
1.4753
1.35247
1.42226
1.52007
1.43925
1.71823
1.60514
1.73093
1.49847
1.31649
1.70704
1.48163
1.52804
2.01703
1.65365
1.64314
1.66716
1.84503
1.53713
1.57714
1.63327
1.68138
1.56055
1.47955
1.54846
1.89087
1.24862
1.25151
1.48
1.43392
1.64032
1.64214
1.46643
1.37087
1.78866
1.84851
1.59421
1.46706
1.70398
1.34518
1.43732
1.56037
1.64374
1.47809
1.08346
2.01703
1.77013
1.33312
1.73474
1.48169
1.67989
1.48398
1.20468
1.70239
1.47487
1.12003
1.48737
1.47855
1.6363
1.53818
1.32968
1.70584
1.74888
1.60654
1.59675
1.4313
1.58853
1.40385
1.53808
1.6913
1.78569
1.76993
1.98765
1.66373
1.29582
1.9795
1.83426
1.47447
1.3141
2.01483
1.5168
1.54676
1.80198
1.56887
1.65363
1.72097
1.60136
1.28341
1.4761
1.67141
1.46536
1.42221
1.66853
1.62571
1.59862
1.4142
1.68204
1.66085
1.66788
1.80221
1.64154
1.53383
1.73815
1.64411
1.68915
1.61819
1.85769
1.43597
1.74219
1.51407
1.82795
1.46031
1.63195
1.8038
1.79815
1.20102
1.42194
1.65626
1.58314
1.76856
1.77236
1.49996
1.73022
1.39129
1.46355
1.7474
1.66997
1.49713
1.36568
2.01703
1.67978
1.49852
1.18726
1.58755
1.34181
1.53809
1.44561
1.52669
1.30886
1.93998
1.61394
1.72801
1.66681
1.59697
1.43197
1.86177
1.5789
1.80192
2.01703
1.68945
1.72543
1.55461
1.40592
1.70207
1.05457
1.49854
1.66151
1.41898
1.70071
1.58238
1.65955
1.55987
1.48154
1.48714
1.41854
1.43143
1.63285
1.33035
1.39454
1.64939
1.38321
1.89354
1.56321
1.92341
1.57512
1.71407
1.49329
1.69875
1.56679
1.59895
1.51097
1.56031
1.66474
1.36046
1.25491
1.90056
1.62228
1.61192
1.78662
1.55392
1.57389
1.69261
1.23893
1.3472
1.2297
2.01703
1.37054
1.49833
1.65756
1.3257
1.83531
1.44856
1.48474
1.78957
1.34393
1.78869
1.54567
1.52855
1.38532
1.60316
1.81402
1.70241
1.53367
1.51725
1.32147
1.5813
1.42318
1.63882
1.52774
1.54446
1.77968
1.88941
1.18337
1.3758
1.38541
1.59503
1.6014
1.60002
1.71157
1.79965
1.58491
1.77927
1.58294
1.73618
1.67299
1.55245
1.61148
1.64319
1.257
1.51273
1.6731
1.56819
1.72666
1.33373
1.49898
1.43656
1.33559
1.52949
1.66435
1.54062
1.53751
2.01165
1.51694
1.61054
1.8593
1.24268
1.85453
1.2455
1.44091
1.9684
1.73727
1.54109
1.71514
1.67695
1.91956
1.15834
1.72731
1.57624
1.45136
1.66762
1.84665
0.995592
1.57261
1.68716
1.38532
1.34461
1.59235
1.87181
1.51616
1.33714
1.60492
1.56852
1.76682
1.66343
1.49436
1.53163
1.56659
1.83264
1.54873
1.52558
1.59733
1.6553
1.44357
1.57422
1.50682
1.58737
1.51743
1.62531
1.69485
1.41886
1.23165
1.33845
1.42582
1.63538
1.49127
1.68427
1.48651
1.68083
1.59673
1.53157
1.33518
1.57913
1.68623
1.77405
1.47555
1.80374
1.74886
1.44507
1.82801
1.39321
1.54297
1.63177
1.55664
1.87984
1.69315
1.61776
1.81694
1.8841
1.82723
1.76563
1.707
1.80563
1.69988
1.71768
1.29833
1.37244
1.62585
1.59675
1.72433
1.30395
1.53925
1.64937
1.65308
1.38129
1.50041
1.32732
1.42472
1.80801
1.77137
1.45968
1.36098
1.45825
1.48327
1.66567
1.48799
1.79414
1.621
1.95897
1.43355
1.79762
1.46511
1.38228
1.63872
1.52482
1.65586
1.52345
1.53819
1.7376
1.83651
2.00353
1.41702
1.57829
1.6037
1.61946
1.50785
1.69116
1.91937
1.45536
1.74759
1.51554
1.78544
1.49881
1.88454
1.61979
1.38132
1.59417
1.86854
1.18713
1.81049
1.43598
1.45096
1.27414
1.8369
1.38269
1.11672
1.59161
1.71125
1.57295
1.28477
1.79132
1.67788
1.80966
1.40849
1.53982
1.34841
1.42203
1.7015
1.68616
1.60792
1.31306
1.59543
1.49456
1.66226
1.62769
1.48278
1.71945
1.33927
1.73564
1.33419
1.48041
1.30518
1.47011
1.67089
1.70586
1.25081
1.73063
1.75221
1.37811
1.95721
1.40137
1.30803
1.64615
1.52047
1.71712
1.59936
1.50127
1.46798
1.31461
1.66076
1.77776
1.49523
1.54433
1.48012
1.7068
1.55957
1.36352
1.45688
1.54425
1.71661
1.52975
1.60482
1.61272
1.6586
1.7591
1.61971
1.38962
1.49806
1.4159
1.66146
1.35542
1.94269
1.79039
1.73439
1.6096
1.73615
1.66896
1.37462
1.4974
1.64369
1.38834
1.64782
1.29292
1.67989
1.54956
1.68571
1.86558
1.78097
1.9766
1.77127
1.75867
1.49999
1.59698
1.56931
1.58568
1.84541
1.50352
1.71651
1.45215
1.53717
1.13343
1.70534
1.37225
1.69278
1.82284
1.53104
1.58174
1.3827
1.79611
1.66992
1.65043
1.61155
1.75737
1.41716
1.33501
1.76119
1.77855
1.85578
1.58015
1.37908
1.5504
1.88233
1.40165
1.40261
1.54306
1.51861
1.76988
1.41439
1.51502
1.64617
1.52972
1.71608
1.4941
1.53912
1.43403
1.65149
1.67802
1.62373
1.52935
1.63212
1.47601
1.86335
1.80082
1.53639
1.84524
1.78925
1.49973
1.82412
1.50284
1.6306
1.29594
1.27502
1.74526
1.33629
1.75021
1.81424
1.50158
1.53026
1.86813
1.77726
1.4821
1.74017
1.46436
1.69806
1.65651
1.49945
2.01703
1.62653
1.5194
1.3214
1.82162
1.4985
1.09534
1.39211
1.51605
1.55384
1.7174
1.54385
1.41542
1.55439
1.54363
1.57056
1.4135
1.53864
1.50399
1.60002
1.65117
1.83456
1.51909
1.50082
1.48236
1.66593
1.23502
1.83372
1.59431
1.61646
1.41998
1.6169
1.64335
1.61614
1.46439
1.66687
1.64872
1.32273
1.64375
1.77945
1.47455
1.72259
1.43332
1.53395
1.58906
1.56684
1.61499
1.83387
1.54056
1.67247
1.61255
1.65749
1.33295
1.68641
1.60803
1.87373
1.65902
1.83999
1.34938
1.62286
1.73229
1.63099
1.80259
1.7018
1.79787
1.7969
1.7447
1.54091
1.72023
1.66092
1.55442
1.49701
1.62592
1.39907
1.51195
1.53116
1.71421
1.6192
1.59352
1.75571
1.37708
1.16386
1.74601
1.70406
1.79826
1.58541
1.48074
1.80009
1.58999
1.77474
1.50065
1.31962
1.361
1.62037
1.61055
1.72543
1.81258
1.51069
1.39941
1.08742
1.71908
1.78061
1.45728
1.58563
1.41635
1.66016
1.60031
1.29129
1.66372
1.73155
1.84108
1.47073
1.65331
1.80911
1.69731
1.42611
1.36484
1.70095
1.76317
1.67716
1.34979
1.89142
1.53717
1.6941
1.80846
1.33133
1.61637
1.73151
1.80674
1.46271
1.48862
1.25894
1.28919
1.45464
1.1155
1.64145
1.3511
1.85776
1.72712
1.77686
1.57951
1.60601
1.76778
1.73877
1.64617
1.34566
1.48573
1.59072
1.57959
1.81747
1.6801
1.46593
1.72427
1.5636
1.46716
1.68769
1.54306
1.43762
1.63523
1.75167
1.78064
1.32079
1.45921
1.67529
1.64548
1.5702
1.81735
1.54575
1.66229
1.50272
1.64995
1.46581
1.66628
1.47257
1.60942
1.32581
1.48307
1.77984
1.49994
1.71994
1.38177
1.74725
1.61927
1.73627
1.48569
2.00838
1.41154
1.53067
1.63671
1.42473
1.6897
1.87118
1.45236
1.65185
1.84483
1.1661
1.44567
1.74412
1.71535
1.3734
1.64838
1.40036
1.37675
1.47177
1.47183
1.83995
1.48922
1.93152
1.69063
1.71804
1.97544
1.78362
1.35061
1.35732
1.72492
1.87446
1.30283
1.54266
1.83903
1.62543
1.73527
1.72528
1.77264
1.68298
1.51979
1.71638
1.71816
1.72934
1.36734
1.96806
1.67423
1.49416
1.91942
1.69585
1.66544
1.53894
1.53684
1.52628
1.92355
1.32991
1.31126
1.44615
1.40503
1.75714
1.69024
2.01703
1.70706
1.73538
1.29041
1.55616
1.31182
1.79489
1.45566
1.88992
2.01703
1.67985
1.50784
1.55954
1.71355
1.62667
1.76396
1.70786
1.59508
1.34027
1.23291
1.69517
2.01703
1.8494
1.74855
1.80865
1.6903
1.50081
1.57757
1.83844
1.65726
1.60247
1.54028
1.46352
1.46369
1.74206
1.52413
1.57601
1.576
1.95206
1.69161
1.60844
1.92209
1.10712
1.67456
1.4307
1.8585
1.56379
1.55987
1.72664
1.72946
1.86073
1.61393
1.409
1.62626
1.72775
1.43648
1.81394
1.47526
1.75843
1.40431
1.5848
1.58826
1.72817
1.39085
1.49563
1.32654
1.85175
1.37937
1.52349
1.73152
1.57322
1.47171
1.51673
1.79636
1.79093
1.84129
1.644
1.54513
1.40812
1.63936
1.61
1.76007
1.65463
1.54894
1.61224
1.49736
1.27075
1.62452
1.78172
1.63657
1.38908
1.51726
1.5812
1.56306
1.81
1.47678
1.5461
1.59858
1.8538
1.517
1.29313
1.24596
1.49617
1.73164
1.49919
1.40874
1.28104
1.46241
1.46315
1.53678
1.618
1.79575
1.40577
1.50217
1.59678
1.47751
1.6175
1.62079
1.70081
1.84746
1.38673
1.73708
1.56629
1.81446
1.58376
1.58716
1.68327
1.76486
1.76325
1.5759
1.82754
1.64418
1.71592
1.65582
1.45365
1.64625
1.58193
1.14286
1.1306
1.59782
1.50009
1.55655
1.55433
1.11882
1.77169
1.64457
1.91476
1.8587
1.2835
1.44835
1.64201
1.62816
1.92755
1.52708
1.7823
1.36987
1.37421
1.67594
1.61517
1.56453
1.43502
1.30518
1.45977
1.34308
1.72965
1.65549
1.54854
1.57851
1.90145
1.13899
1.41736
1.37496
1.60437
1.76817
1.4152
1.55918
1.62184
1.70837
1.81355
1.4176
1.53687
1.66729
1.41734
1.27274
1.41959
1.53116
1.77535
1.214
1.68467
1.99145
1.85649
1.52623
1.32934
1.34093
1.57004
1.57753
1.79525
1.89482
1.39441
1.63678
1.50499
1.39754
1.48588
1.36951
1.84667
1.79215
1.84619
1.54563
1.41097
1.45251
1.54378
1.42303
1.48742
1.87038
1.42038
1.21908
1.70892
1.55805
1.53299
1.75248
1.64062
1.32518
1.3609
1.72538
1.54176
1.80527
1.9481
1.70705
1.60967
1.71093
1.83538
1.78712
1.67712
1.65371
1.85214
1.73239
1.75292
1.57782
1.50032
1.42544
1.65971
1.7078
1.43555
1.18718
1.60048
1.65204
1.81826
1.6762
1.62389
1.56734
1.63428
1.82311
1.77893
1.25415
1.9753
1.92128
1.81008
1.7036
1.91988
1.44433
1.97016
1.43544
1.8824
1.7357
1.30852
1.72632
1.41417
1.43492
1.36521
1.55007
1.99348
1.50745
1.45725
1.43744
1.77789
1.60938
1.35391
1.44825
1.62323
1.49537
1.4951
1.70335
1.59954
1.62208
1.55418
1.5959
1.90613
1.92509
1.22455
2.01703
1.82471
1.56885
1.5639
1.30256
1.3011
1.44158
1.57457
1.6436
1.61129
1.31327
1.03914
1.62588
1.70567
1.67494
1.58452
1.87776
1.4561
1.74749
1.57131
1.55423
1.82322
1.23257
1.73506
1.53253
1.53769
1.52672
1.35422
1.31725
1.40004
1.36965
1.73953
1.65022
1.44867
1.44407
1.61466
1.48477
1.67512
1.64224
1.99665
1.55895
1.56339
1.29864
1.79214
1.37785
1.59728
1.4449
1.69359
1.4289
1.44953
1.7007
1.39126
1.5635
1.61663
1.63989
1.63192
1.30162
1.6743
1.55736
1.74587
1.53976
1.59656
1.68388
1.46069
1.39614
1.39755
1.51002
1.64184
1.86408
1.75877
1.62893
1.73206
2.00909
1.72575
1.69264
1.58646
1.54171
1.58467
1.33352
1.81269
1.57768
1.50828
1.66461
1.68977
1.97237
1.66799
1.57532
1.77628
1.23912
1.63586
1.58034
1.60804
1.76754
1.59279
1.84589
1.92501
1.74042
1.51128
1.68619
1.49012
1.45143
1.65166
1.58523
1.66602
1.87327
1.82274
1.47337
1.62192
1.81218
1.42929
1.20011
1.46965
1.25035
1.24967
1.69727
1.58433
1.57643
1.55104
1.299
1.57526
1.67654
1.44229
1.70323
1.3896
1.68311
1.46807
1.45423
1.79861
1.62255
1.54919
1.74357
1.69509
1.54767
1.58876
1.84884
1.71363
1.5414
2.01703
1.70152
1.52844
1.8135
1.77042
1.47854
1.43585
1.81329
1.59185
1.37827
1.68428
1.81912
1.63883
1.68552
2.01703
1.63634
1.60526
1.57108
1.59751
1.83042
1.5511
1.4857
1.75916
1.58307
1.39028
1.59986
1.69849
1.66302
1.61305
1.55929
1.51338
1.67923
1.31773
1.88448
1.43505
1.84127
1.67844
1.76322
1.62707
1.67139
1.63026
1.57695
1.57407
1.56713
1.68346
1.74232
1.44006
1.49566
1.89837
1.47445
1.7769
1.8744
1.69691
1.65711
1.73622
1.66787
1.64711
1.46271
1.40413
1.5116
1.93736
1.74729
1.51746
1.41726
1.37307
2.01703
1.3451
1.61454
1.51524
1.3954
1.61125
1.7925
1.5172
1.25663
1.6291
1.73228
1.35743
1.40207
1.80256
1.4693
1.79328
1.96555
1.47381
1.63567
1.62795
1.44596
1.36387
1.44667
1.3929
1.45786
1.47302
1.7389
1.39439
1.70221
1.79608
1.7061
1.72721
1.51888
1.56251
1.49628
1.71673
1.63386
1.28517
1.61532
1.66134
1.60822
1.51515
1.44604
1.43519
1.93436
1.58972
1.66901
1.5668
2.01703
1.2637
1.38063
1.69824
1.6547
1.35242
1.49527
1.68854
1.48803
1.55896
1.85907
1.76832
2.01703
1.60765
1.54653
1.36733
1.56321
1.49632
1.48423
1.73934
1.60015
1.48221
1.77478
1.6453
1.7864
1.46677
1.59318
1.57956
1.4338
1.85001
1.66613
1.43199
1.39903
1.38034
1.69178
1.75157
1.49023
1.48087
1.91552
1.28963
2.01703
1.5604
1.65686
1.82958
1.6062
1.37962
1.56143
1.49746
1.82635
1.43478
2.01703
1.96032
1.56893
1.83878
1.67809
1.71634
1.70058
1.61684
1.93281
1.52302
1.92541
1.64007
1.89299
1.60871
1.58856
1.50786
1.50795
1.77711
1.5967
1.44801
1.71193
1.48308
1.46109
1.47499
1.61896
1.40742
1.60393
1.63319
1.34374
1.40516
1.65951
1.3961
1.28393
1.62926
1.85167
1.83175
1.35164
1.90258
1.75735
1.73617
1.43354
1.34326
1.6
1.81152
1.77976
1.46325
1.62708
1.67363
1.70889
1.88682
1.83148
1.87023
1.55847
1.58439
1.80927
1.64603
1.37677
1.41838
1.65783
1.48825
1.43438
1.53315
1.71942
1.31231
1.64733
1.58549
1.6919
1.74707
1.66299
1.40385
1.86486
1.18471
1.74506
1.46663
1.66659
1.42504
1.49708
1.67676
1.83122
1.32017
1.38352
1.34378
1.42401
1.78623
1.46287
1.44122
1.51785
1.57788
1.40161
1.55246
1.45908
1.40952
1.46169
1.65046
1.63816
1.5009
1.60119
1.59972
1.77414
1.84049
1.33901
1.43431
1.68834
1.53917
1.50302
1.64386
1.69642
1.73708
1.75126
1.45655
1.30156
1.88996
1.46171
1.50088
1.70145
1.72418
1.42195
1.26704
1.48107
1.7555
1.65108
1.28395
1.78092
1.9891
1.54219
1.54107
1.89086
1.70237
1.41812
1.79259
1.63938
1.23913
1.37481
1.52816
1.85268
1.95756
1.84166
1.57556
1.44504
1.43511
1.82743
1.53391
1.69693
1.59391
1.79876
1.18429
1.97499
1.87665
1.51033
1.98568
1.83497
1.85237
1.80285
1.80152
1.51777
1.56917
1.53377
1.41037
1.58929
1.6584
1.78293
1.34771
1.51089
1.71856
2.01703
1.64786
1.40113
1.7341
1.53046
1.67654
1.89889
1.94589
1.55368
1.57022
1.6779
1.56084
1.51056
1.59161
1.55163
1.2198
1.75908
1.43102
1.57149
2.01703
1.62347
1.86364
1.80644
1.94649
1.60079
1.42184
1.38169
1.63183
1.60849
1.46872
1.54865
1.52588
1.85223
1.66678
1.59296
1.9033
1.4984
1.28693
1.59211
1.4069
1.59007
1.52955
1.39623
1.68819
1.73352
1.44086
1.46838
1.95802
1.62127
1.96246
1.80772
1.2822
1.73241
1.51633
1.42211
1.46669
1.58341
1.64433
1.58028
1.57098
1.52956
1.57068
1.7374
1.62488
1.88542
1.93401
1.77554
1.37251
1.96793
1.37983
1.2186
1.78802
1.37382
1.49392
1.4577
1.8079
1.65597
1.81523
1.47476
1.6854
1.65416
1.54717
1.81077
1.50883
1.29297
1.61295
1.55542
1.71402
1.82683
1.72493
1.34436
1.47955
1.64099
1.51778
1.4096
1.41513
1.52294
1.90705
1.60262
1.35623
1.67804
1.69427
1.53217
1.64981
1.70679
1.90151
1.70672
1.92544
1.37704
1.6363
1.60376
1.47161
1.69133
1.6803
1.70205
1.80577
1.80284
1.56842
1.22262
1.59044
1.74176
1.18498
1.56835
1.66393
1.64934
1.55851
1.6399
1.9127
1.58505
1.68025
1.56013
1.5697
1.7557
1.76686
1.88492
1.8781
1.81267
1.74005
1.42002
1.93577
1.46716
1.30296
1.63686
1.84372
1.75656
1.46929
1.47416
1.27402
1.5811
1.41323
1.70453
1.75062
1.46408
1.51255
1.42748
1.48561
1.57302
1.54556
2.00662
1.67822
1.54933
1.58313
1.52744
1.92908
1.67775
1.69642
2.01703
1.89483
1.57573
1.42273
1.45509
1.37597
1.65325
1.69224
1.53877
1.43858
1.38222
1.67953
1.46013
1.58718
1.44393
1.91221
1.84409
1.95078
1.45879
1.78196
1.48188
1.50477
1.93419
1.75911
1.58036
1.38208
1.41046
1.66351
1.8427
1.37042
1.68835
1.37206
1.54535
1.43465
1.74588
1.90165
1.68305
1.5663
1.62261
1.43463
1.58392
1.45047
1.66614
1.81571
1.42731
1.50123
1.74619
1.54506
1.7631
1.80848
1.99041
1.66142
1.63527
1.72816
1.67959
1.47714
1.71247
1.53949
1.45991
1.39425
1.73993
1.61134
1.44236
1.52054
1.57146
1.93358
1.6713
1.79983
1.29186
1.2988
1.82078
1.73016
1.69386
1.60529
1.48509
1.46317
1.16054
1.5533
1.5358
1.51344
1.19191
1.67378
1.90685
1.75622
1.65693
1.46532
1.4277
1.9534
1.6832
1.70435
1.41627
1.59515
1.40433
1.73571
1.59214
1.76803
1.79264
1.87808
1.52279
1.6272
1.5835
1.52581
1.47397
1.73999
1.62986
1.54407
1.79008
1.659
1.70078
1.33249
1.49418
1.75147
1.87496
1.11612
1.60876
1.41839
1.53811
1.79845
1.38746
1.55314
1.41215
1.65094
1.63497
1.55861
1.63776
1.70356
2.01703
1.57055
1.43855
1.37898
1.58817
1.79258
1.59369
1.62396
1.47655
1.66526
1.94652
1.53147
1.49829
1.43201
1.4642
1.85553
1.59012
1.77324
1.37555
1.2482
1.81989
1.59457
1.52793
1.61323
1.31779
1.61944
1.66466
1.79397
1.67302
1.48259
1.41863
1.59692
1.6531
1.37235
1.39168
1.35505
1.4244
1.2065
1.42612
1.53327
1.65722
1.65424
1.38632
1.38941
1.89222
1.57788
1.64672
1.43679
1.67662
1.65519
1.78957
1.74654
1.76128
1.47849
1.88598
1.85197
1.53045
1.68872
1.4087
1.65274
1.34484
1.62856
1.62602
1.62876
1.51655
1.73767
1.81237
1.4073
1.63398
1.49732
1.70734
1.67833
2.01703
1.52694
1.92828
2.01597
1.69075
1.24887
1.56632
1.89314
1.47125
1.48022
1.81034
1.55313
1.5031
1.80785
1.70882
1.59387
1.11754
1.6771
1.55558
1.49091
1.58192
1.39685
1.87907
1.4525
1.49455
1.77548
1.47081
1.74851
1.36569
1.65361
1.71196
1.69221
1.40624
1.28022
1.70222
1.65876
1.60428
1.90866
1.67367
1.45043
1.85077
1.49482
1.56323
1.7427
1.72381
1.73327
1.65808
1.43585
1.67762
1.55288
1.50221
1.41922
1.39783
1.89441
1.37478
1.90321
1.38477
1.59622
1.23665
1.71073
1.54013
1.50219
1.76577
1.35621
1.28564
1.79971
1.4608
1.82766
1.48376
1.54048
1.49385
1.56053
1.31996
1.70514
1.47312
1.14198
1.71217
1.73095
1.80569
1.79841
1.68223
1.3801
1.50584
1.73952
1.49429
1.34902
1.31845
1.38241
1.58667
1.59007
1.70018
1.5533
1.48258
1.87653
1.65783
1.56455
1.82047
1.76649
1.65961
1.72589
1.54858
1.72947
1.50982
1.437
1.53757
1.76145
2.00506
1.71748
1.75345
1.53011
1.18424
1.58437
1.67058
1.58844
1.73225
1.65197
1.23512
1.63599
1.3617
2.01703
1.81938
1.41384
1.67064
1.53476
1.58821
1.85916
1.73866
1.87563
1.75949
1.90948
1.71624
1.48878
1.61774
1.72876
1.87662
1.44173
1.30969
1.34914
1.62377
1.63992
1.93043
1.52553
1.43541
1.76373
1.57053
1.84757
1.26102
1.83378
1.44973
1.44914
1.67725
1.44097
1.36809
1.3303
1.70488
1.46475
1.55271
1.55965
1.72534
1.64208
1.13483
1.64222
1.54895
1.8484
1.50133
1.62414
1.73582
1.42829
1.98345
1.52656
1.85618
1.22469
1.4248
1.57061
1.48347
1.84215
1.63414
1.69212
1.73734
1.5549
2.01703
1.48727
1.56545
1.73406
1.18313
1.61826
1.63652
1.77655
1.37231
2.00747
1.6201
1.60041
1.93145
1.38643
1.56401
1.61263
1.43666
1.76102
1.62183
1.6777
1.85944
1.67515
1.6262
1.64284
1.53872
1.16057
1.51362
1.54143
1.66057
1.65399
1.6524
1.78808
1.52975
1.62692
1.53468
1.66217
1.56967
1.40075
1.9101
1.64408
1.77519
1.59675
1.30672
1.24006
1.23022
1.45662
1.60419
1.85102
1.67009
1.87679
1.90228
1.69849
1.28558
1.33913
1.4934
1.63367
1.76835
1.77107
1.79698
1.75661
1.48945
1.51687
1.98766
1.41649
1.62604
1.15538
1.398
1.70502
1.26841
1.38929
1.36271
1.64757
1.96209
1.392
1.14975
1.67181
1.61188
1.29933
1.68951
1.85274
1.53567
1.68335
1.59223
1.83992
1.375
1.65838
1.70719
1.76486
1.60319
1.68157
1.548
1.408
1.76448
1.43964
1.8272
1.47916
1.64594
1.83636
1.51102
1.44753
1.69226
1.65329
1.16797
1.49976
1.28772
1.93326
1.69966
1.91182
1.68781
1.39743
1.78941
1.93351
1.54904
1.52249
1.76154
1.62418
1.80535
1.78315
1.45042
1.56603
1.89676
1.50258
1.56904
1.31055
1.75839
1.65965
1.49704
1.26398
1.34221
1.35096
1.38593
1.49517
1.48444
1.42755
1.59193
1.49922
1.5825
1.8389
1.64219
1.66406
1.7141
1.60004
1.69013
1.37445
1.55962
1.51038
1.47478
1.42415
1.90993
1.53759
1.44018
1.74498
1.56635
1.50213
1.54264
1.45373
1.49448
1.93572
1.65319
1.47572
1.32663
1.61427
1.79893
1.82397
1.63797
1.45231
1.60778
1.22356
1.64178
1.49551
1.68754
1.38209
1.56288
1.38192
1.3557
1.79273
1.56271
1.93798
1.66658
1.79331
1.77541
1.41249
1.77326
1.16802
1.59119
1.63958
1.72339
1.22006
1.59276
1.85698
1.73432
1.84841
1.92385
1.79064
1.76069
1.73632
1.51853
1.57943
1.65756
1.25461
1.72063
1.48593
1.67935
1.75077
1.91152
1.77247
1.64309
1.60681
1.7463
1.46298
1.69251
1.58815
1.474
1.54409
1.28619
1.75315
1.76551
1.70794
1.73213
1.61569
1.32791
1.67894
1.46125
1.59336
1.31514
1.90668
1.57682
1.43719
1.58014
1.44612
1.43986
1.46385
1.52781
1.75739
1.70724
1.88771
1.93649
1.51457
1.62405
1.38879
2.01703
1.4231
1.68778
1.76776
1.75065
1.60984
1.65586
1.52083
1.74029
1.67364
1.36816
1.76486
1.46966
1.43696
1.67803
1.51024
1.45927
1.54288
1.81287
1.28022
1.52589
1.28969
1.44428
1.52926
1.72277
1.69323
1.65558
1.53565
1.72444
1.85669
1.55882
1.70408
1.58853
1.37426
1.8207
1.64887
1.63241
1.73941
1.46395
1.78491
1.65072
1.35503
1.71768
2.01703
1.61992
1.68176
1.44355
1.83126
1.78049
1.6005
1.63349
1.49062
1.48527
1.97548
1.53486
1.52563
1.78329
1.23561
1.52234
1.65691
1.60042
1.15407
1.3341
1.57107
1.57604
1.60014
1.68675
1.58993
1.56569
1.4853
2.01703
1.73511
1.56787
1.46656
1.89642
1.41247
1.72692
1.51461
1.7419
1.99593
1.84062
1.72405
1.54513
1.61642
1.4119
1.76348
1.39873
1.8453
1.80699
1.56262
1.80652
1.55849
1.42805
1.69848
1.89413
1.66714
1.68322
1.72061
1.65663
1.47497
1.68851
1.49112
1.36586
1.42503
1.45421
1.64284
1.35932
1.72651
1.5784
1.19237
1.63676
1.38484
1.32186
1.64299
1.57567
1.39467
1.64688
1.58021
1.77381
1.39755
1.6585
1.5823
1.47751
1.57435
1.60606
1.70498
1.6572
1.79989
1.57658
1.72666
1.92984
1.4821
1.46214
1.91606
1.659
1.71946
1.96095
1.72423
1.64025
1.68064
1.80869
1.41096
1.91859
1.72476
1.56163
1.6457
1.83247
1.6237
1.65525
1.73876
1.88443
1.52743
1.58463
1.73788
1.62909
1.83796
1.46498
1.75565
1.48051
1.51355
1.49917
1.48844
1.55594
1.36485
1.56693
1.24023
1.67213
1.70946
1.65586
1.53596
1.95734
1.59124
1.30121
1.95441
1.65541
1.83744
1.37047
1.86724
1.86023
1.54276
1.63147
1.73259
1.4171
1.3596
1.52983
1.65019
1.46815
1.62858
1.40119
1.29782
1.38207
1.4041
1.52386
1.58891
1.48282
1.36936
1.82257
1.5424
1.25291
1.55198
1.86106
1.89962
1.33338
1.60854
1.52849
1.7468
1.24483
1.85505
1.71051
1.81185
1.76336
1.66704
1.69457
1.61953
1.5947
1.26867
1.74998
1.72389
1.26882
1.98579
1.86373
1.74471
1.83789
1.8701
1.52706
1.3069
1.92546
1.80312
1.9282
1.92807
1.65087
1.44638
1.73923
1.63321
1.56534
1.75289
1.78871
1.65175
1.36255
1.50838
1.53701
1.81762
1.46158
1.42907
1.76579
1.4895
1.527
1.48457
1.47824
1.60169
1.49491
1.56505
1.34749
1.29753
1.84561
1.65851
1.61808
1.67892
1.47761
1.42035
1.7195
1.35695
1.41863
1.77075
1.4428
1.78559
1.56571
1.51036
1.40422
1.6451
1.7845
1.49223
1.49362
1.44572
1.28558
1.4014
1.4757
1.53986
1.6483
1.64008
1.8219
1.52079
1.74428
1.77105
1.39762
1.69974
1.83103
1.88443
1.71285
1.55818
1.59904
1.67936
1.26656
1.57377
1.51509
1.57533
1.78987
1.5665
1.47091
1.0858
1.66437
1.55899
1.58209
1.52465
1.70411
1.63465
1.7347
1.71867
1.80815
1.6961
1.53892
1.67835
1.3548
1.7405
1.53846
1.50293
1.72282
1.53751
1.78717
1.74373
1.53806
1.45986
1.69446
1.52269
1.37081
1.65491
1.73866
1.55611
1.58724
1.62029
1.43925
1.69183
1.74762
2.01703
1.51072
1.63574
1.43927
1.73149
1.48164
1.47146
1.65266
1.37179
1.85294
1.72405
1.71109
1.52906
1.25711
1.72934
1.44441
1.68221
1.77056
1.62625
1.79955
1.7209
1.31986
1.21318
1.72961
1.56254
1.49028
1.4724
1.60397
1.87888
1.74965
1.40765
1.41144
1.60606
1.55692
1.57217
1.54171
1.68195
1.44778
1.9011
1.64379
1.55466
1.56751
1.68748
1.34922
1.88654
1.20482
1.42817
1.31524
1.63684
1.48394
1.61928
1.64541
1.48241
1.81725
1.51872
1.79441
1.3654
1.41014
1.4029
1.92251
1.57115
1.6939
1.52743
1.58273
1.72078
1.7114
1.65983
1.61561
1.63773
1.53448
1.67731
1.25208
1.7455
1.66784
1.647
1.26054
1.25082
1.46285
1.39345
1.25861
1.5009
1.7626
1.78699
1.38913
1.61162
1.56653
1.5549
1.73491
1.7491
1.73707
1.67049
1.58277
1.43012
1.70416
1.54546
1.52921
1.65442
1.39767
1.44436
1.49247
1.62258
1.78612
1.7571
1.21539
1.30681
1.65197
1.6503
1.46726
1.72188
1.6071
1.46626
1.68617
1.3798
1.30553
1.69363
1.77838
1.68768
1.96492
1.47242
1.40847
1.76223
1.58053
1.67398
1.78046
1.34601
1.59041
1.69856
1.60543
1.59885
1.41484
1.43388
1.65203
1.87038
1.47221
1.4702
1.46142
1.88883
1.65236
1.54244
1.00955
1.42098
1.78215
1.74634
1.77751
1.43395
1.40584
1.59595
1.51499
1.79818
1.4546
1.50064
1.93351
1.6854
1.3481
1.65677
1.58317
1.63351
1.09128
1.53807
1.42004
1.78107
1.44889
1.54752
1.60432
1.64442
2.01703
1.57037
1.8192
1.34738
1.57768
1.2292
1.69048
1.31275
1.35337
1.52934
1.95042
1.40215
1.53958
1.92175
1.56579
1.39937
1.52712
1.46258
1.59107
1.648
1.6451
1.92365
1.67247
1.67545
1.59215
1.61529
1.38218
1.71695
1.57476
1.43649
1.86202
1.95908
1.83987
1.28092
1.49194
1.54758
1.5892
1.71617
1.6931
1.40951
1.51762
1.6696
2.01703
1.559
1.60118
1.5108
1.81178
1.48713
1.68381
1.7078
1.7096
1.44905
1.6887
1.64936
1.74945
1.64619
1.76424
1.61921
1.54413
1.6821
1.33624
1.67726
1.85239
1.39807
1.48948
1.84867
1.82536
1.47076
1.69648
1.62108
1.25772
1.5101
1.76861
1.86138
1.89528
1.56774
1.90869
1.59935
1.81884
1.56524
1.91595
1.63204
1.69437
1.8328
1.37083
1.69891
1.67375
1.63561
1.93077
1.48553
1.5729
1.56887
1.94285
1.70265
1.91629
1.36516
1.62239
1.62166
1.63198
1.71919
1.55063
1.47359
1.65354
1.60878
1.74783
1.70052
1.56932
1.62182
1.72137
1.4741
1.5356
1.56791
1.66436
1.27418
1.53827
1.59293
1.78902
1.52655
1.60388
1.6324
1.84198
1.83883
1.92051
1.59224
1.55361
1.3833
2.01703
1.91135
1.51702
1.57329
1.49
1.39171
1.57403
1.46617
1.5674
1.5957
1.9256
1.86826
1.66458
1.70516
1.46082
2.01703
1.61389
1.75783
1.53279
1.43977
1.41136
1.54911
1.84021
1.75537
1.53663
1.7462
1.58792
1.84637
1.73169
1.60477
2.01661
1.68101
1.37311
1.50672
1.68849
1.59873
1.49524
1.38476
1.42596
1.39916
1.14728
1.59544
1.64107
1.80352
1.4836
1.57525
1.52181
1.13056
1.91531
1.82453
1.85891
1.59704
1.84769
1.30885
1.28045
1.56758
1.35846
1.50546
1.57669
1.36317
1.6254
1.65295
1.45949
1.36976
1.75157
1.66248
1.49321
1.70318
1.72196
1.461
1.47966
1.60519
1.79017
1.80397
1.4254
1.2504
1.60112
1.59712
1.34641
1.50662
1.46609
1.73107
1.2937
1.45756
1.45163
1.69792
1.73817
1.84406
1.77844
1.76793
1.84794
1.3411
1.78004
1.40284
1.72082
1.69684
1.58931
1.61463
1.85431
1.69645
1.49477
1.38556
1.6674
1.91126
1.56947
1.51709
1.67242
1.41793
1.4689
1.52164
1.63114
1.6864
1.78796
1.71749
1.55555
1.71825
1.62524
1.65282
1.89193
1.79882
1.55561
1.54358
1.80444
1.47874
1.90291
1.46659
1.73716
1.4236
1.64054
1.51893
1.48135
1.37723
1.54692
1.34163
1.21313
1.32034
1.75797
1.56939
1.70069
1.70745
1.60743
1.46514
1.45935
1.38421
1.53601
1.55297
1.73187
1.68295
1.55659
1.65761
2.01703
1.87843
1.83565
1.13997
1.61319
1.28565
1.71018
1.49323
1.28086
1.6597
1.63745
1.46061
1.36386
1.44701
1.48122
1.3615
1.56053
1.51267
1.78078
1.83355
1.71653
1.22173
1.40578
1.53241
1.78667
1.6286
1.59491
1.80858
1.51408
1.73287
1.53119
1.38679
1.49584
1.69359
1.64554
1.63486
1.58967
2.01086
1.52585
1.69522
1.55727
1.57958
1.44313
1.76529
1.53223
1.76432
1.39735
1.55598
1.49606
1.28256
1.78991
1.68052
1.4226
1.3501
1.61716
1.42917
1.45961
1.80129
1.74358
1.82543
1.65526
1.88869
1.60142
1.70202
1.46031
1.636
1.37336
1.75649
1.67867
1.50395
1.64438
1.46464
1.70874
1.31113
1.18768
1.47896
1.42269
1.63611
1.34577
1.59137
1.5052
1.88498
1.57443
1.74718
1.82034
1.89663
1.62214
1.56436
1.61899
1.94165
1.54578
1.60927
1.37761
1.30678
1.28366
1.47287
1.6203
1.50629
1.82812
1.65967
1.83263
1.87891
1.59582
1.88197
1.6298
1.97002
1.20461
1.56163
1.77948
1.75687
1.47922
1.74002
1.74347
1.33608
1.48586
1.50442
1.65504
1.67476
2.00505
1.94697
2.01703
1.82134
1.51627
1.81141
1.8739
1.66333
1.57622
1.72314
1.46054
1.61118
1.49314
1.75165
1.66866
1.93151
1.43307
1.50438
2.01703
1.56138
1.38724
1.53921
1.56828
1.68694
1.68054
1.63082
1.80335
1.82396
1.53216
1.74182
1.89248
1.46013
2.00963
1.86914
1.40967
1.63885
1.72065
1.80896
1.38158
1.59284
1.71986
1.39987
1.41398
1.85687
1.66004
1.5535
1.66506
1.2847
1.70531
1.92976
1.23636
1.70466
1.3729
1.71592
1.69805
1.79447
1.85886
2.01703
1.51913
1.80362
1.56718
1.46243
1.66672
1.67899
1.37629
1.71397
1.75617
1.55554
1.43098
1.34051
1.48727
1.79471
1.65336
1.5835
1.92415
1.32709
1.71854
1.65697
1.68854
1.13069
1.6153
1.77071
1.42534
1.50438
1.58633
1.7195
1.64444
1.42494
1.45701
1.51285
1.45104
1.52562
1.74542
1.89602
1.7232
1.70129
1.33151
1.66545
1.77787
1.71427
1.64751
1.58108
1.92517
1.57925
1.46722
1.5904
1.69515
1.50542
1.48522
1.67975
1.42395
1.52096
1.6576
1.45855
1.68335
1.45143
1.45481
1.603
1.77792
1.71688
1.61222
1.1589
1.7361
1.7237
1.50636
1.51663
2.01703
1.67932
1.64317
1.54603
1.78991
1.89438
1.55905
1.7325
1.72902
1.33283
1.96594
1.47514
1.6751
1.52181
1.43837
1.73106
1.43344
1.74365
1.31715
1.70426
1.72351
1.38387
1.46876
1.63864
1.50461
1.35772
1.15878
1.8051
1.29149
1.26453
1.76247
1.39376
1.60647
1.3608
1.5092
1.45757
1.81433
1.17413
1.77469
1.6575
1.40169
1.57782
1.52057
1.55153
1.7428
1.59382
1.46831
1.41394
1.68306
1.64042
1.53144
1.42718
1.10989
1.89773
1.2473
1.88384
1.64777
1.97427
1.37607
1.65803
1.38453
1.78871
1.63355
1.60431
1.69236
1.54249
1.64168
1.70169
1.58977
1.47914
1.27976
1.43183
1.23185
1.61085
1.655
1.47834
1.49502
1.79226
1.74739
1.67302
1.54248
1.55352
1.71974
1.55519
1.66283
1.54117
1.57981
1.4851
1.32015
1.49424
1.90951
1.1895
1.92866
1.54724
1.19899
1.44488
1.38367
1.70178
1.99146
1.75424
1.18214
1.85157
1.53422
1.56674
1.35526
1.56427
1.39954
1.61306
1.86764
1.61836
1.61048
1.61103
1.63969
1.32917
1.16709
1.67579
1.33615
1.51333
1.35703
1.82942
1.46647
1.48148
1.74425
1.56536
1.58793
1.77072
1.68057
1.53205
1.7137
1.45502
1.82791
1.77419
1.24303
1.54536
1.5024
1.65475
1.40067
1.61762
1.67418
1.34512
1.55671
1.6504
1.96144
1.73345
1.57623
1.64978
1.29262
1.631
1.39961
1.50812
1.65472
1.5875
1.37856
1.53415
1.35622
1.77431
1.74647
1.75294
1.56663
1.49625
1.55233
1.8438
1.52673
1.464
1.54161
1.58132
1.3659
1.61245
1.55441
1.65777
1.73956
1.58856
1.62409
1.86278
1.56582
1.5377
1.41515
1.30672
1.5564
1.66954
1.68849
1.79354
1.52042
1.68967
1.87988
1.67226
1.68308
1.54312
1.8313
1.78865
1.42283
1.53281
1.59227
1.48505
1.6472
1.55964
1.64491
1.25095
1.51606
1.75857
1.4267
1.59659
1.74368
1.63561
1.54626
1.36443
1.68877
1.23144
1.5301
1.30438
1.56663
1.62616
1.76861
1.79713
1.92598
1.88604
1.7409
1.72576
1.5141
1.74509
1.3972
1.28596
1.74114
1.71871
1.53928
1.56605
1.34125
1.61452
1.55985
1.50619
1.73635
1.41824
1.74141
1.83037
1.68959
1.84852
1.78753
1.28947
1.38981
1.6811
1.56128
1.61345
1.41056
1.66332
1.93044
1.57943
1.39236
1.65506
1.54947
1.33871
1.3689
1.56645
1.39968
1.54305
1.45883
1.46017
1.76518
1.2173
1.49287
1.75274
1.67374
1.59447
1.71219
1.4537
1.62577
1.46975
1.57502
1.81161
1.4577
1.44352
1.86913
1.41258
1.74896
1.58874
2.01703
1.43706
1.33336
1.41802
1.74981
1.22813
1.87035
1.41762
1.3831
1.87151
1.57422
1.46582
1.78335
1.74725
1.75095
1.67972
1.58308
1.65982
1.65988
1.70756
1.29011
1.6052
1.47066
1.62167
1.49297
1.82552
1.60444
1.99256
1.59804
1.51456
1.65735
1.6677
1.56952
1.44994
1.31778
1.77272
1.21362
1.27139
1.27759
1.59248
1.37759
1.22766
1.38371
1.42104
1.29801
1.58599
1.76861
1.73277
1.98974
1.75235
1.45129
1.45752
1.61343
1.61654
1.56875
1.15846
1.1763
1.60008
1.22212
1.61284
1.67951
1.67588
1.98152
1.73264
1.78191
1.33344
1.49916
1.55234
1.59748
1.75484
1.37168
1.48583
1.84332
1.53985
1.5582
1.58349
1.2509
1.55077
1.50828
1.37199
1.71389
1.73466
1.96792
1.41606
1.75129
1.51076
1.6614
1.47754
1.59576
1.29997
1.44476
1.86863
1.47866
1.43112
1.69586
1.72524
1.76855
1.57506
1.68454
1.70722
1.70357
1.6234
1.29179
1.77621
1.65826
2.01703
1.50828
1.41854
1.74709
1.59259
1.39111
1.31721
1.60998
1.66257
1.54509
1.48891
1.66139
1.33529
1.19256
1.77803
1.61918
2.01703
1.50293
1.24872
1.4499
1.75783
1.60097
1.53081
1.75059
1.46205
1.69432
1.77527
1.27058
1.71448
1.68341
1.78142
1.88566
1.45745
1.38262
1.36097
1.54025
1.35111
1.66278
1.45803
1.57905
1.66806
1.41339
2.01703
1.725
1.61754
1.72778
1.93691
1.72476
1.99064
1.42697
1.57192
1.78462
1.78034
1.46521
1.7223
1.42461
1.67121
1.79369
1.97006
1.81989
1.6197
1.54758
1.40281
1.63248
1.38768
1.63045
1.49297
1.58437
1.93498
1.54254
1.30716
1.30604
1.67486
1.57612
1.49395
1.75274
1.38041
1.57433
1.79411
1.29616
1.89993
1.79199
1.52954
1.53009
1.5394
1.71811
1.48687
1.72655
1.19049
1.53562
1.69379
1.77026
1.69831
1.59642
1.56744
1.39698
1.63003
1.44102
1.70294
1.55767
1.68898
1.662
1.44819
1.50909
1.88141
1.89018
1.43821
1.8913
1.77233
1.86237
1.5751
1.50409
1.34053
1.55883
1.49753
1.72912
1.66485
1.54973
1.56016
1.58591
1.67908
1.30494
1.88207
1.60078
1.49262
1.72791
1.50776
1.50953
1.59162
1.40117
1.80755
1.43532
1.81706
1.95714
1.5667
1.55842
1.61762
1.49813
1.52169
1.73041
1.40203
1.71771
1.92301
1.45209
1.69676
1.5329
1.9307
1.41346
1.26994
1.44372
1.69079
1.38206
1.82164
1.72195
1.08401
1.44076
1.5769
1.95278
1.96145
1.30818
1.3961
1.60708
1.8551
1.49335
1.39861
1.59434
1.37696
1.97478
1.23108
1.68795
1.51463
1.69372
1.41239
1.45034
1.97588
1.75505
1.93415
1.71107
1.85451
1.68139
1.48316
1.7657
1.79359
1.55743
1.65736
1.86642
1.59792
1.65352
1.50767
1.68302
1.62985
1.52326
1.5903
1.49215
1.30393
1.32651
1.78243
1.70998
1.45736
1.4846
1.56463
1.63746
1.73238
1.74858
1.63534
1.69156
1.43352
1.51497
1.33412
2.01703
1.5897
1.43053
1.67593
1.69735
1.61582
1.7699
1.73492
1.6122
1.12254
1.59717
1.54369
1.47482
1.601
1.70065
1.61989
1.5331
1.69438
1.78756
1.59955
1.74762
1.5873
1.91627
1.77531
1.5585
1.53154
1.89691
1.96059
1.64702
1.51048
1.17913
1.83987
1.74259
1.69697
1.79734
1.49542
1.55292
1.62321
1.53059
1.50829
1.95306
1.57897
1.60478
1.5769
1.70265
1.60641
1.38539
1.21584
1.66532
1.64611
1.44571
1.70283
1.76304
1.45578
1.8828
1.84036
1.37938
1.50569
1.68738
1.5833
1.31902
1.47765
1.7499
1.38986
1.42945
1.62199
1.66457
1.67368
1.7004
1.5963
1.30794
1.67373
1.57425
1.66671
1.32807
1.46359
1.71148
1.52945
1.59941
1.65203
1.74926
1.5578
2.01145
1.62028
1.6127
1.76736
1.5643
1.97242
1.81559
1.46525
1.8959
1.80938
1.43369
1.72622
1.72339
1.56904
1.72501
1.94943
1.68501
1.68848
1.54799
1.71908
1.52306
1.53329
1.64096
1.6375
1.4254
1.44752
1.32602
1.20228
1.52885
1.64794
1.40652
1.70854
1.38951
1.57515
1.56159
1.6887
1.89191
1.6021
1.4349
1.65775
1.40766
1.85335
1.54004
1.48267
1.54706
1.78815
1.57226
1.59982
1.72481
1.54077
1.50845
1.52063
1.67397
1.79864
1.57847
1.50063
1.43976
1.44214
1.52275
1.74065
1.92894
1.21908
1.30792
1.42177
1.40338
1.85357
1.47958
1.44028
1.58356
1.39148
1.6198
1.50887
1.44093
1.46053
1.76843
1.6983
1.85301
1.48194
1.58791
1.5078
1.7584
1.60866
1.56669
1.45028
1.27565
1.77872
1.12001
1.53171
1.78481
1.5929
1.47882
1.52049
1.49444
1.52589
1.72234
1.47888
1.63352
1.46909
1.58334
1.29689
1.80198
1.76723
1.53964
1.84959
1.7922
1.46526
1.52731
1.83062
1.29309
1.28702
1.88147
1.74945
1.45113
1.14232
1.65314
1.83612
1.36208
1.81241
1.8803
1.49513
1.4662
1.6092
1.27709
2.01703
1.67871
1.8284
1.77087
1.82373
1.50371
1.80995
1.41103
1.6658
1.72666
1.65657
1.69958
1.89479
1.49956
1.45052
1.49949
1.67752
1.46967
1.50924
1.85804
1.56314
1.60272
1.54903
1.80569
1.7679
1.60427
1.41571
1.58336
1.86325
1.60657
1.65114
1.4213
1.49914
1.2154
1.53498
1.57202
1.33891
1.38866
1.37662
1.33217
1.63958
1.85812
1.57274
1.4147
1.43985
1.70245
1.70846
1.84728
1.53889
1.80029
1.32366
1.78455
1.72924
1.52544
1.63335
1.60702
1.90696
1.42587
1.64289
1.53786
1.80385
1.3992
1.71162
1.69552
1.39194
1.63234
1.46726
1.2969
1.51113
1.6823
1.44253
1.42585
1.52685
1.39279
1.85244
1.6801
2.01703
1.60757
1.60315
1.99099
1.62996
1.41911
1.60975
1.84554
1.69437
1.64952
1.37681
1.73663
1.54041
1.44731
1.65055
1.70918
1.62861
1.75841
1.58277
1.61825
1.38585
1.47081
1.85212
1.34356
1.56219
1.51261
1.77578
1.58152
1.89541
1.61021
1.55705
1.52003
1.6161
1.72899
1.95674
1.50474
1.34429
1.61788
1.51432
1.81946
1.85958
1.67488
1.71598
1.77472
1.62162
1.53526
1.64582
1.78773
1.39641
1.5437
1.4262
1.87382
1.58825
1.69896
1.25699
1.77335
1.59643
1.99347
1.57079
1.44184
1.36881
1.70982
1.67264
1.14395
1.70887
1.71886
1.22139
1.49734
1.74537
1.40339
1.37224
1.64886
1.83675
1.67103
1.54071
1.78807
1.95259
1.51458
1.61966
1.52312
1.82325
1.55017
1.67744
1.29272
1.49977
1.78048
1.67187
1.31731
1.42042
1.57706
1.88231
1.5972
1.48772
1.44531
1.48295
1.76512
1.45383
1.5766
1.64541
1.48875
1.44243
1.64125
2.01703
1.53838
1.4502
1.50015
1.55507
1.58417
1.38117
1.33174
1.76432
1.65146
1.66261
1.40232
1.59571
1.3929
1.50267
1.70982
1.75548
1.77286
1.54303
1.91318
1.32584
1.48482
1.48794
1.51556
1.62457
1.33848
1.37805
1.26268
1.40394
1.71254
1.38309
1.63804
1.61842
1.56065
1.42405
1.55188
1.74367
1.52073
1.56488
1.78789
1.4514
1.9328
1.47027
1.4924
1.50315
1.88171
1.52654
1.45072
1.88029
1.62104
1.38629
1.55625
1.38368
2.01703
1.50603
1.54251
1.85196
1.42893
1.42398
1.58697
1.48778
1.6839
1.71794
1.3814
1.58284
1.28158
1.83049
1.48201
1.81419
1.82388
1.5641
1.83513
1.57898
1.39511
1.51819
1.51884
1.87881
1.30732
1.5921
1.61724
1.94927
1.77048
1.78814
1.42881
1.61171
1.45967
1.78126
1.69969
1.30135
1.5105
1.50624
1.8738
1.7587
1.74203
1.77397
1.77399
1.31334
1.6863
1.69956
1.75694
1.40056
1.66616
1.53917
1.53456
1.515
1.61063
1.55468
1.56112
1.79645
1.70419
1.63578
1.81452
1.55023
1.52511
1.42455
1.84257
1.45384
1.53017
1.41422
1.81531
1.30567
1.6095
1.36384
1.70975
1.73788
1.61757
1.6752
1.62308
1.39553
1.69565
1.72448
1.51516
1.46406
1.31337
1.33698
1.57425
1.93729
1.11707
1.49285
1.77963
1.88299
1.33372
1.68942
1.58594
1.48225
1.95457
1.48025
1.02371
1.67093
1.50619
1.47425
1.52303
1.47314
1.67173
1.64581
1.42002
1.86213
1.543
1.42129
1.68036
1.41412
1.28191
1.39353
1.62483
1.78852
1.68214
1.54569
1.70743
1.49561
1.57582
1.37874
1.83929
1.48047
1.77643
2.00579
1.57838
1.60914
1.54506
1.76654
1.17626
1.48619
1.2886
1.54171
1.6513
1.74133
1.57074
1.84112
1.73377
1.36089
1.65652
1.56003
1.56374
1.75209
1.68347
1.80818
1.44538
1.66888
1.58283
1.87339
1.81183
1.70415
1.79545
1.51954
1.53742
1.80878
1.67692
1.45774
1.5481
1.71238
1.9016
1.67414
1.62368
1.86038
1.74056
1.65231
1.0964
1.59365
1.52014
1.59425
1.58135
1.4888
1.5093
1.8101
1.6796
1.93328
1.48246
1.56827
1.54003
1.62958
1.80133
1.74955
1.71272
1.5381
1.40375
1.44042
1.57493
1.28962
1.5024
1.7858
1.67723
1.48858
1.62616
1.89391
1.8115
1.85728
1.72443
1.5244
1.69523
1.87319
1.7463
1.41052
1.45515
1.46216
1.56862
1.75706
1.75996
1.82362
1.53865
1.33993
1.87174
1.46426
1.5845
1.81744
1.68995
1.34856
1.3772
1.53728
1.54544
1.89988
1.80411
1.78594
1.37565
1.67937
1.66656
1.49865
1.62199
1.3507
1.18843
1.67407
1.43236
1.5929
1.56545
1.78037
1.56219
1.52188
1.38764
1.70506
1.50117
1.48037
1.31563
1.60335
1.70366
1.79231
1.55227
1.47259
1.4031
1.62566
1.49318
1.76272
1.49052
1.95851
1.38898
1.54533
1.55312
1.85559
1.47623
1.53543
1.53726
1.62062
1.59028
1.62844
1.31166
1.4711
1.7726
1.70152
1.53805
1.28504
1.46228
1.5607
1.61214
1.61697
1.47067
1.57747
1.51877
1.73127
1.28734
1.91347
1.51588
1.44108
1.5251
1.47751
1.68264
1.72423
1.91208
1.51572
1.93458
1.79644
1.8141
1.82054
1.68972
1.24759
1.54397
1.75396
1.30912
1.33265
1.58001
1.78276
1.34765
1.53053
1.71629
1.27548
1.55161
1.44157
1.56762
1.55001
1.91562
1.27798
1.84303
1.68284
1.40655
1.35127
1.56781
1.52874
1.84417
1.35126
1.59336
1.58029
1.59683
1.66613
1.34847
1.57262
1.35812
1.69612
1.73991
1.391
1.7995
1.77967
1.40648
1.82358
1.81762
1.66859
1.56356
1.77964
1.62828
1.79143
1.54073
1.58949
1.64467
1.82422
1.24928
1.48137
1.64556
1.13602
1.5253
1.50002
1.58
1.62352
1.50038
1.51691
1.70535
1.98215
1.39198
1.78218
1.78538
1.47734
1.82633
1.64536
1.41884
1.63413
1.94147
1.65458
1.74553
1.65906
1.59064
1.62966
1.67929
1.70188
1.58723
1.83902
1.59168
1.54306
1.6363
1.75489
1.96814
1.47832
1.60543
1.54602
1.84089
1.64868
1.55748
1.67974
1.70248
1.29545
1.96415
2.01703
1.40297
1.78547
1.56116
1.35961
1.32986
1.61889
1.48624
1.47721
1.50512
1.69093
1.51351
1.78437
1.85054
1.31057
1.653
1.65192
1.21686
1.47587
1.80018
1.74306
1.4582
1.56521
1.71895
1.43784
1.3143
1.72448
1.31223
1.68299
1.55921
1.59682
1.56625
1.76432
1.79252
1.51144
1.55146
1.37187
1.51933
1.78326
1.5529
1.6515
1.95536
1.70236
1.69656
1.58723
1.64037
1.7528
1.3097
1.53166
1.20663
1.56678
1.72173
1.42446
1.49241
1.77447
1.20884
1.55132
1.7132
1.48729
1.47997
1.87603
1.96977
1.74284
1.37209
1.72473
1.74081
1.53235
1.72347
1.42422
1.31482
1.3691
1.45132
1.89917
1.6129
1.59711
1.59608
1.80043
1.56574
1.70887
1.95891
1.92697
1.7293
1.82234
1.40237
1.54493
1.76339
1.48201
1.28379
1.701
1.36422
1.40653
1.59622
1.27741
1.574
1.5384
1.56245
1.70477
1.70907
1.22494
1.71415
1.40387
1.43978
1.51167
1.57636
1.68818
1.33567
1.55696
1.55054
1.55155
1.99255
1.57143
1.39053
1.73549
1.56111
1.54914
1.65966
1.51438
1.373
1.60015
1.58481
1.66934
1.8159
1.36925
1.76242
1.52886
1.54217
1.84134
1.79003
1.22277
1.55145
1.46579
1.94072
1.86473
1.20742
1.53521
1.6114
1.35941
1.39962
1.52799
1.68308
1.50757
1.34693
1.71261
1.48202
1.51906
1.80282
1.31373
1.94182
1.56288
1.58034
1.41249
1.72057
1.47859
1.6535
1.57879
1.65138
1.36024
1.55946
1.70034
1.36914
1.50928
1.77174
1.98079
1.80227
1.33068
1.88701
1.73667
1.32685
2.00374
1.68043
1.52981
1.739
1.69953
1.59202
1.85529
1.61781
1.81154
1.64546
1.39444
1.6681
1.72779
1.55051
1.72374
1.83502
1.68542
1.69888
1.53178
1.34051
1.5538
1.4983
1.61632
1.54866
1.65886
2.01703
1.64833
1.91318
1.632
1.86028
1.62448
1.49231
1.43385
1.42059
1.39194
1.50791
1.51504
1.65338
1.64084
1.68647
1.8473
1.50793
1.64898
1.75671
1.78694
1.48903
1.68033
1.45428
1.41897
1.95138
1.62705
1.66236
1.75991
1.66678
1.45022
1.25726
1.38689
1.95307
1.75588
1.66995
1.61886
1.5379
1.54705
1.69144
1.66307
1.45153
1.80335
1.54622
1.82288
1.64904
1.49814
1.34044
1.80285
1.26979
1.41993
1.69855
1.47467
1.5639
1.62835
1.35911
1.37253
1.55495
1.62071
1.60433
1.84717
1.54983
1.34261
1.5811
1.50341
1.51241
1.65774
1.39158
1.58438
1.478
1.50621
1.7002
1.57675
1.3408
1.57928
1.86831
1.98711
1.29482
1.56548
1.649
1.39636
1.51199
1.5838
1.35762
1.70684
1.60679
1.74897
1.71696
1.54883
1.55017
1.764
1.37377
1.4381
1.72641
1.39641
1.70314
1.64403
1.73433
1.31215
1.39663
1.52844
1.91877
1.6671
1.57511
1.72108
1.56421
1.58843
1.82224
1.70211
1.34524
1.80783
1.58951
1.48122
1.86043
1.41561
1.62348
1.43733
1.88931
1.8577
1.78494
1.2116
1.90813
1.78951
1.72343
1.76684
1.61496
1.4412
1.63531
1.78742
1.61993
1.57302
1.59328
1.70904
1.78068
1.76623
1.59113
1.52367
1.5451
1.38183
1.86953
1.61665
1.70908
1.38245
1.7625
1.43189
1.45134
1.48994
1.73226
1.74556
1.72499
1.23147
1.56788
1.741
1.81467
1.30213
1.47158
1.84188
1.52806
1.6247
1.44688
1.62849
1.53759
1.83074
1.64843
1.56748
1.55736
1.73251
1.61177
1.60979
1.7438
1.77226
1.75821
1.75375
1.8523
1.85796
1.64312
1.72701
1.55069
1.57843
1.69766
1.53735
1.66983
1.68301
1.34109
1.38407
1.5489
1.7902
1.55984
1.85927
1.62024
1.67959
1.96609
1.55502
1.73115
1.48695
1.77474
1.80492
1.49488
1.5931
1.41371
1.42049
1.36389
1.3227
1.59759
1.71712
1.84336
1.74019
1.59043
1.66552
1.61868
1.42527
1.20622
1.28304
1.68689
1.86018
1.46731
1.53835
1.916
1.4423
1.71993
1.76515
1.86316
1.79863
1.46022
1.36686
1.33085
1.2173
1.84516
1.38443
1.53917
1.59047
1.57509
1.37748
1.72558
1.47083
1.68204
1.69013
1.66377
1.55487
1.15917
1.47378
1.73683
1.57764
1.73163
1.66487
1.56064
1.59521
1.64932
1.34963
1.57524
1.42043
1.79213
1.69221
2.01703
1.78008
1.46599
1.67889
1.34189
1.65311
1.53996
1.40538
1.53673
1.30664
1.66347
1.87276
1.60152
1.82134
1.69508
1.6994
1.27662
1.73699
1.1803
1.47086
1.78744
1.54338
1.71726
1.45611
1.80174
1.5644
1.37844
1.43393
1.54776
1.57092
1.35333
1.87708
1.91321
1.84922
1.50249
1.57518
1.97944
1.44614
1.44617
1.81023
1.65746
1.60457
1.71212
1.45466
1.74375
1.62651
1.5549
1.92727
1.76106
1.51832
1.40019
1.89635
1.70804
1.49057
1.61957
1.71797
1.8577
1.53016
1.53471
1.76474
1.39538
1.62037
1.48013
1.79172
1.43772
1.62156
1.72323
1.78335
1.62244
1.62205
1.47724
1.28327
1.32761
1.61016
1.72424
1.62216
1.58747
1.33449
1.33542
1.64128
1.47626
1.43481
1.51991
1.66298
1.64868
1.6472
1.78391
1.77759
1.25498
1.8171
1.26483
1.37812
1.53049
1.79328
1.46978
1.45652
1.29699
1.52242
1.47275
1.4923
1.30377
1.87803
1.63438
1.61332
1.58421
1.82078
1.58456
1.92815
1.55157
1.58542
1.48518
1.66055
1.79108
1.40998
1.55659
1.36264
1.27204
1.43624
1.74442
1.96358
1.59404
1.79488
1.52642
1.91631
1.53588
1.65465
1.53644
1.58401
1.73575
1.41203
1.58669
1.60065
1.72044
1.70544
1.65003
1.47453
1.52633
1.65317
1.76321
1.9706
1.62487
1.63425
1.54038
1.42959
1.66668
1.33052
1.52935
1.41825
1.45058
1.62769
1.41072
1.34985
1.57221
1.67389
1.69074
1.48164
1.84105
1.58535
1.61714
1.56616
1.54136
1.52634
1.63678
1.78663
1.39664
1.64149
1.83874
1.65925
1.69714
1.49348
1.36296
1.7108
1.36726
1.71517
1.39426
1.91759
1.30924
1.66307
1.49699
1.64716
1.46023
1.46067
1.53618
1.59984
1.39822
1.42148
1.58349
1.69548
1.68924
1.66284
1.65096
1.69868
1.35332
1.6745
1.4427
1.4446
1.55552
1.52879
1.54097
1.73261
1.65021
1.2102
1.73212
1.77188
1.88368
1.80866
1.43762
1.59408
1.52664
1.52772
1.53461
1.79772
1.52637
1.46189
1.54179
1.5885
1.60923
1.54029
1.5061
1.37468
1.554
1.78046
1.54155
1.95486
1.65245
1.45714
2.01703
1.64869
1.70066
1.59413
1.74873
1.5143
1.51539
1.52441
1.78622
1.93399
1.82966
1.69525
1.78261
1.74509
1.46817
1.51081
1.34169
1.56092
1.76788
1.69496
1.58789
1.4077
1.48704
1.69863
1.54772
1.5588
1.67676
1.28837
1.8358
1.88158
1.35767
1.64388
1.44801
1.6632
1.90685
1.73652
2.01703
1.40024
1.64527
1.49037
1.4359
1.32547
1.51716
1.61091
1.48234
1.50536
1.68516
1.43587
1.53654
1.33836
1.73538
1.65362
1.65444
1.59821
1.71037
1.55021
1.66783
1.6206
1.49547
1.47656
1.72367
1.41148
1.51249
1.46441
1.60936
1.84737
1.67631
1.70493
1.66947
1.56582
1.31479
1.78604
1.40052
1.90676
1.77325
1.62029
1.39497
1.62424
1.49071
1.62247
1.45184
1.60728
1.6103
1.36341
1.51069
1.49486
1.52669
1.52076
1.82928
1.64931
1.50407
1.56582
1.46841
1.82022
1.63535
1.84597
1.53942
1.67844
1.65402
1.84199
1.72387
1.50604
1.41504
1.71371
1.60544
1.3376
1.5319
1.92148
1.80475
1.60145
1.54405
1.92357
1.57012
1.71193
2.01703
1.29499
1.40635
1.605
1.50467
1.49966
1.77387
1.38043
1.5547
1.64569
1.86623
1.4467
1.41444
1.36504
1.63029
1.87904
1.70398
1.56623
1.45395
1.63255
2.01703
1.68436
1.38483
1.83147
1.53064
1.63199
1.88876
1.69671
1.70118
1.48111
1.62128
1.46157
1.85232
1.59784
1.06887
1.53123
1.52528
1.64766
1.53086
1.79367
1.14597
1.90808
1.69942
1.71818
1.77843
1.719
1.45944
1.5975
1.92258
1.85984
1.54282
1.43719
1.35076
1.5878
1.63234
1.60694
1.83575
1.56826
1.64707
1.78465
1.43882
1.42615
1.56556
1.83764
1.39753
1.23915
1.66666
1.42107
1.65096
1.45157
1.87932
1.75293
1.83613
1.41069
1.17612
1.85538
1.62461
1.73553
1.76663
1.58049
1.4246
1.68815
1.61658
1.52404
1.62683
1.80535
1.76738
1.73587
1.64188
1.59778
1.83858
1.77814
1.49908
1.65611
1.38226
1.61826
1.9584
1.64586
1.39963
1.57539
1.43694
1.62144
1.70374
1.58696
1.67145
1.6493
1.3093
1.66141
1.9127
1.62659
1.56745
1.90708
1.38144
1.59819
1.83667
1.71965
1.61734
1.72329
1.42984
1.39451
1.66142
1.45562
1.3894
1.43522
1.57678
1.44775
1.7632
1.72808
1.44088
1.81448
1.47052
1.3858
1.5353
2.001
1.06492
1.71742
1.33968
1.51633
1.82514
1.74797
1.51598
1.65648
1.44961
1.39442
1.6974
1.4364
1.43845
1.50583
1.74072
1.78855
1.53667
1.70588
1.46062
1.38174
1.72007
1.72704
1.7706
1.84456
1.50955
1.60772
1.5118
1.32515
1.7967
1.92461
1.33158
1.34989
1.70449
1.72459
1.20039
0.916689
1.42251
1.88547
1.75405
1.54339
1.48672
1.49387
1.73028
1.23358
1.55624
1.71566
1.54566
1.65518
1.55212
1.76223
1.3117
1.7832
1.6605
1.40638
1.46019
1.38641
1.88713
1.57574
1.2761
1.53252
1.47652
1.86271
1.92238
1.65786
1.68333
1.66509
1.57315
1.3022
1.83186
1.53195
1.7555
1.50825
1.53732
1.77028
1.61649
1.7593
1.92953
1.72088
1.71943
1.60735
1.47774
1.63385
1.67185
1.70643
1.71121
1.5848
1.73549
1.49681
1.836
1.51478
1.52438
1.62655
1.6135
1.85863
1.36042
1.79185
1.51544
1.5235
1.46084
1.50171
1.87397
1.57552
1.82131
1.8804
1.45085
1.50598
1.70063
1.32238
2.01118
1.35021
1.42249
2.01703
1.72396
1.23296
1.53155
1.63957
1.64471
1.57178
1.38098
1.38208
1.38558
1.8714
1.5505
1.83929
1.57192
1.63751
1.49306
2.00283
1.71793
1.59982
1.50706
1.7162
1.80933
1.17239
1.4299
1.73501
1.62369
1.28316
1.76103
1.65417
1.78344
1.37451
1.79704
1.87608
1.52657
1.85266
1.52779
1.27511
1.85428
1.50564
1.63812
1.97335
1.40736
1.49691
1.50988
1.70847
1.84178
1.64975
1.4549
2.0121
1.72202
1.66974
1.69809
1.64778
1.59002
1.56462
1.46464
1.70593
1.68659
1.88099
1.62994
1.65142
1.49188
1.33172
1.54838
1.70229
1.97703
1.66901
1.68442
1.49854
1.64766
1.76077
1.49114
1.63572
1.63986
1.43934
1.4365
1.82274
1.57121
1.68397
1.35338
1.48643
1.61694
1.54468
1.83937
1.23888
1.54633
1.63085
1.51692
1.87776
1.63051
1.86772
1.65353
1.592
1.78667
1.6773
1.71505
1.61675
1.68692
1.63125
1.73919
1.26047
1.88147
1.40752
1.72841
1.72665
1.66491
1.49421
1.57942
1.52406
1.39071
1.8406
2.01351
1.93363
1.74158
1.25403
1.79877
1.75009
1.96425
1.37084
1.39573
1.61656
1.59959
1.0871
1.53152
1.60509
1.43621
1.40202
1.28175
1.69909
1.35905
1.83591
1.55103
1.67316
1.5896
1.54459
1.53342
1.64812
1.61674
1.75201
1.45247
1.60493
1.51304
1.68523
1.7307
1.47227
1.74066
1.56613
1.50114
1.59647
1.68787
1.55625
1.36403
1.22028
1.66365
1.81688
1.57055
1.66306
1.46993
1.6025
1.73159
1.71598
1.60463
1.70391
1.64088
1.42637
1.47745
1.3813
1.73564
1.68996
1.75351
1.50099
1.44795
1.66514
1.64386
1.39147
1.40489
1.52861
1.44753
1.72395
1.48688
1.75474
1.50985
1.63144
1.46735
1.72733
1.69209
1.28677
1.70872
1.78642
1.62915
1.74797
1.79761
1.73729
1.45924
1.85156
1.56057
1.40668
1.74531
1.23586
1.59524
1.58903
1.82489
1.85851
1.66409
1.43977
1.45274
1.61701
1.58593
1.71213
1.39435
1.8597
1.6118
1.88845
1.67216
1.61728
1.28503
1.43324
1.55568
1.68144
1.62919
1.74389
1.51672
1.57146
1.50428
1.79206
1.97206
1.81095
1.36916
1.50283
1.39838
1.71941
1.84713
1.85731
1.5943
1.38269
1.59907
1.61858
1.61252
1.95058
1.81865
1.50847
1.55063
1.4581
1.87107
1.80556
1.5233
1.65046
1.57952
1.72703
1.56993
1.37692
1.5829
1.56086
1.5958
1.6471
1.4058
1.76912
1.57149
1.54069
1.56902
1.97205
1.62877
1.77908
1.57727
1.3134
1.66426
1.87634
1.16978
1.71989
1.63535
1.72593
1.66623
1.2543
1.26575
1.55007
1.52716
1.53079
1.6938
1.8191
1.84384
1.39004
1.82849
1.43188
1.32424
1.41996
1.74848
1.83528
1.82326
1.8207
1.71494
1.72009
1.64934
1.52873
1.91378
1.77751
1.50935
1.46661
1.24167
1.49816
1.76342
1.54538
1.57794
1.53827
1.22617
1.72097
1.60085
1.30893
1.44436
1.26788
1.47497
1.45572
1.63463
1.45158
1.6666
1.65658
1.44788
1.54829
1.60907
1.66327
2.01703
1.94727
1.6158
1.2278
1.6615
1.62414
1.69147
2.01703
1.35205
1.64597
1.66986
1.61216
1.89346
1.63317
1.57106
1.49738
1.84992
1.693
1.59165
1.39803
1.34586
1.38901
1.85005
1.47539
1.71993
1.50433
1.39638
1.7072
1.77315
1.63855
1.59276
1.42839
1.54639
1.77144
1.61879
1.64323
1.71155
1.75713
1.56836
1.69917
1.63577
1.68711
1.44416
1.67224
1.39965
1.45516
1.49687
1.67558
1.76465
1.51365
1.7076
1.55684
1.68182
1.52511
1.65184
1.9739
1.3291
1.42609
1.67784
1.75711
1.64821
1.58651
1.68592
1.57287
1.53369
1.7423
1.46707
1.55948
1.6128
1.64472
1.60373
1.79146
1.61934
1.53547
1.55552
1.70519
1.74558
1.35845
1.84339
1.4267
1.73764
1.67715
1.58951
1.63538
1.71269
1.50454
1.42487
1.48352
1.66362
1.46273
1.56214
1.6712
1.69298
1.3377
1.27465
1.7573
1.38889
1.62651
1.66438
1.52311
1.86129
1.60878
1.33745
1.66039
1.58412
1.86719
1.53221
1.68359
1.44745
1.61301
1.68152
1.51991
1.91635
1.6154
1.75915
1.71354
1.63807
1.76375
1.69189
1.10618
1.65793
1.51584
1.64484
1.63432
1.7357
1.55594
1.35372
1.51564
1.4959
1.80301
1.14159
1.71479
1.45822
1.42783
1.56309
1.82928
1.39517
1.58714
1.6949
1.61541
1.89807
1.47176
1.44439
1.53742
1.47727
1.52377
1.5272
1.45252
1.41579
1.68599
1.77371
1.52137
1.67898
1.30556
1.77
1.64889
1.5708
1.8602
1.40018
1.58428
1.78145
1.4591
1.61459
1.62724
1.34872
1.61279
1.56605
1.86781
1.12689
1.51089
1.30096
1.50067
1.62113
1.55473
1.93023
1.55882
1.48994
1.72879
1.81224
1.66164
1.65487
1.64565
1.41776
1.38812
1.60756
1.60653
1.30703
1.669
1.75806
1.60941
1.53244
1.76426
1.58134
1.40681
1.40882
1.76279
1.64144
1.39775
1.52371
1.40552
1.59113
1.67801
1.72397
1.61285
1.69013
1.40533
1.45715
1.43754
1.37616
1.68299
1.57442
1.5862
1.68319
1.65193
1.68495
1.61142
1.42012
1.64667
1.85271
1.79567
1.44869
1.48488
1.44374
1.70301
1.9321
1.47428
1.19427
1.74883
1.7153
1.94972
1.71159
1.51173
1.43828
1.66504
1.62092
1.76487
1.42677
1.35914
1.66921
1.29332
1.74081
1.51735
1.94706
1.71403
1.62618
1.36402
1.49562
1.67738
1.47124
1.65145
1.34224
1.58259
1.57675
1.76778
1.40367
1.48635
1.77279
1.71922
1.83726
1.34369
1.56305
1.40058
1.67004
1.60828
1.61393
1.30086
1.63314
1.51075
1.74192
1.59824
1.63525
1.64342
1.34805
1.75689
1.67434
1.58652
1.45276
1.73579
1.81069
1.47308
1.78657
1.50022
1.39768
1.55684
1.78452
1.88226
1.61829
1.60404
1.76414
1.55488
1.46852
1.55479
1.80111
1.37449
1.48677
1.50228
1.86444
1.57128
1.48004
1.39146
1.62615
1.4389
1.44855
1.64923
1.35415
1.61673
1.51342
1.78598
1.49624
1.58361
1.58703
1.82484
1.37965
1.94148
1.62416
1.53056
1.66652
1.4038
1.83365
1.4706
1.55039
1.51482
1.28041
1.45273
1.42927
1.54591
1.81129
1.64331
1.59915
1.76455
1.61703
1.50591
1.68676
1.65583
1.67961
1.51412
1.43239
1.55327
1.70655
1.45962
1.2831
1.5259
1.44384
1.54442
1.62243
1.61403
1.58484
1.4773
1.60435
1.67542
1.32052
1.79343
1.52043
1.51764
1.28594
1.43837
1.75887
1.62632
1.69603
1.5335
1.51494
1.64246
1.28835
1.37577
1.30222
1.41599
1.58473
1.31684
1.31251
1.7311
1.59947
1.6172
1.6207
1.59055
1.26706
1.5283
1.8925
1.46626
1.41713
1.70198
1.57177
1.67648
1.39831
1.56435
1.4902
1.63573
1.94734
1.72309
1.84954
1.45563
1.54601
1.39624
1.23186
1.62875
1.64382
1.5817
1.43184
1.58951
1.56834
1.69324
1.81997
1.95664
1.37601
1.53639
1.7056
1.51421
1.94307
1.69405
1.60761
1.36636
1.63813
1.48135
1.52739
1.74137
1.74001
1.60664
1.19714
1.35046
1.67626
1.17879
1.4686
1.76711
1.68338
1.87719
1.42088
1.65715
1.70121
1.34815
1.47176
1.5967
1.59712
1.7122
1.40426
1.73728
1.30861
1.53585
1.62139
1.73527
1.17752
1.88635
1.26179
1.43017
1.34228
1.42782
1.60206
1.74464
1.55085
1.68697
1.35894
1.61948
1.86468
1.32845
1.52035
1.7282
1.79768
1.72207
1.88193
1.49446
1.59279
1.63685
1.61732
1.86705
1.61779
1.64434
1.35402
1.53992
1.40805
1.61251
1.2458
1.71449
1.60255
1.75246
1.37448
1.76035
1.67885
1.89863
1.59161
1.76467
1.64344
1.80649
1.74972
1.42184
1.45234
1.47911
1.45514
1.61296
1.39024
1.97008
1.84085
1.63938
1.74371
1.85082
1.72278
1.45546
1.52869
1.39332
1.45399
1.91144
1.41771
1.83475
1.56037
1.87611
1.80697
1.59094
1.44893
1.7579
1.83443
1.39773
1.6556
1.60125
1.639
1.50088
1.89669
1.38069
1.6172
1.47884
1.50647
1.67385
1.82403
1.58604
1.29549
1.76154
1.33853
1.63017
1.61618
2.01703
1.54624
1.62856
1.61018
1.52914
1.75994
1.59283
1.6733
1.64791
1.72236
1.66101
1.68898
1.54679
1.54842
1.36837
1.77254
1.62718
1.43178
1.24859
1.61848
1.49543
1.54724
1.85783
1.59113
1.6081
1.71917
1.56341
1.83626
1.51566
1.6487
1.51318
1.39297
1.34898
1.48751
1.61483
1.40488
1.66087
1.48649
1.67319
1.6666
1.35021
1.62538
1.45369
1.67537
1.64733
1.65205
1.77718
1.65554
1.62689
1.73836
1.6068
1.38323
1.34953
1.57045
1.59034
1.52573
1.64091
1.34308
1.2414
1.44174
1.61254
1.88538
1.66136
1.66539
1.61061
1.58993
1.43552
1.72379
1.58872
1.5187
1.66548
1.52834
1.56014
1.52464
1.79305
1.31153
1.5287
1.23027
1.43788
1.68099
1.45528
1.89462
1.77757
1.45465
1.62606
1.56387
1.51532
1.73553
1.71222
1.6994
1.59045
1.66193
1.65963
1.4792
1.71536
1.521
1.88723
1.74365
1.44913
1.54283
1.46304
1.89329
1.90041
1.65443
1.54544
1.51878
1.48974
1.34431
1.63684
1.69669
1.75925
1.62136
1.63916
1.80818
1.76236
1.41509
1.91406
1.57032
1.76018
1.86561
1.48652
1.80225
1.11131
1.72386
1.66739
1.44163
1.37008
1.26747
1.54133
1.57546
1.73845
1.54172
1.85092
1.65135
1.7524
1.43718
1.4759
1.85156
1.67019
1.62866
1.35195
1.64665
1.43433
1.93185
1.90192
1.62632
1.21159
1.43953
1.66268
1.80541
1.58035
1.27044
1.733
1.69996
1.57075
1.94221
1.61218
1.73924
1.83698
1.65694
1.83848
1.68596
1.97341
1.76733
1.87054
1.31464
1.75736
1.56008
1.81973
1.71201
1.44032
1.60923
1.55248
1.66595
1.39696
1.96807
1.50862
1.8183
1.63794
1.95102
1.82906
1.75205
1.72576
1.36207
1.60506
1.55628
1.46696
1.6606
1.25393
1.58712
1.46872
1.36177
1.51484
1.56606
1.72464
1.74791
1.39738
1.55602
1.32522
1.64401
1.52123
1.62481
1.65974
1.45972
1.50156
1.79344
1.51167
1.69608
1.76467
1.6379
1.54409
1.569
1.69366
1.60815
1.93712
1.62973
1.6257
1.62396
1.20618
1.58026
1.44147
1.6132
1.49654
1.38617
1.54198
1.35947
1.61199
1.9255
1.53179
1.45563
1.76029
1.85769
1.8998
1.76648
1.68583
1.59489
1.57179
1.79469
1.68101
1.76772
1.95065
1.51572
1.45083
1.7691
1.39566
1.4034
1.57948
1.73268
1.69503
1.42207
1.90975
1.51938
1.53136
1.66436
1.53556
1.52805
1.60861
1.74309
1.81873
1.83797
1.73135
1.51151
1.61746
1.71873
1.66394
1.87988
1.66345
2.01703
1.28149
1.26615
1.90399
1.82315
1.29345
1.73097
1.67588
1.55929
1.822
1.68192
1.45018
1.37931
1.80807
2.01703
1.72749
1.60622
1.57446
1.45341
1.69919
1.75283
1.60452
1.72384
1.63453
1.71101
1.5625
1.41829
1.86188
1.91418
1.56237
1.30945
1.63523
1.66294
1.73423
1.7262
1.6459
1.77108
1.43207
1.54084
1.48658
1.50844
2.01703
1.58274
1.47047
1.6751
1.69306
1.56646
1.51075
1.72514
1.68087
1.65948
1.48058
1.60771
1.77747
1.624
1.41319
1.66255
1.80305
1.86663
1.54355
1.63414
1.63667
1.53984
1.65091
1.6461
1.58008
1.61842
1.78625
1.52473
1.76757
1.55848
1.55359
1.29832
1.88008
1.38913
1.72978
1.5851
1.46014
1.48891
1.9865
1.42807
1.80226
1.58328
1.38598
1.68667
1.5573
1.61233
1.55094
1.56528
1.71965
1.57003
1.27304
1.55858
1.51474
1.6278
1.42922
1.63115
0.998273
1.6215
1.50299
1.25026
1.57881
1.4617
1.36489
