7.61779
5.01412
4.68515
4.66002
10.5152
6.1858
7.712
8.14624
4.94463
0.926757
3.96672
8.16012
15.7551
8.95156
5.82561
4.60527
5.07519
4.94876
12.9297
7.50238
10.0329
13.5872
7.65283
2.49632
10.2093
9.77106
-0.660587
0.823618
1.54263
4.73372
14.5262
-0.809894
5.34465
4.77203
5.46568
1.8468
10.0996
7.59962
3.82004
0.372378
10.105
15.5001
5.34831
11.1665
13.6532
7.57075
6.01853
7.67893
11.1729
10.3638
5.19472
10.7316
6.00416
5.67781
16.0221
4.95722
11.5668
13.9122
9.79614
5.27797
4.12528
7.58807
0.0289312
13.6543
3.20895
15.0496
8.70666
7.06334
0.959278
0.0734494
5.58674
10.0634
5.03016
0.300837
6.28463
0.819386
9.12571
12.8654
11.0194
14.2005
4.89038
9.98575
13.3289
0.352292
3.42146
5.21197
-3.51197
6.7441
11.9322
10.9202
3.52482
6.21093
5.05387
7.03264
6.88465
4.74606
3.9509
13.159
11.5141
0.77022
5.82207
9.03923
7.58785
12.5691
10.1198
3.56243
7.33412
-1.48488
9.18614
5.38988
8.9665
2.96789
15.4166
4.05483
3.69705
9.20302
3.59383
9.0418
7.20589
7.15203
5.3251
1.66306
18.9284
3.84822
9.39254
8.35183
11.7008
4.82403
4.44119
5.22907
5.9463
8.98232
3.64874
10.843
14.3281
7.70977
16.405
-2.10138
11.7406
12.8665
3.90201
3.28545
6.85708
7.99558
9.10151
0.0244393
14.3837
2.94771
12.54
7.2406
8.85137
7.78963
1.6947
0.481279
6.46334
14.5839
2.37672
3.73823
4.22381
7.46908
8.3274
8.93937
-0.94113
7.2463
6.39457
12.5934
5.03281
7.51078
0.673503
8.96068
5.38286
-0.72607
-1.4583
5.56723
10.157
12.4782
9.62248
10.7268
12.6102
8.33008
5.08288
6.82139
7.3164
0.434827
7.62494
2.69224
4.15769
3.78672
5.50271
4.11702
-0.172255
1.26622
-1.41228
7.70808
13.687
15.6951
8.50111
6.02619
7.85404
5.09447
5.08952
8.15009
12.2119
11.0727
5.69526
5.53825
10.0051
8.38755
11.0236
3.48828
9.67271
10.4815
5.34548
9.14357
8.79129
10.3796
8.13988
4.44488
4.07769
11.4816
8.67164
12.5267
11.1095
11.7503
5.86247
-0.750123
8.36737
2.96927
9.37552
6.08415
4.35347
6.80488
4.16376
6.55993
4.93935
4.69172
5.89474
1.20953
12.9995
10.54
-0.578345
4.34894
2.56169
7.73753
7.90503
12.6893
11.5254
10.987
1.12664
0.580939
10.2378
8.8915
0.874541
7.9153
7.26492
5.97484
6.06341
4.05942
2.19083
13.9538
3.56952
9.36582
3.30759
4.20274
0.543069
3.0659
0.887296
1.24306
12.1933
9.19212
5.45872
5.03915
14.1103
5.06881
1.27438
11.8228
4.62241
9.22731
1.57456
11.3987
6.3416
3.61637
9.11261
3.49855
2.42653
6.75273
1.41736
6.67331
12.0772
12.5195
2.2043
1.671
-0.885698
5.87987
11.549
2.4426
7.92616
6.38517
8.66277
-0.374717
8.53691
11.5693
14.624
12.0269
1.23288
11.7101
4.91577
13.2552
12.1436
3.34675
7.26074
7.18601
5.16493
0.986034
16.9096
10.1179
8.91379
10.871
7.11315
9.07428
7.18385
4.29556
4.93474
10.7522
7.38
6.24167
13.5076
6.75797
10.1059
9.17209
13.9714
15.2701
4.52058
1.91347
7.04941
17.4969
14.8497
5.59862
8.33995
11.2398
6.145
6.69888
9.27897
9.73901
5.5165
12.3461
10.5108
8.16399
11.1845
7.88017
5.21675
6.21135
8.61132
3.15915
11.9209
3.8821
10.1464
8.30431
3.26941
9.30724
7.80149
9.73036
3.33783
-2.89915
5.12139
2.96682
8.30117
14.6095
8.55158
10.937
8.04857
8.22669
9.76218
4.48132
3.38248
0.0924956
9.7478
5.80971
6.79528
8.2242
7.04181
7.99557
17.4459
8.07155
-1.85111
4.49732
7.59834
-2.72787
9.88992
6.06364
2.2776
9.56259
11.6044
9.61784
3.64759
8.76507
7.71946
2.94731
11.2687
7.54204
9.0224
6.24062
5.61752
3.1924
5.26202
10.2439
11.3071
8.87454
5.88309
12.2861
2.91887
2.81206
9.43896
7.53625
2.58516
7.98704
10.3416
5.32794
15.0273
13.0897
4.81496
6.43683
10.8723
1.71139
-2.80951
11.4713
1.55678
3.78307
-2.52909
7.01618
5.73059
11.01
7.40381
2.87168
6.25838
9.1307
11.2743
3.65677
10.7283
8.35178
7.92127
11.216
7.75437
5.39503
6.72463
5.58109
7.79707
-1.64897
6.23462
2.55022
-3.60472
6.35118
8.46197
5.29584
-1.2755
7.89178
0.810548
6.67276
-5.34403
7.57375
7.41287
10.1814
6.72186
5.77719
11.0738
10.0983
5.84638
12.123
4.13935
10.897
7.21804
6.42399
5.85462
7.73418
6.63273
10.8812
2.1228
4.71053
8.93541
16.4326
4.58061
8.41026
9.19292
14.338
5.33007
-0.402952
2.64501
13.923
5.33324
12.7941
16.903
4.35768
4.71972
5.48286
2.44898
15.5046
9.5298
10.9625
10.8298
7.46478
8.65797
8.72522
0.494237
4.92029
0.668861
8.11517
7.98154
9.98465
5.01307
4.33761
7.90705
5.92994
8.7862
6.36265
6.37485
3.00846
5.63265
2.1348
9.41668
5.64462
8.76468
7.95585
10.1365
9.52367
3.03922
5.62381
13.3435
5.74291
15.1112
8.99964
13.5923
2.63817
6.08774
6.83096
0.656778
8.98796
6.88515
6.29743
5.08759
11.8614
10.4436
7.08216
2.53076
7.31961
9.19035
5.28317
11.859
7.83074
5.69273
6.56983
6.75589
4.48182
5.25526
8.37155
5.91163
7.76271
5.98587
-1.57641
13.2289
8.12644
12.3251
6.09238
9.44723
9.5724
9.8573
8.46131
-1.93648
4.73628
4.17467
-0.421347
7.41311
7.91401
6.42801
3.92651
8.4605
2.48592
10.0829
4.58741
3.05127
9.14092
-0.847508
4.5973
9.27332
2.25811
9.15093
10.9935
3.92622
6.31806
5.37675
5.92682
-0.537756
4.87007
8.59475
5.76277
9.70091
14.3464
8.45064
7.78149
1.93777
4.28149
6.88625
7.67924
3.44027
2.33247
5.86972
4.33641
7.10918
4.42364
6.40104
10.0721
4.47058
10.1422
3.87962
4.35574
13.7053
9.02659
12.1885
6.02484
0.685568
13.1858
11.098
8.63364
11.4239
1.38175
12.2296
8.7365
14.9344
9.87873
1.51812
7.13833
5.44183
8.86561
8.2032
-0.43496
7.70639
9.70474
10.2213
-2.04026
5.27032
6.43253
7.21122
10.8614
7.99505
5.97825
-0.945409
9.85553
9.89564
11.7803
11.1498
3.51768
4.87771
8.66497
3.14319
0.161166
5.18605
3.14858
10.1851
14.5297
7.16425
6.1583
2.93286
5.72096
3.56352
11.1019
10.5838
5.91187
3.85109
6.50582
14.1102
6.2443
11.9179
5.98553
11.6936
7.08228
11.5664
4.91154
3.53358
9.90549
5.39737
-2.09286
13.0411
-0.378319
7.11617
5.50585
6.96069
6.79529
4.54629
8.09886
7.57113
2.90669
6.57417
8.23406
8.3942
13.5871
-0.536005
7.31368
9.84857
5.21275
5.64967
10.8967
-3.22635
3.52201
5.70564
11.9169
5.00547
5.7096
9.18884
1.45304
11.7516
3.15772
9.52346
10.4106
4.26078
10.8668
2.73317
7.15387
-0.218421
-2.47592
2.96928
14.096
6.73644
6.05619
7.91145
9.68433
-0.489646
11.1659
8.57216
7.57295
6.1412
2.90967
4.65977
11.8416
13.2202
5.81904
-1.98783
3.74896
9.35207
7.66003
5.64457
10.9938
14.3178
8.32985
11.5452
15.4494
4.64821
3.27234
12.2255
13.9851
6.06212
11.3113
5.11111
4.62563
1.04032
6.96188
4.68116
6.96513
7.08814
13.322
8.6908
11.4682
9.85795
8.92414
11.5934
12.312
12.7698
7.63057
6.87489
7.79086
6.3551
12.037
11.3398
6.07134
8.7046
8.66427
4.26985
8.56705
4.59479
4.47396
4.06969
1.30349
9.0124
10.4669
5.83467
7.74291
5.62324
5.58315
8.79386
9.28447
12.1803
9.60374
5.16346
12.0333
13.2363
3.64345
8.31275
14.0475
2.30405
1.25153
-2.03668
15.3058
0.192803
0.366158
4.09876
8.9754
10.2087
5.22964
7.57018
5.3384
3.02087
5.18932
8.20756
5.07085
8.94086
10.1318
0.989521
9.68024
14.0005
3.98123
3.58912
7.40753
17.5049
3.27062
4.66857
8.46021
6.34461
8.25237
-4.15778
11.6588
4.35808
12.5071
9.45316
17.9521
12.1263
5.32975
9.81868
7.57238
8.27458
6.27853
3.68423
8.5007
2.65836
9.71951
5.34241
9.34934
6.70365
7.09285
4.57659
6.84198
7.81209
0.667843
13.5433
6.81182
12.539
4.7849
2.31434
5.35953
13.999
10.3745
9.57881
3.23198
4.0303
10.4813
6.09842
4.63789
5.30357
6.88629
8.56022
3.86211
0.950222
3.87529
8.43375
9.01431
1.53161
7.24299
9.91278
9.6913
-0.392048
8.49304
2.91789
3.5111
9.94894
4.04943
1.07707
10.8465
1.70819
5.67097
15.0608
0.198879
8.54064
10.6523
1.73518
-0.865692
16.7765
5.58953
8.09594
10.3063
9.32505
10.4005
3.27711
8.74742
9.83113
7.16405
1.29212
-0.347267
10.5092
15.1257
3.0947
2.26089
17.0485
6.59604
4.4097
9.60212
13.9668
8.97413
6.70407
7.01436
8.103
12.4701
8.1803
10.6651
2.79688
3.41273
3.94994
5.23215
3.68341
9.86768
5.32813
0.525638
8.92686
10.3082
7.01564
6.87544
10.6678
7.86721
11.4457
13.2485
8.29002
2.4579
10.4355
4.07336
2.34375
13.1694
13.1084
6.29398
12.9582
6.32685
13.0072
1.53908
5.71505
6.65341
8.70098
-2.95512
5.06819
4.7765
2.59803
6.33955
9.97752
19.1572
4.58417
13.4493
-0.800221
4.16082
5.97135
2.99683
8.31274
16.5398
11.0821
8.59502
6.07272
9.57205
6.49511
5.84921
4.05959
6.89127
8.47227
11.9683
13.4131
6.49068
7.12284
11.3745
8.78068
11.8393
-1.28489
10.2528
3.77114
1.48011
0.275302
8.07893
3.98502
9.519
6.17853
4.47558
0.549381
6.93019
9.43944
2.21576
-0.245883
3.65505
1.45851
1.87602
6.43867
5.23763
4.74775
9.08465
11.3326
13.2926
2.9153
10.469
6.713
8.65291
5.35245
8.91816
4.62953
5.29246
10.9678
6.65956
6.65341
6.31233
4.32418
11.7614
8.46179
6.65565
2.79108
7.0553
12.1118
14.7023
7.59393
3.89949
8.39433
5.4824
4.00332
7.61269
-0.198831
2.48452
3.30119
8.51199
14.2815
10.444
11.9327
3.46384
3.03929
5.08085
6.32903
-2.09564
4.5566
3.69092
7.52982
2.88679
16.1419
5.37986
-0.495184
8.35049
8.95086
5.51877
10.0165
2.27427
4.15398
5.20319
8.81757
10.224
11.8499
11.4535
0.0176724
0.225538
-0.699438
4.3832
2.5181
3.87826
10.1656
7.0884
9.63319
3.53833
0.935289
3.17059
9.80459
0.942008
7.33606
4.07014
7.1222
5.21564
7.31379
8.67334
8.00657
-1.28291
16.0852
3.01693
9.66542
6.76563
5.33694
8.95608
5.13827
0.426206
16.85
2.60503
11.6336
7.80403
15.573
9.23748
11.8067
5.36872
13.6184
9.28972
7.01262
6.9269
17.3035
3.72766
10.3284
0.796119
7.671
2.2131
12.4579
7.82905
8.907
9.91428
3.5369
7.67642
8.01288
10.5304
-0.563
-2.49823
11.4296
6.66958
5.82745
2.90877
12.7512
4.13413
3.00075
6.16773
6.45764
6.53072
6.45981
8.78379
1.89163
6.06306
15.9716
8.98953
5.50656
9.60283
11.0832
1.73359
10.1313
8.38528
6.44472
0.234891
7.6545
-0.954456
-0.123466
6.93607
9.76332
7.74353
9.43775
4.93373
8.89785
16.5988
5.24087
13.4689
3.52103
6.6716
-0.796317
0.188146
5.65666
10.1363
4.13377
10.728
10.2936
7.28329
2.82282
7.03741
7.19068
14.6591
7.91287
5.91333
7.62979
4.42607
8.30432
4.80459
8.25302
11.4966
6.50678
9.30121
3.6698
0.732173
11.7614
4.37966
2.31758
3.73613
3.57966
10.5337
6.13004
5.62949
12.3269
7.10376
5.01535
10.2022
7.95666
10.1539
10.2605
9.48946
11.4916
2.4021
-2.98625
10.841
4.82788
1.97408
6.06162
9.34194
8.21416
11.8097
9.67014
10.5648
4.83976
5.61212
7.16071
10.9011
12.4862
6.6658
8.34639
6.47042
5.94431
5.34099
11.9329
5.40122
3.13344
8.13121
7.71705
8.85959
7.98075
14.2797
3.68564
5.64483
10.6939
8.45931
13.8354
11.197
4.21347
2.57112
4.8495
10.0281
1.88666
6.25677
-0.568787
3.29949
7.09363
5.90293
9.04376
5.38783
6.59153
1.86138
9.91179
-0.183003
16.7597
4.8999
5.78991
6.58941
9.06232
2.48043
6.85437
3.92403
4.52445
10.8939
9.81653
11.517
12.6539
2.13098
12.3648
5.18377
3.09383
11.053
5.25791
6.57719
2.66161
4.63785
6.43443
2.47292
0.658907
6.51016
7.64486
-0.131388
1.80673
9.61997
10.3
7.29808
5.13029
3.58248
7.95544
4.70757
4.60671
4.70744
9.1989
0.816204
2.82404
6.13821
7.67767
7.68197
4.24663
11.215
6.43088
6.61365
1.45809
15.1701
3.15004
4.89802
2.12246
6.10444
8.2761
8.24136
8.76674
3.42525
5.21967
0.886156
15.4919
4.58537
2.55699
8.68987
13.1067
6.81354
12.9093
2.9452
3.36465
7.60274
10.7675
13.976
10.118
0.750711
10.1388
8.1646
3.18907
8.60747
11.1611
19.5812
-6.16673
10.3992
6.89936
6.27892
5.61276
7.17679
14.5583
2.18186
7.31093
11.5667
8.18326
5.61084
5.22335
6.40189
6.84023
5.93376
9.48303
14.8688
3.78668
4.17678
8.63674
7.72055
6.08422
1.94039
5.05448
7.20245
2.45045
8.57066
15.1446
1.6113
5.49949
4.5243
4.38988
2.07541
6.78227
7.36073
6.17453
7.59369
3.65321
7.93642
8.34647
5.62705
12.8447
11.0686
9.38193
6.93541
4.13947
-0.282902
-0.215758
7.10037
4.98857
10.8159
8.40078
2.72608
10.1385
12.6694
2.65781
8.34431
8.53186
7.73144
4.66335
5.13204
2.7855
5.34017
7.83186
10.158
14.8385
1.29178
2.16517
7.55581
5.33273
11.3317
11.4106
3.57747
9.64723
5.27847
1.83152
0.680865
6.18265
2.02672
8.9928
9.09527
1.11272
5.88118
5.85855
7.61215
7.32535
12.9565
7.99616
7.31285
11.5837
7.76554
9.16114
17.4741
9.64584
13.5972
6.90271
5.93197
9.69503
2.38895
7.65379
2.29266
16.2764
10.5341
8.96906
4.24463
7.60506
8.49181
3.67139
9.8292
0.42933
3.60511
12.8286
2.77267
3.38304
12.7547
4.40933
2.31841
7.75993
6.79652
1.19188
9.07266
8.06432
9.13489
5.8239
8.67933
1.65749
1.24682
2.87659
1.0273
4.60616
6.1579
1.18096
9.36396
11.1736
15.7996
10.0216
9.65717
14.8731
7.0073
8.0391
6.58773
9.92962
2.92551
9.01011
7.63091
1.82046
8.522
10.9539
9.78952
2.19803
10.6381
8.87076
6.63154
5.04394
0.638133
7.42902
4.79907
2.77278
4.56447
3.56964
11.1272
5.41502
0.188672
5.17367
13.3956
-1.25341
10.7703
2.58373
4.32598
9.04748
12.2848
13.18
0.930883
8.33914
13.4136
7.6601
5.57648
6.38274
9.93669
4.03904
5.96707
2.23118
11.5948
3.28198
6.16356
12.9784
6.38685
9.34329
3.80549
16.4657
11.9701
5.64175
8.74496
11.5974
8.1018
17.3237
10.1301
8.09238
2.05181
7.53529
11.5208
2.29401
8.61317
14.6743
11.3955
6.3751
3.68486
4.92727
3.75658
7.25328
5.31639
8.36357
6.98075
6.82302
7.89845
7.25705
2.26688
4.59181
7.41632
8.9256
-3.0937
12.5827
9.17934
15.528
5.02261
6.48218
7.49578
6.61869
8.32931
7.94489
8.78694
9.48869
3.88391
3.52982
17.3292
6.18225
6.75323
11.1704
7.27851
6.2079
1.86929
0.50148
6.5877
10.8443
7.93972
4.69377
9.41314
8.72585
10.0523
-0.143053
4.91731
6.54417
8.26089
8.20108
10.6122
4.58507
16.5735
8.11622
9.48121
2.98661
7.80482
4.73974
6.56887
-2.488
6.82068
14.7892
8.2342
7.45719
9.55145
7.10032
11.4748
12.7009
4.76145
7.96078
12.9523
15.3871
11.3055
6.42655
7.68603
14.2531
0.51269
8.60969
10.5723
6.56376
10.6327
3.46318
10.9176
11.2774
8.65024
14.4152
6.10594
6.05765
0.374081
12.8189
11.6565
5.35072
10.1793
10.0298
4.67576
12.217
11.4754
11.6603
-2.2395
8.06334
8.9622
13.8027
6.11579
1.03043
6.31387
9.75022
3.66003
11.2607
9.4939
9.12738
3.25708
7.06095
7.10892
6.52961
5.98323
14.2345
2.19196
10.0459
2.35014
9.89756
4.95091
6.72568
2.50449
7.42501
8.32992
5.85066
6.02926
5.34544
2.72587
8.03276
3.23913
3.48381
11.0152
7.88581
1.45019
0.899372
-1.05536
9.97879
9.24191
10.013
4.53821
5.62408
5.44023
2.47162
4.72552
5.68958
3.33173
5.15601
8.67697
6.92979
4.26376
10.3851
14.2766
-1.71429
10.1436
8.4216
5.11435
2.11252
-0.102694
6.95749
11.2142
9.30122
7.39162
9.92205
2.50059
6.60364
12.4514
6.81417
6.76114
9.62288
10.4417
0.332944
5.67874
9.08582
12.915
6.06523
8.70354
12.7038
8.81155
15.9381
12.161
12.8595
8.94414
9.2922
4.59234
9.85159
10.3358
8.65556
0.0341635
9.41399
5.49736
4.66427
7.59866
0.416915
4.88583
6.08919
6.41789
3.34568
6.31478
7.9246
1.92528
5.97318
9.07757
8.34299
5.22485
12.3856
5.93151
9.81888
5.10603
5.4855
7.64512
6.15
8.18642
0.440689
8.42583
6.04317
2.87377
8.53595
5.50642
6.9626
11.5603
10.5569
5.76202
9.17473
13.3182
2.94489
7.14524
3.43316
-1.15931
16.3007
7.44149
3.6865
3.66826
9.9853
10.1127
7.75661
8.91831
5.1589
11.5277
3.88435
9.9691
3.30758
9.84066
10.4433
1.48985
9.60433
9.32902
6.83171
12.5569
7.78435
0.644701
8.46552
7.30637
6.05575
3.38419
9.39406
18.2723
1.41364
7.95253
7.0831
6.98072
5.7095
8.03952
10.9001
10.3611
8.92164
8.80389
11.1103
13.2239
11.6399
14.5536
11.348
8.82588
7.49861
4.08815
4.85133
4.11523
4.89501
1.85821
8.74001
0.91221
4.61724
-0.31184
12.7921
6.96347
14.9773
3.07856
10.2802
1.97858
6.3605
4.44479
10.2103
9.11743
1.99876
5.25324
7.22958
3.48535
10.932
9.82096
6.23521
2.98793
10.6518
5.13812
12.3061
9.21322
7.83842
5.9941
3.70378
5.71655
8.67781
8.09393
0.163612
4.13174
7.9314
14.0192
8.71299
12.0176
8.80338
9.94563
14.1547
12.781
9.70204
5.98241
0.137763
-6.66174
4.58981
4.00063
2.77865
14.5526
8.08293
0.727853
5.75018
2.69452
14.227
6.5423
7.62161
11.5578
9.63585
6.792
5.86375
10.9522
7.83443
6.15188
8.7197
11.8874
7.18149
6.37294
7.67704
7.35008
4.91161
3.79634
8.68463
10.049
1.26245
8.4506
10.3266
7.09613
-0.949478
-1.27378
1.04179
4.61096
4.52397
14.9531
6.27523
7.2692
15.118
5.51937
5.96833
2.62744
17.9312
9.4321
10.3526
13.095
15.057
8.45218
6.48123
9.19677
11.8056
13.977
1.25086
3.25449
4.66943
7.87237
11.1368
7.38072
6.03837
8.70861
2.42884
7.81938
5.43608
2.44281
-1.48315
4.69155
8.71314
8.65287
11.3386
12.1301
9.08802
-3.91743
7.39105
8.97027
9.93118
3.47437
5.74086
8.69468
6.80146
13.4327
4.85324
2.31966
7.95163
9.64288
6.65546
3.5069
8.86242
1.17681
3.9683
10.8673
10.5451
1.03226
3.5119
2.88708
9.53897
13.6498
2.3125
13.7937
7.17973
8.79782
10.6581
8.39341
3.82005
12.8759
8.22159
7.31993
16.8176
7.45896
5.23094
6.20439
8.07265
5.95216
7.22132
10.6933
8.05078
12.2719
7.57003
13.885
2.95431
2.61009
7.78968
10.2514
4.91614
5.44777
9.96759
10.5057
10.6595
6.07654
2.27104
8.23409
11.2401
8.55266
7.71239
17.3089
5.1405
14.2906
13.1242
12.8285
-4.5922
6.54924
-1.58868
3.12839
14.6244
5.38562
13.3161
6.50206
-0.5278
7.67065
6.61868
0.795874
5.3638
5.18046
7.70532
9.04956
17.8048
1.62488
12.8204
4.44291
7.55376
7.67254
7.99638
12.8527
9.34233
6.34148
5.93822
8.99618
2.74173
3.36676
0.885489
13.6491
8.03269
12.2479
4.72744
6.05677
4.87261
1.30047
11.812
9.77047
8.78725
7.77878
1.51909
10.1914
1.29955
3.57538
13.775
7.65823
3.9397
2.70839
7.20394
2.53554
0.616425
-1.21532
11.8452
14.0816
10.1455
9.82617
7.30366
7.32732
14.1436
10.7318
12.2215
-1.5961
0.669509
9.57162
7.02148
9.9701
2.63153
15.5363
3.21105
6.46854
7.02654
15.0753
7.47033
5.67302
3.31718
6.93533
6.0501
-0.0714598
6.46705
3.44192
11.3059
6.81368
13.2205
9.16591
6.7348
10.5367
6.66743
2.33693
8.16818
12.5545
1.5247
7.91876
10.8891
3.01307
4.23245
11.9223
2.17031
5.26848
9.31988
12.406
7.45037
5.24042
8.93817
5.50613
7.72384
-0.386909
9.24141
9.03384
1.90858
7.35473
4.87896
4.74607
17.1792
5.5113
18.9154
11.4833
9.50674
5.79451
12.2539
7.39865
4.62294
10.1409
6.97868
7.08691
5.9242
6.52716
6.86309
7.77045
4.91268
9.03327
4.31712
2.03194
9.52818
11.6351
15.9628
2.19272
1.7768
11.5008
4.5293
5.87953
6.51517
13.9585
13.3719
10.0453
11.8357
11.5732
4.66404
5.92242
4.4279
13.2573
0.656427
7.16758
7.16602
6.73486
8.72545
0.853792
10.8265
2.72607
10.9924
8.59449
13.8712
0.23182
5.36821
9.46459
4.90091
6.88108
1.912
2.65017
3.68537
4.53212
6.72301
5.6734
4.45206
5.34661
3.07867
10.6938
6.80324
-0.245948
5.97315
3.00197
1.88213
8.81491
8.83081
12.9923
3.73038
3.0544
-2.38935
10.5448
3.75752
10.1883
9.76744
12.5909
10.6069
8.27745
3.86483
10.3628
4.6806
6.6845
1.77506
5.34346
9.64654
6.52737
2.8087
1.12939
7.12162
7.32232
8.14172
1.49153
8.94189
4.10648
9.29314
6.64726
6.92422
5.81782
8.93301
6.55937
7.9602
2.59119
2.42572
7.11597
5.77389
7.25704
3.59404
4.02066
10.198
10.8402
6.5762
3.64171
4.25823
6.13565
5.35518
13.2174
7.48056
5.09047
9.35799
14.1959
3.38573
-0.0893237
7.55889
3.57651
3.03997
7.24395
7.6118
11.0322
6.78491
9.67359
6.73171
7.23992
0.201546
0.666289
4.28336
11.3901
1.89292
11.0626
4.90104
5.69056
9.62826
6.97014
9.8998
4.26845
7.84249
4.39061
8.42393
2.04726
11.4829
12.6734
4.14276
17.451
4.68389
6.70879
10.5515
6.06216
9.92736
10.9655
4.57802
3.37527
7.81776
9.18476
9.55105
4.79812
9.21649
8.62519
3.42966
14.7699
5.43075
3.13196
11.3497
12.9669
-0.764061
7.98728
3.87983
12.351
11.4588
10.8459
2.47596
-1.36083
5.81676
6.56826
1.31085
-1.11314
7.33462
3.02414
12.9383
10.2103
10.2216
1.22396
6.4249
-0.558595
-0.44989
6.27933
3.95933
10.9928
-1.45424
7.19818
10.597
3.8338
5.3338
5.18719
2.1851
8.54916
6.25524
12.0779
6.07714
7.37513
5.23682
1.96594
10.5811
10.6922
0.118644
5.53057
2.99828
2.60938
7.84477
0.170577
3.15385
0.697734
12.5223
-3.94482
9.33946
7.43151
10.2852
8.53993
4.57724
-1.18319
5.83827
9.14102
11.2764
5.85105
10.7624
-1.099
8.01474
-2.29628
4.19259
10.0079
7.71248
12.7359
5.46682
4.24249
12.851
3.23586
0.615796
7.37125
10.7065
7.57784
7.81088
7.31188
12.8506
7.65042
6.76909
8.28027
2.09599
11.0761
8.64353
3.97551
5.67094
11.0849
10.6715
12.1376
11.8866
7.49676
1.7375
8.14189
2.63771
6.52199
0.477044
6.58986
10.0883
0.515289
9.28368
9.5477
17.6552
6.4815
0.829053
10.855
5.4368
11.4594
8.17043
2.23628
8.46536
0.733369
7.74358
6.30606
1.25587
7.57375
7.34714
10.4118
8.75819
7.68714
7.34717
3.84828
9.94107
8.58989
4.36896
5.80945
3.34685
5.09192
8.50182
17.2547
5.48927
4.82299
8.1598
5.17686
6.19017
7.84423
5.57896
3.64113
1.76916
7.53165
10.8702
6.0715
8.36539
-0.828737
9.47959
3.66242
4.97056
3.82738
11.9437
5.60477
5.55021
12.7815
8.4585
9.38695
0.537428
8.26847
-1.07224
3.30002
2.7186
8.02165
1.83549
3.90186
7.00321
9.13646
12.7871
4.79736
8.21532
2.50234
12.7646
3.98104
5.32354
4.13421
7.17608
17.3862
5.95391
8.83899
-0.207517
13.496
9.33882
3.25615
15.9857
5.44105
5.35713
7.96088
4.18292
4.69023
8.2157
14.7567
11.1966
13.0801
4.96346
0.45644
4.38737
3.96074
7.21434
5.32092
2.90564
5.79945
5.35801
3.10576
2.47961
16.4817
0.426209
5.27184
9.39999
8.98721
11.1479
-1.6003
4.66444
9.46309
10.2952
4.14515
9.18316
2.4257
13.9247
6.64519
11.2384
4.25626
6.66971
2.4153
13.3072
5.8488
8.03507
3.59868
9.04453
6.30483
8.30891
6.71584
1.18422
10.3667
5.41722
4.21539
11.7652
2.19293
8.01016
0.697504
10.6779
9.91267
7.9968
3.5996
4.82032
9.05705
3.43982
5.8968
4.25837
11.9433
8.68071
14.9566
9.83289
3.30091
7.38356
4.18484
10.1713
6.90727
2.7478
8.86309
9.94166
13.4658
3.93482
13.3538
12.7872
13.3501
7.11581
4.66634
11.5512
9.44982
6.11442
-0.298484
14.6345
3.82253
5.56448
18.6133
7.26062
8.38806
9.29993
4.79685
7.33869
1.19732
5.92597
5.46631
0.591324
10.5769
4.74322
4.22127
5.28914
1.32381
6.3411
5.72132
3.54664
5.68741
7.18371
3.58161
6.46344
13.0223
7.70415
5.2126
12.7554
7.15396
10.7896
9.654
11.2147
8.18541
3.20608
1.73179
8.3511
1.80344
5.43883
3.51381
6.31124
6.7881
6.55626
11.739
9.34161
9.25208
10.4964
3.79688
10.8431
7.24233
1.96899
10.3377
0.453434
12.7006
4.7305
9.97411
8.85191
12.0372
7.55582
3.76822
4.06637
9.35693
5.68694
8.04622
7.14773
5.60585
7.97205
7.41958
1.66662
8.59514
10.2477
1.6191
7.00611
8.96454
6.93299
10.3966
9.33928
5.96959
3.54845
6.36866
1.67098
5.6058
9.38987
10.6359
10.838
18.9741
2.54061
13.7545
9.54146
4.77471
6.14956
5.8636
5.10081
3.48061
12.897
10.0662
10.7031
0.775542
5.3465
9.27865
14.6013
8.43185
11.182
3.53443
11.586
7.54622
11.7982
-0.216349
11.225
9.26321
6.01787
0.111878
8.46108
1.84963
2.14256
1.14656
6.61189
9.71336
7.11115
9.46841
9.05615
6.29294
8.9732
9.04758
2.62856
4.95978
8.62569
13.7908
5.19095
3.09748
11.3016
5.6496
0.0612034
4.38815
13.3178
0.214573
6.25648
4.89365
9.37882
3.76984
4.58545
6.87084
5.10243
12.4839
10.9779
15.2987
5.56735
7.12773
7.5816
8.28476
8.21767
4.64049
2.68445
3.38813
10.144
6.57325
7.27593
3.32155
9.64184
9.27956
4.31273
7.65922
2.17243
11.656
2.88088
11.6602
5.63951
6.78221
2.67357
9.90215
4.29157
10.0224
0.387971
11.5346
-3.24572
6.77054
4.07654
3.87744
3.86562
9.72109
7.70313
3.98558
14.3216
7.38658
1.95914
3.2666
9.59988
8.18496
3.15933
0.240638
5.45245
12.6141
14.2739
9.68249
8.96293
11.4556
9.63672
8.97881
8.03624
4.87143
11.4203
4.96287
5.0173
4.20802
7.17477
4.61117
4.56376
6.33054
9.28536
14.034
4.85571
-0.485923
5.55901
7.37288
2.42705
15.0408
4.78512
14.0054
7.01324
12.9339
10.6256
13.0292
10.9546
5.79683
11.6208
15.8782
8.44766
8.94
5.57504
13.3133
2.36726
3.42683
7.4642
2.20142
4.57989
2.15092
11.3723
7.38258
7.59144
0.136025
10.4949
9.86193
6.94482
9.06067
9.67927
10.0571
7.03234
12.4543
4.84022
5.9479
8.78954
5.80068
-2.84858
3.78897
6.04602
4.54202
6.70859
3.11056
13.9063
10.2971
9.8171
9.1214
13.9315
10.5168
13.6808
1.47538
9.25974
6.2227
0.542032
6.41189
6.5764
6.73062
10.6397
7.01641
6.58478
1.10743
11.1004
3.96449
4.48338
7.90232
12.7387
5.51415
9.99783
15.9566
3.28449
-0.628335
6.36393
3.31349
7.15826
12.3973
9.64014
5.21614
17.1519
2.30416
8.21854
8.85077
4.08146
7.36185
12.4399
11.2855
2.36021
6.84881
11.8622
4.42789
8.70191
12.2798
5.735
6.59148
10.7102
2.15424
11.0483
9.41544
3.49958
10.6588
5.33141
0.743042
3.92217
8.62711
4.08371
6.00029
8.0146
8.94147
9.13162
-3.25232
7.14438
2.52918
6.65987
2.76978
1.92014
9.67614
7.03103
11.751
6.60895
8.21381
10.9093
10.9181
5.67099
5.23843
2.81757
2.7516
8.14461
1.89487
7.42441
0.522081
6.88469
5.40308
8.27486
0.699068
5.98788
2.74995
5.13011
4.36465
5.68219
8.31045
13.9444
6.36541
11.656
13.0154
-0.212137
11.8196
9.16175
4.4477
7.15465
11.2734
6.57267
10.5816
5.91302
0.319591
4.7385
6.85802
6.61179
10.6905
3.89649
8.59507
-3.15345
12.5956
7.36494
8.33425
5.01992
4.12784
10.7554
5.28775
3.98043
6.03473
10.1231
9.05128
9.98283
10.2688
9.50946
-0.530894
2.3177
7.13222
13.2168
4.62973
2.98792
11.707
9.83426
6.73654
3.95216
11.5984
4.3305
9.70369
10.525
1.70028
1.77811
8.92794
7.13059
5.14443
2.82389
10.6498
8.36792
7.27714
6.70455
5.63637
16.3853
11.07
7.08549
7.64754
9.74396
2.1607
7.72172
3.12125
-1.4138
10.1743
2.54343
10.0857
13.9383
13.3898
6.36538
4.55989
5.27543
6.33039
2.74733
7.37502
12.4223
3.18012
2.09844
6.81549
5.59611
5.43447
9.66657
8.68093
10.7851
8.67077
8.13471
9.08163
3.82937
5.76657
13.2827
11.4174
8.76581
5.26005
13.2049
6.39294
9.35262
1.63881
6.30712
9.16019
6.30115
12.9451
8.21247
5.64
5.77181
14.906
11.3425
2.74561
9.48144
7.59717
11.6582
9.90856
8.57454
11.9653
8.00724
16.3249
7.02564
1.67905
6.36143
5.66362
13.3023
10.0013
10.291
13.7473
7.56155
5.40577
4.24698
1.76014
6.51729
4.66438
7.25019
8.98018
12.8767
11.8448
6.76117
6.67885
4.15569
-2.3884
3.55364
7.39326
1.26863
5.09461
9.92954
4.51426
5.92696
9.91214
6.67085
8.94292
7.73292
8.40118
1.15824
7.42497
9.4715
10.2101
5.47966
4.61415
14.1214
11.5248
5.41557
2.0409
12.7869
1.81989
11.2665
3.21796
5.32601
3.52014
11.9825
8.00702
-1.33972
13.1792
9.33731
10.6077
4.07462
5.97427
5.06117
6.426
3.89009
5.42382
7.51414
16.0543
10.704
12.5098
4.48706
7.68565
4.16131
10.8377
2.68538
3.75856
7.9589
6.50009
5.53735
5.22696
4.93769
10.7535
13.7537
-0.899311
8.2701
9.6135
4.92142
5.6407
-4.68015
5.62575
9.06887
4.89589
8.56579
5.53474
4.07874
8.2587
7.396
6.70017
7.48016
7.05902
-0.736907
8.77829
11.6235
7.9491
7.88978
5.05662
9.83908
15.6134
5.10034
7.23761
10.7384
6.87521
4.08984
5.77551
6.03075
13.2547
7.07721
10.9095
10.9047
-1.57793
7.2841
2.43272
10.1284
5.38703
10.7101
7.32773
12.3491
12.391
-3.88281
0.806059
9.76642
10.4606
11.4219
6.91896
6.9503
8.53056
4.24544
8.64247
4.32501
1.12311
-1.52547
13.2721
7.48452
11.4243
6.87115
2.55662
9.17686
5.10052
10.8506
6.66247
1.50419
5.02615
3.44404
4.00928
0.399211
19.1284
8.03174
8.38164
8.44838
13.8437
1.53444
15.6296
9.19365
7.20708
9.85946
10.463
7.37044
3.73271
4.70765
10.9974
7.32151
8.12452
5.57667
10.0738
6.31321
3.73636
10.7629
0.771363
5.72006
1.58525
3.0194
1.92658
8.72062
12.5862
13.9057
4.20228
10.1429
8.0497
8.80058
7.74748
10.9085
8.14653
11.468
10.1333
11.8699
8.79704
5.15957
-1.8004
9.94554
9.82585
13.013
5.92222
-0.807555
9.33404
3.18447
1.90468
8.23189
5.78811
11.011
6.96003
15.7637
11.2853
4.44668
8.02597
7.59412
9.89231
3.23595
10.1187
4.45551
8.62423
7.09509
1.66892
1.88775
9.29835
1.18569
7.73408
4.70533
4.77193
9.12729
10.3612
11.8236
13.3306
8.46168
9.37687
11.4846
8.0649
3.68666
4.31377
5.84473
6.77078
4.19365
7.78348
10.1487
4.93267
3.70654
6.64717
10.1578
14.2113
-0.725088
6.03267
3.18748
7.30213
7.35512
4.34655
9.78479
10.1705
6.96668
1.05647
7.16205
10.0921
7.26933
9.21494
-1.51854
-2.05262
7.12478
9.21002
7.70651
7.01753
-2.54738
10.795
15.5414
-1.86267
7.04291
8.02261
10.5558
-1.93166
1.96232
10.0675
6.68453
13.7473
9.76366
7.38477
14.7836
4.19708
8.64031
0.58513
8.85493
3.06192
4.53862
6.5014
7.71233
9.88938
8.80975
6.40492
4.22668
9.59441
7.55489
11.3021
8.06765
4.86005
3.73812
2.06922
4.32397
17.1327
4.53633
4.13928
2.73233
8.931
9.08662
0.273867
10.819
5.75174
15.6738
8.16321
5.99366
2.518
6.27254
7.58153
8.46825
5.63144
5.43593
3.7659
-1.92408
5.53558
9.53809
14.4008
5.82792
4.8639
8.52928
8.3611
11.0944
9.08208
3.80115
6.53962
2.92706
12.4174
1.40677
-1.70407
11.402
9.20792
12.8216
9.67138
6.37009
9.90186
9.35231
16.8563
4.40454
11.6913
3.97353
11.1794
12.6495
13.3661
10.5313
7.03731
3.88058
6.84187
8.33434
5.70356
7.56904
3.2847
5.55288
9.35515
2.51515
10.7587
13.5592
12.175
-0.661227
-0.58109
6.07615
3.85065
8.85963
6.59017
10.914
3.69361
4.66916
4.95074
9.48522
14.7602
-1.88139
10.6216
7.87367
9.22015
6.47158
1.80101
9.72232
1.79989
5.97941
13.4529
-0.805963
13.0818
8.17971
2.32345
9.4603
8.55029
17.2549
8.72288
-2.43951
2.56737
4.74683
8.34122
6.16389
12.4274
-0.802199
7.36796
7.87499
7.01297
4.43676
11.5233
4.1393
9.79068
5.55715
7.22101
2.79225
14.0689
9.12962
8.4519
11.539
7.87661
11.147
8.47964
5.2527
10.4625
7.12233
7.70832
10.8121
8.77734
6.63017
7.6782
12.0803
8.63198
6.79175
4.53144
5.60065
5.03399
7.30846
4.27974
4.16861
2.49998
8.77295
8.87596
4.46997
8.77855
4.60861
5.23138
4.37095
-0.909444
2.51998
10.8735
5.66311
7.06967
9.61345
9.61865
9.26164
3.55951
9.70223
15.845
11.3588
12.809
7.13646
1.71251
4.34966
4.98364
3.89349
12.3972
8.81712
5.19597
10.0428
8.11177
7.39851
4.88382
5.46971
8.1365
-1.27132
8.54197
9.69364
-1.56231
7.65563
11.0012
8.71151
3.84514
2.96788
10.2172
7.11242
7.31687
2.29262
3.74165
-1.2295
11.1706
6.60493
4.20954
8.25358
2.85355
4.81077
7.81391
10.9714
8.92303
5.22739
1.05466
8.50177
7.17777
6.0251
5.53407
9.17019
-3.23886
-0.611097
11.9882
13.9662
8.17869
9.89944
5.05173
-0.299941
10.4491
8.29585
5.72247
7.16399
4.46112
5.54876
0.817093
11.951
7.11545
6.07248
8.63966
5.41057
7.44579
5.84993
3.36854
11.6085
6.06745
10.9875
8.94255
8.13733
13.3927
0.714881
8.40959
19.2155
11.5305
2.85614
3.16911
8.98231
2.43961
3.60752
9.70543
3.70681
9.07785
9.8148
2.36803
4.62763
6.21085
2.11874
6.19193
10.6736
8.42772
0.726644
6.54005
9.09907
5.16044
1.56538
7.67715
4.4678
7.62029
7.70094
11.9339
3.58626
14.9695
-0.0476702
13.205
3.1135
10.5465
7.75821
11.6918
13.0403
4.40146
7.01478
13.5108
7.28109
14.5319
7.98518
4.92776
1.56366
2.75297
7.14122
12.9158
13.3469
10.7186
6.76882
6.02439
4.83933
5.48117
10.5964
9.82621
16.5353
2.21447
3.93358
13.8772
14.9938
6.06005
5.71402
8.44669
6.80648
8.98446
8.05034
4.51641
2.66359
7.61971
10.4274
9.69293
9.29696
2.48935
6.54554
6.92689
10.0389
5.62726
-2.26313
1.61627
3.75158
9.45421
1.76404
8.17916
6.4936
9.22365
5.93225
8.78222
8.43132
9.48996
3.26131
8.61259
6.93727
7.07491
7.85843
7.26612
9.33873
7.7149
6.29379
3.97794
2.26502
10.9575
11.7577
7.5577
8.86563
9.80933
5.83602
5.25578
6.69487
6.99314
7.36634
14.3018
9.75266
12.5474
6.04558
1.23616
5.16432
14.9845
8.96441
5.46942
4.49348
6.96633
10.3639
7.60299
1.31843
16.0081
8.52542
4.22843
0.864263
6.09325
6.93088
8.28811
7.7291
3.92015
6.63439
5.41208
4.77675
3.86309
12.6012
2.59023
1.09422
8.79752
13.7006
8.72574
-2.13101
5.83134
9.67787
6.31733
0.948062
8.7839
2.70746
9.1758
2.52405
11.0384
4.8535
1.76295
7.48373
7.86545
9.85991
13.3347
8.05038
5.31598
6.03743
9.94101
-0.447282
8.50614
6.05612
5.42663
9.96055
2.31502
11.182
7.52539
6.44517
6.30198
9.97032
7.4857
3.77244
3.99686
6.67039
13.5853
6.29749
5.67268
4.97122
4.61187
8.41833
8.46759
12.1014
14.1586
8.06881
4.05913
11.5295
0.906465
6.54489
10.5473
2.93078
1.88352
0.765688
10.0821
14.6297
-1.4326
6.40684
-2.43392
9.36626
5.75991
9.34257
5.00353
8.06571
3.09862
1.71211
-0.224243
4.00601
5.04261
1.29525
8.12262
6.12358
13.0844
16.1975
12.988
18.9562
4.81667
3.38285
10.9196
5.99305
10.3131
5.64178
9.1123
7.4035
8.2451
6.00578
4.72557
0.838598
7.62959
-1.63993
11.3415
4.24793
16.7503
6.70822
6.12312
8.60531
-0.716082
6.43342
6.37863
4.4862
12.6769
8.64132
1.6847
11.4392
7.03886
3.92129
12.3801
10.6706
13.2275
6.08169
8.39009
6.50828
2.45932
9.55551
5.36263
8.29471
10.522
4.62203
6.14103
5.89125
7.70886
2.56121
-1.27877
9.79492
4.12605
6.74588
7.87116
0.0711372
7.94192
3.75942
9.88379
0.778679
4.02833
4.04796
11.3715
10.3032
6.43371
3.39156
17.1486
-1.63798
7.07722
6.11348
9.21888
3.217
4.81073
9.78512
2.39524
8.39241
1.93335
7.41964
4.30557
2.64394
7.76201
11.245
6.53145
5.02264
10.2415
4.7089
2.23726
9.69247
8.04056
-0.69607
0.628008
5.38586
6.13063
10.7313
3.91012
-2.23464
7.26675
11.544
8.16166
2.01805
8.24959
8.13004
8.48644
16.1136
8.24212
7.68286
6.91763
15.1824
1.45467
1.53942
6.38272
6.16598
4.40725
4.64918
2.64172
10.4865
11.2854
8.0887
4.3546
4.02863
4.82073
6.14176
11.6761
8.51809
9.0619
5.41938
3.06352
4.70558
6.86535
9.79856
9.62612
5.44368
9.95582
2.39937
8.63826
13.0325
2.75109
9.63466
5.6382
2.91196
3.73335
4.87243
3.31757
8.06087
4.57059
10.6394
4.93419
11.9955
9.87997
7.65102
3.86132
8.82285
0.126254
8.10587
10.2051
4.5246
6.50723
10.8506
8.76237
5.86606
-3.81293
4.82758
11.0768
6.45139
5.20887
8.02535
7.68558
8.84892
7.51754
6.01876
7.6211
15.1498
-1.55733
10.5616
0.087242
9.17881
8.39726
7.51632
6.5559
5.69902
13.4619
9.30834
2.71479
7.63158
3.48095
3.91662
0.698629
11.5933
8.27889
9.4787
-1.65513
17.3474
11.1278
8.39888
9.10964
10.8748
13.9607
4.79525
13.3754
2.23992
11.3177
2.72035
1.31972
6.36607
12.6273
1.2976
8.79849
0.789536
-1.63276
4.37315
5.60006
10.1497
15.1407
12.8277
11.2523
-1.55248
4.16389
7.56882
11.7189
11.5974
8.8937
11.2764
13.5333
4.64059
3.64507
7.52484
9.55456
2.3961
2.80243
11.5813
1.21479
4.20694
2.99707
9.77039
8.53247
6.2806
6.27644
9.47993
7.82044
-1.25265
4.05364
10.6437
5.69737
7.29819
10.4662
11.1444
8.87297
14.1727
15.3713
6.72813
8.00074
9.12456
9.02565
7.39468
9.32875
0.747975
10.1071
6.87567
3.6377
10.0141
4.22917
11.7428
15.7209
15.1709
8.00782
11.9673
4.71819
7.43128
10.9736
7.74631
0.0733542
11.4412
3.94541
-1.70031
14.0956
5.3917
7.05608
1.7341
5.6699
4.75529
6.79198
1.55453
13.1102
5.26142
2.59623
7.40134
2.28359
4.23395
7.90239
8.63204
5.42337
7.28036
2.51226
2.02163
11.8423
3.07349
2.21549
5.71698
9.40153
7.74717
10.3038
7.40875
3.84104
9.0132
9.72031
2.73766
5.9403
6.7079
14.1778
5.20646
9.60441
6.92469
0.764132
4.25849
1.50759
4.1261
5.69991
5.44752
9.34265
1.7561
0.0697672
11.2437
11.1443
9.58484
2.2042
1.93516
8.46002
16.5416
-0.880927
2.94035
4.77025
-0.282344
8.10895
8.93581
7.56801
3.61736
-1.91486
10.275
4.64781
5.28697
4.94336
7.49774
6.24735
13.2274
10.4173
1.58254
16.0355
11.6032
11.2723
8.87318
7.43926
8.04179
5.16349
8.33421
10.6136
1.51224
2.40946
7.87509
4.27078
11.8855
6.0138
9.34436
11.3723
9.42872
6.87474
4.42439
1.41
7.88644
13.0713
1.83008
0.498912
15.0864
9.08856
8.12962
9.36824
7.02525
6.52641
14.2677
-3.44524
12.8437
3.38004
4.6492
11.3883
6.85815
15.2517
7.35282
13.9029
2.53062
2.98754
11.4862
13.1101
12.5313
9.12881
5.33295
6.16269
4.2496
5.38778
14.455
8.40847
5.45287
13.8195
10.7357
7.69316
-5.00931
4.70178
6.47953
9.96136
3.97671
4.52857
2.25136
8.26135
1.53508
9.58033
3.89967
2.34148
9.46487
4.24106
11.1646
7.93539
8.36715
1.98324
8.45663
7.19488
7.64847
10.4529
-0.812257
5.04538
4.83491
1.03736
10.4765
3.63662
10.9703
5.62165
11.2394
7.65806
6.33457
7.25553
4.75049
5.11152
7.31936
6.76886
9.27954
5.66315
-0.0395542
2.83624
4.14473
8.9351
5.12273
4.06514
10.9029
5.47019
11.7236
11.0533
2.47071
8.31749
9.94129
13.7339
9.04219
7.93746
6.51075
2.59865
1.31381
0.477891
5.82672
6.21836
9.04888
4.84436
12.4238
0.387793
5.46646
12.4875
9.00768
8.60853
4.47589
11.6126
14.8192
13.5719
6.54176
12.5051
5.36503
10.2759
10.9267
7.70732
12.4275
7.90304
7.14126
10.0353
3.70298
7.79599
10.0502
3.16888
1.8404
3.93055
7.02267
5.05354
3.64888
5.06137
10.1186
3.05239
9.96921
8.32827
6.1953
6.7799
7.51276
5.5549
11.0279
9.09558
12.5325
4.81654
12.9251
2.36833
0.496573
4.59954
7.9264
10.1216
4.99933
-0.632925
6.54764
6.53591
8.5329
9.45539
6.40857
2.95825
5.98653
10.2545
-3.25422
12.2586
9.17147
10.1745
4.27797
0.844017
8.18538
5.69779
7.30932
9.92739
11.2744
3.47016
4.20056
5.83553
10.0632
3.60711
-0.584589
2.71928
6.26595
8.27378
6.77777
9.08266
6.37291
5.26785
3.00342
3.75881
0.814779
7.66294
9.13645
2.52935
7.71113
4.86348
13.9316
6.20061
4.03743
4.01571
11.7557
8.95227
1.77635
4.446
15.0077
0.105916
2.89557
15.6372
-1.03009
0.532874
4.76424
7.96825
3.919
9.36629
2.59455
4.4964
5.99035
1.40595
11.0813
3.41667
4.85935
14.2095
2.73626
12.3166
5.19053
6.1182
9.00009
13.4436
13.8266
2.1579
9.97006
10.7762
4.62252
6.63787
3.1329
15.0379
9.65169
4.82979
3.39321
8.61697
3.4316
4.84177
1.75119
9.11021
7.07375
12.1288
7.0045
4.38237
-0.785302
10.5818
10.0589
12.1217
6.70399
11.1903
13.6385
3.29352
10.7168
10.3039
4.78139
8.33488
9.85064
8.3279
6.0023
8.69795
6.26742
6.6303
11.2599
14.5998
3.41587
11.0929
9.00815
9.81921
1.96197
9.50246
7.32307
10.511
7.08247
1.37666
2.01365
3.06199
4.02437
-5.03919
8.13436
-3.85481
5.56493
5.26599
5.40039
8.55984
2.62
9.99856
1.85842
10.5741
6.69756
-1.84716
0.118005
14.8784
13.494
7.00781
2.57825
8.94601
6.20977
-1.44805
8.19371
9.66076
-0.444039
8.80436
10.7551
-2.11585
9.96806
4.88405
14.2128
8.38206
8.14898
3.60299
7.79437
9.88316
6.42022
2.60888
6.50633
3.9361
7.91506
13.6152
8.19816
9.46146
7.13764
5.32537
12.2782
4.15053
8.56796
8.67547
7.00901
6.6223
5.88778
-0.742468
10.8707
3.58892
3.19029
8.15253
12.8244
9.76528
9.98324
6.49148
7.48867
8.92357
8.87205
11.0279
14.6478
4.56002
3.86949
5.72425
11.8368
0.941547
8.08979
9.7711
6.17415
9.9713
8.29516
11.7087
8.19626
-3.89725
4.79879
4.50135
4.64292
9.30192
5.27728
2.91782
10.6641
10.7539
13.267
6.56594
14.2108
2.96742
7.11315
7.67
-1.91349
3.59677
7.69747
4.50344
8.14524
2.6558
3.70334
7.75892
2.74399
6.99011
6.92679
6.35368
3.18824
9.48482
4.84072
-2.99854
11.7045
7.12841
12.4311
4.64649
0.898131
12.3717
0.780874
-1.2593
5.09646
12.6316
8.9073
7.07231
9.76798
11.5528
11.642
9.69408
7.20676
-4.95223
5.7041
4.11863
5.96068
2.32228
7.98961
10.6159
11.1155
9.28861
6.98706
4.21922
4.15086
17.7007
8.33943
15.3847
3.81309
5.01306
11.1756
4.45233
11.6634
7.35531
4.61882
4.75251
13.8641
13.7659
11.2134
4.60802
1.90407
13.6608
1.39683
6.45492
13.4487
4.77825
11.9876
10.2318
9.99025
6.13673
4.24298
1.38622
14.1971
2.57844
10.3546
5.23598
4.47108
7.67733
5.8555
11.9336
4.86876
5.97963
5.19649
10.7197
5.50824
5.16551
4.13877
5.93441
9.1434
11.5151
10.0163
1.01924
-0.177933
9.09064
2.60963
5.34183
14.9138
10.9889
3.9853
12.6163
10.8893
2.90504
13.3766
10.5375
4.76256
12.3557
3.07906
12.6085
3.06587
6.03011
6.42134
8.51276
3.15534
3.83528
7.34522
1.45295
2.73962
5.1163
4.4292
10.3392
8.81918
4.41838
10.5919
9.71576
6.03339
7.20186
4.09373
-1.09372
0.346982
8.02802
6.75991
4.11164
4.03532
8.42707
7.759
12.9777
5.38695
11.9848
13.0446
12.4449
6.25747
6.56857
0.102346
10.7283
7.30541
3.53849
9.27632
13.9158
8.8425
4.32519
1.57316
4.1063
4.22881
2.28835
9.13562
9.18898
6.84587
3.62222
7.33914
7.45248
9.15034
12.4193
3.96383
9.67222
8.91737
8.86841
3.12586
5.17431
1.64204
1.85205
5.52159
4.8666
9.15803
5.78193
11.828
4.26133
10.2089
9.35103
5.09258
3.30832
2.32979
12.5315
7.56586
13.711
1.18117
9.77832
3.71128
11.123
2.14002
7.09598
6.95889
4.06065
3.10104
8.94706
0.35853
6.02723
9.42095
11.3677
5.606
-1.66787
6.96911
9.71368
7.77874
6.1761
6.14213
9.49679
10.4841
5.2022
9.17071
7.65809
9.71848
6.12404
6.81652
10.2666
9.47581
8.99871
7.20076
10.6519
2.3587
12.4486
13.9424
13.5767
10.0563
6.69462
4.61686
3.99621
5.00324
8.53996
10.1765
4.32768
5.60657
9.43225
2.42381
12.493
12.0128
10.3329
5.64924
5.71076
14.6641
1.88661
7.94845
5.86698
8.3072
5.18152
0.698996
11.8436
1.38249
5.90512
8.81595
7.78289
13.7797
7.53716
7.66467
11.495
8.80005
8.56409
10.934
1.00268
4.04372
7.69844
6.6365
7.21201
5.57402
4.09505
12.0713
0.724991
12.8621
5.70957
6.10647
9.55453
2.20325
5.61187
12.0033
-0.809088
7.78303
6.90752
10.6097
12.2899
11.1471
9.73803
9.37393
12.5301
11.7876
6.57466
10.9069
0.678237
3.29362
13.5339
8.07571
7.07441
2.51078
8.48245
1.85486
4.1068
7.71519
8.84691
14.7952
8.08395
6.38242
6.4031
1.5647
1.1858
12.106
13.282
9.93908
7.24385
8.5531
9.75742
5.6196
6.45954
5.96596
11.5269
6.93052
1.92843
9.64744
8.9252
12.8547
9.8288
0.681945
14.7471
1.62256
6.26564
6.55668
5.68673
5.92004
14.3662
5.78088
4.83941
10.6266
8.90772
4.04498
10.1074
4.07184
8.82543
7.93764
8.66452
4.71976
7.65646
1.4353
1.05768
6.81963
6.76597
8.88204
10.3102
0.688301
6.10884
7.49519
7.98445
12.2548
5.58647
0.0494316
12.4564
4.10908
8.6351
4.9709
0.556026
3.83679
7.05757
4.9324
7.55819
7.08786
8.3861
8.65812
6.84173
1.75263
9.88551
11.126
-1.29014
2.34252
-4.45063
13.8823
10.1509
16.5485
-0.631384
12.0569
0.845755
7.35435
9.85293
8.19388
7.61435
9.64997
6.2171
7.96518
3.15255
17.0642
5.63285
7.70408
8.94322
4.90277
4.87077
4.49992
4.5907
9.17502
2.04783
9.54775
7.73682
10.8429
6.86274
11.9543
10.3403
11.3794
4.59936
3.10808
9.32406
10.6333
3.99605
8.79027
13.6355
1.87712
4.48462
4.3488
5.50789
9.42412
3.34821
6.18304
11.7068
3.53295
3.49676
12.2659
10.6044
3.17922
6.92295
7.92951
8.21634
11.4863
9.57597
9.81993
10.9019
0.944601
13.4136
7.38148
6.48453
2.78417
4.23405
5.197
5.7678
5.77656
11.3892
5.81397
3.21687
7.65482
2.34797
6.97389
3.52139
4.85067
3.8557
1.56747
6.69996
2.97136
3.70056
9.35187
7.93196
10.3668
0.0514496
10.6873
4.14685
4.22091
0.423545
9.08978
4.58934
8.31592
8.16064
7.07984
10.4109
9.06225
2.84209
8.62146
13.4568
2.40356
7.4686
5.68068
3.66977
11.4893
7.33673
2.67278
10.4293
10.117
6.714
9.58266
9.02419
6.14722
9.60438
10.3364
1.86483
10.0372
11.4426
6.09311
13.1901
0.648315
2.67489
3.52894
5.53693
-2.96246
5.99961
3.92473
4.84711
4.39698
10.2132
6.89998
8.7645
13.0237
-0.783478
0.333044
8.25481
6.6936
6.33229
9.56235
5.64837
6.48627
8.60951
7.22152
7.6931
3.2998
4.70769
9.78528
2.31419
6.48009
-1.20621
7.65857
8.14824
0.467615
12.3911
2.16211
8.66507
8.85
11.1196
5.02736
6.24971
8.43693
18.014
8.80262
3.99636
11.2609
1.72131
4.86005
10.6942
7.90992
7.38323
6.23987
11.8048
6.565
7.84211
13.2591
9.73544
9.07078
10.8006
2.99897
8.89483
0.969013
5.72696
8.78125
12.1662
5.88107
3.9525
4.78943
3.97272
12.0992
3.14574
3.73421
11.2801
10.1552
15.2988
3.27193
6.38168
8.2906
5.56262
0.136802
3.15024
6.74908
7.26791
7.22243
12.2516
4.18929
10.9353
4.26491
9.84848
3.95232
7.19327
11.3893
9.29937
2.73903
12.4963
8.41681
2.19037
-0.222179
8.98823
6.79892
9.26683
9.73003
7.98737
6.10366
6.04223
4.34585
4.60421
2.36724
7.90349
8.02064
5.63418
1.82257
2.4822
3.1811
3.37012
8.40492
1.60418
3.90861
7.79361
8.1807
9.79832
3.87066
5.96759
-0.254774
6.27498
8.57611
11.7887
8.12513
16.4302
9.99943
9.76537
6.34373
4.16975
0.1875
1.19035
6.45163
5.48014
13.3632
11.0959
-0.389348
8.36171
6.30685
11.0341
12.7613
5.45992
9.0746
11.6057
3.90801
3.78865
4.48592
10.2982
6.43819
8.65241
2.33641
9.07286
1.99234
11.578
17.7347
8.49432
15.2829
2.75069
8.59912
9.8196
0.70906
1.29555
12.0357
8.28948
8.17011
9.69606
-1.77919
4.88702
9.51563
9.56647
10.709
6.35747
9.28833
6.32547
5.02349
3.24353
6.49502
7.37165
10.6842
11.7922
11.8782
6.84104
5.00952
10.0878
10.5774
11.9976
6.94101
7.30535
1.96512
17.0308
7.94005
9.75341
9.83991
4.9328
10.478
6.62066
5.20824
7.05291
13.8011
4.84546
1.97689
1.10802
1.69392
1.59355
12.1816
10.2821
9.6575
0.70658
6.1407
6.85753
8.94408
13.0334
5.9383
8.35242
3.99199
2.54194
11.431
10.1004
0.506062
14.4836
9.96428
10.1661
3.37372
8.85168
6.47395
-6.61526
7.91967
1.64526
7.73253
6.58742
5.26917
6.97123
7.63799
4.4794
10.8577
5.99387
13.1462
14.8215
5.99348
5.83928
7.39954
7.13927
12.3624
2.05659
8.76121
9.14434
5.94548
2.12938
6.10464
3.62296
-0.518072
8.93836
0.687097
3.12622
13.8835
1.98357
12.0361
6.17193
6.83313
12.8661
9.07661
6.0322
11.4305
13.8311
9.78631
1.53135
14.7711
3.97453
6.08512
6.48948
14.2778
8.93574
3.92569
10.0265
2.28415
10.6505
8.9578
12.1396
7.96541
6.86498
9.09407
2.58646
11.1655
10.3508
1.33016
2.79052
6.45805
8.43319
9.46944
8.63036
5.65192
7.42064
4.16658
9.38989
8.44022
11.852
11.0429
1.83825
12.3303
8.98158
5.84236
7.91945
2.36573
5.6272
9.8631
0.168404
-0.120841
8.05322
3.22418
8.20174
-0.690319
6.63135
11.9524
8.00044
4.26607
11.5157
5.17112
5.21096
6.43212
7.64026
10.2649
5.66767
17.1854
10.6494
9.46304
5.74476
10.2335
11.7946
5.24615
5.98343
8.52012
5.463
6.1376
9.88423
7.98693
14.2627
6.31642
11.0987
14.6394
7.33945
2.93079
7.81621
-2.99146
14.1052
6.79989
1.51157
11.79
13.1462
5.05597
10.1604
11.229
7.77859
12.2454
12.1263
11.1865
6.43174
7.32751
8.04467
8.09552
10.6488
15.1051
4.2835
9.27988
15.9093
8.66838
13.3791
5.52486
10.1374
11.104
7.05526
5.52517
2.10243
6.17174
7.97907
6.26335
8.222
-3.03774
1.40495
1.47396
6.63476
10.4996
10.5677
6.46857
8.48074
2.80483
7.23091
10.4746
11.4742
2.66425
7.30683
14.3174
7.92335
7.86225
-0.420403
2.04553
0.697102
11.8795
8.45982
9.19528
10.0126
5.2309
4.49122
7.98731
14.5903
12.7723
11.5099
4.22378
8.04468
8.59933
6.09794
3.87635
4.64339
13.0884
5.0531
10.376
7.16656
10.8492
1.52607
9.93367
14.3409
9.91642
3.33667
8.59425
3.93527
5.96586
10.4879
8.82308
8.52957
9.70822
7.83555
10.8988
10.2567
5.88179
12.717
13.8544
8.76237
-0.579599
5.47306
6.47121
17.853
3.02877
5.51656
1.29929
6.85169
2.93871
1.41054
12.0897
4.21036
4.77462
10.7837
7.33282
8.15392
-0.482493
1.51326
5.60905
2.97172
10.3487
1.44251
8.27632
4.8686
8.66271
5.91529
4.40619
6.28395
8.90662
4.34518
6.71615
7.54546
8.25224
7.06546
8.92206
4.553
5.49862
2.43522
11.6044
4.98581
12.5161
7.3551
2.10274
8.0636
6.97848
6.91875
-0.364958
3.52264
11.8572
7.05913
5.14452
5.9135
13.5817
4.67824
4.76698
10.5471
9.33684
6.06079
9.08438
8.42508
10.285
9.21036
9.75314
3.49026
6.57682
7.64808
6.51508
6.90426
11.9374
3.55622
16.7369
10.9555
5.09641
6.10884
9.53713
3.02812
4.4708
3.84462
3.80577
1.8724
6.58805
7.88288
9.00203
1.56318
11.7026
12.4316
9.80662
9.7454
7.4767
8.19909
0.731399
6.2879
-3.65268
8.71659
6.89429
3.23195
3.27539
1.80825
11.9809
6.34442
10.1024
5.97635
4.16357
-0.0836169
6.82658
3.43251
4.38267
2.11404
5.01086
0.179537
2.75907
2.6022
5.16329
9.05061
4.68547
2.75887
5.76766
9.10967
15.0018
-0.314219
11.4543
10.6778
6.0843
5.50707
7.26785
1.09788
0.580539
6.48288
5.77613
8.83767
3.37668
10.4294
14.6254
7.10733
7.81741
5.57883
8.72588
4.53632
6.48963
6.94354
5.0297
10.993
11.6661
8.49486
8.52285
4.57665
-1.69626
5.45292
2.90813
7.64158
3.72399
10.8764
14.7572
7.35482
1.66784
5.47529
1.52263
8.75362
6.64667
9.64517
8.96764
6.78699
7.11924
9.31732
8.86828
5.06154
6.67296
7.63462
2.90337
13.8563
9.92455
5.67591
5.27873
5.6052
16.4536
7.43361
4.01206
9.01236
4.40029
5.21966
8.4434
6.1557
7.01504
3.87385
8.36757
8.02443
6.09238
14.99
-0.600408
12.9996
5.07154
11.8547
6.48703
3.44584
8.25588
4.81525
4.12751
3.78126
3.03835
11.444
4.72872
4.37285
12.6349
10.4273
9.65057
8.11899
5.7538
4.23193
11.3802
5.30762
10.8642
5.32751
9.99806
5.11051
4.19787
10.4835
8.9352
9.02031
10.8516
10.3898
9.35413
7.74514
5.79245
8.27868
8.376
3.10103
7.34732
11.4942
4.59802
10.0115
8.23461
10.6653
6.27494
8.57474
10.1141
2.26957
3.17485
12.7822
10.3788
9.14352
8.30906
5.05977
9.67778
14.2793
8.91064
1.76685
7.82046
4.41462
6.15669
7.97898
9.6974
14.5081
7.27496
2.81012
7.5366
11.0601
10.7999
1.81278
5.28041
3.76006
6.77909
13.0561
6.67933
17.1068
8.63523
3.24158
3.40612
3.44945
9.80999
-0.904594
6.06603
12.6904
0.218058
10.0938
12.5082
8.48825
7.56336
-0.0921003
10.1292
-0.726269
7.51273
9.82908
5.06404
6.46502
0.92558
2.46012
6.21765
2.60356
4.97089
9.57589
6.82837
13.6132
7.57365
3.5444
9.61319
7.04709
9.20523
9.30268
10.8725
10.1341
6.43764
0.392372
6.99575
4.23974
5.68699
5.7852
10.2895
-0.484095
7.78613
10.174
9.08017
6.05487
10.0308
4.02239
4.932
7.39455
7.69614
8.89327
2.49413
-0.205356
2.55353
6.63396
9.22707
7.15652
0.174703
10.7262
7.7955
7.37634
6.55863
5.92668
9.77176
7.5825
8.44644
6.97095
6.50777
5.77972
10.7517
1.59504
7.28359
2.10135
7.40359
8.5348
6.05477
7.30504
8.28191
2.69726
9.18379
3.25196
11.3259
-1.37165
0.207944
7.07814
8.6763
7.94004
-0.409674
6.73369
10.3169
4.12032
-0.0806327
3.07572
1.63679
3.40113
9.30725
4.59644
7.02272
7.49953
8.11665
6.1862
2.56942
5.61384
14.9141
9.72033
7.45723
9.34309
9.21946
2.05918
3.85453
10.3151
10.8305
6.13466
6.33405
-0.797922
-0.28533
3.92387
8.25242
2.55242
13.5685
5.64399
8.24459
9.45095
9.90313
5.23081
6.10369
6.1675
5.73042
6.14774
9.30016
10.0804
6.28298
6.22099
4.40841
7.58236
13.74
15.4283
15.3461
12.3765
6.57298
11.2244
11.4983
4.31107
3.11754
5.7266
-2.43183
6.68557
2.8376
9.98077
8.7728
6.05294
2.86684
9.56074
13.2287
11.2208
3.84423
5.13662
2.9295
3.01886
0.277021
7.76383
4.19702
0.591814
5.99224
10.2227
6.20704
5.51782
9.34595
7.2802
4.41481
7.68302
3.77621
3.51852
2.03596
8.16238
6.39161
7.13244
-3.72796
1.98351
6.25995
3.54052
3.67194
7.64181
6.18028
8.23603
2.44095
6.67382
1.20586
5.10441
5.66092
2.48346
10.0151
5.6891
3.90256
4.23473
6.3678
1.1561
5.4984
12.4492
15.0273
8.81156
7.14285
5.92459
7.88049
3.58147
3.15229
4.40218
2.03969
5.34587
4.21514
-2.66267
7.20034
10.83
9.81518
2.72364
11.467
10.8943
5.31001
5.10464
2.54749
5.51271
12.4794
5.86879
5.28558
10.3413
13.6881
15.3779
6.10115
8.96493
4.34474
13.239
9.38049
13.655
6.69489
7.98504
5.48613
11.9038
11.7897
10.8581
1.06496
13.3636
4.94092
0.178819
13.7772
4.98335
4.12023
12.0352
7.78384
8.1072
10.6015
1.98791
12.1025
7.67272
5.06942
0.724361
7.77335
1.65446
10.0719
6.2179
14.2426
7.98542
3.00288
2.66502
9.82013
4.74173
6.55944
0.347809
2.98304
7.34908
9.29614
8.65489
8.0666
11.715
3.83515
11.4949
11.5302
8.20794
1.68359
10.2362
2.15796
3.26497
-1.80999
3.51501
6.46627
12.7156
8.02465
9.31986
5.3255
8.82639
15.1287
4.6988
13.3818
5.22987
8.98186
15.6345
6.79199
6.98966
6.18972
6.03254
11.1054
1.78416
0.719037
1.04076
3.40446
9.22937
13.7044
6.32414
1.72243
3.75728
8.41315
-3.1757
6.4941
13.2584
14.6197
6.61677
6.46368
3.90818
11.4174
12.0417
11.4218
6.01155
8.70664
6.36906
3.91956
7.36636
5.03376
10.7384
7.37833
4.26214
5.12562
8.88552
11.1634
8.79291
5.15237
3.40163
9.02049
8.71687
5.65438
4.62532
3.51397
6.23175
13.1815
3.30229
7.50861
2.72071
4.00639
5.93231
5.59916
12.7265
14.7403
3.00972
6.47501
6.85246
2.64592
6.32431
8.70519
10.6341
-1.17909
7.1817
9.66727
14.1186
9.05117
9.6659
4.41323
4.93684
8.95015
5.14595
10.8994
0.385105
10.139
4.33242
14.6888
3.91416
6.75185
8.06597
13.7156
10.5548
1.14975
7.01065
7.64685
4.0189
7.3576
16.9674
10.4019
7.5748
8.40582
1.58595
9.51029
11.0332
6.38635
10.1667
-1.00305
5.67428
8.22274
11.1686
2.17572
10.1096
14.1373
9.02876
5.60999
5.16418
12.7504
12.2334
10.9982
5.27386
10.0662
12.7395
5.61794
8.34562
4.92094
3.74669
6.70445
9.38857
14.3596
5.79611
9.18436
4.87966
5.65489
7.47045
0.729366
2.4398
9.91365
10.4017
8.77685
7.41253
6.16791
5.41495
9.70877
7.13037
8.59426
17.0155
9.67415
15.9062
9.78326
17.9776
1.86928
7.8194
8.00428
2.37059
3.82607
7.63046
7.6702
0.404728
8.20985
7.23293
-0.631128
2.57671
12.8348
6.56656
10.6971
10.7201
11.9282
14.1667
5.57893
5.99321
8.3474
9.40528
7.53575
10.2886
8.56448
7.46619
9.08562
13.3892
5.59669
12.8162
10.6149
7.49945
4.12867
7.27977
20.3313
8.75811
0.805548
9.7244
7.9264
3.46981
7.39667
6.31902
4.96414
2.20037
10.3456
5.44602
3.73808
2.4865
5.52356
7.01656
7.39383
7.20209
12.4515
10.0236
6.31705
8.69778
12.6854
4.91596
3.52684
2.53477
7.3179
7.57174
0.223916
3.7866
4.74511
1.65638
0.247934
7.55437
2.55192
7.3916
6.61557
1.09602
-3.3921
0.178921
6.03969
2.17839
7.13473
2.47097
4.99052
8.09313
5.64522
5.75888
5.09488
6.39267
4.37328
10.7503
13.2696
11.1002
-0.0886006
16.1056
5.67716
7.88063
7.3057
5.06339
8.6444
7.42543
5.39911
6.48501
8.69626
13.9395
2.65309
-0.0553053
0.304637
2.73566
2.32507
2.66803
17.6138
5.92651
1.53931
7.83827
10.3122
9.61863
4.76011
4.99796
6.96019
7.32359
6.45522
12.2834
-1.13864
3.00561
5.22555
9.43554
3.1554
1.48106
7.91472
7.43933
11.8863
9.43497
2.21065
5.86822
12.8139
11.1867
1.5679
8.77136
6.91863
4.8396
9.80631
4.96959
3.75197
12.0202
4.94367
3.06202
12.2965
10.1292
8.23361
5.3631
3.57121
11.9105
7.85085
9.97926
7.55173
6.79993
8.62646
9.3203
4.12139
2.75948
4.80276
8.61532
4.30312
2.71163
14.902
10.0489
1.76131
10.6732
7.44082
11.0432
6.35649
-3.79985
0.238577
1.52346
2.17717
9.23336
9.38409
6.10104
3.57554
14.4266
5.83559
12.575
3.9372
5.91777
7.20185
2.94071
0.838053
5.2116
-0.209039
11.5178
8.70332
4.22428
4.02293
5.27191
5.80564
7.87695
11.3043
6.30935
-0.430669
3.47872
-2.34141
2.1673
4.91333
-2.85133
2.16816
7.0115
6.48667
9.3689
6.95624
10.0732
1.3435
11.5038
17.8091
5.81978
7.84224
5.06162
8.1459
5.11252
8.10567
11.0638
7.7195
14.2441
8.73077
6.32553
14.7804
8.23633
0.336677
3.65025
7.09527
4.71335
3.18571
3.2217
7.31165
8.6779
3.84655
1.22085
13.6187
12.0295
9.51728
6.32796
9.16616
6.85444
9.16956
4.42385
6.71429
-0.691675
3.34277
-1.13684
2.31093
6.6427
6.53676
8.91115
1.29679
1.60722
4.55512
6.53802
11.9793
12.5784
5.46037
1.19414
11.9031
8.56254
11.408
4.58346
7.08817
3.7235
13.9546
14.5451
5.83179
6.12888
4.76916
9.06425
10.9362
10.6178
9.40223
3.5545
8.49793
4.74856
5.7783
7.01909
5.02017
4.15228
13.4599
8.92
8.48983
7.74264
11.1638
15.9365
7.74506
14.4959
11.6113
9.34477
0.389034
6.73511
9.05068
-2.14715
9.22117
13.5221
6.40155
7.39272
11.0579
8.3581
2.62699
-0.713975
10.1581
-1.39887
12.4583
9.4515
3.08422
6.70274
7.05463
8.61443
4.12824
7.61041
8.76133
3.44222
10.3714
3.14676
7.99576
-0.945419
6.62744
5.24715
10.7125
-0.438636
11.6893
7.72692
3.82033
6.44175
10.1331
9.67116
8.84528
4.17216
11.3719
11.5682
15.5767
5.48949
13.4115
0.170859
13.9934
4.68368
2.01556
7.89621
7.43886
9.34172
12.9688
4.54445
7.18041
3.49435
9.0295
6.66801
5.39371
8.77789
5.15751
12.5045
19.3873
10.5937
13.5402
4.09341
14.0038
6.46561
5.92562
12.0436
7.75349
3.17027
8.20851
4.90715
10.5448
8.61239
6.84083
7.17105
7.1613
4.78312
8.22554
5.69065
5.2096
4.78305
6.16188
9.06599
9.01646
9.31374
9.08165
-2.22514
5.94323
7.04091
10.714
9.00003
6.718
4.98158
6.39108
2.96006
3.16793
10.6317
10.5594
7.3303
6.82104
7.38392
11.1569
4.60882
8.3873
5.67977
13.1929
9.45119
9.90069
7.28882
12.8414
9.7575
8.51667
4.83415
8.45112
12.0809
3.198
0.110277
12.5376
8.74553
3.02889
6.62233
10.2359
8.13367
4.82926
8.70169
3.64839
9.59166
10.9235
9.5172
11.7914
8.86117
0.251923
5.98659
5.79058
3.40078
8.1409
5.96682
5.56536
12.8281
-1.76715
7.11091
10.3075
1.87354
3.64905
6.11585
9.33817
2.86123
5.11319
1.35084
19.1376
9.90422
11.5509
2.93178
3.21399
5.60131
3.78452
10.3787
0.847209
2.9413
2.86771
0.94837
6.12865
9.92255
3.15377
2.65109
8.44966
4.56922
-4.17077
4.70097
13.9679
8.79414
5.26242
7.93127
11.5946
8.37526
8.6207
11.3089
10.5571
5.02193
0.0268613
7.96589
12.6571
11.6335
10.1678
13.9291
7.08222
-1.25361
9.62639
7.24674
9.77105
10.9848
9.04796
7.87809
9.51891
8.92669
14.5577
13.3724
7.20206
10.0823
-0.821142
10.7007
14.4203
8.61596
5.00515
10.601
4.9707
3.15907
7.11263
10.3591
7.2851
9.27662
5.77223
13.0129
8.08373
12.5356
3.60732
5.68803
8.83976
14.3909
7.56671
4.86266
2.38211
3.12888
-0.373113
7.17816
8.36954
9.15456
3.99208
8.95456
8.45121
13.4127
11.5541
8.72187
6.46615
5.63913
4.81893
15.9512
13.8045
10.2257
-1.05251
6.66638
8.89636
4.38408
11.1325
10.7089
7.55833
15.7311
4.52853
1.19915
13.583
8.88578
14.8909
11.4017
7.25103
8.43213
8.47558
5.4993
6.93943
5.9791
10.2431
6.30806
9.39054
14.6941
-0.217705
8.49002
8.93091
8.74798
12.7937
10.9718
15.2499
9.26026
4.43589
7.97675
11.7411
7.68532
6.07226
6.08331
10.7651
7.28831
8.09904
8.67698
7.22502
3.89923
2.97376
10.7609
9.93588
8.73972
1.9504
0.935049
10.968
6.19962
1.99178
6.85895
2.17439
8.1811
6.30219
1.15451
8.41237
15.4278
12.6516
4.65113
11.6108
3.65161
12.8384
9.46634
6.81709
1.50874
11.5915
10.1123
-1.51835
3.15241
11.3983
2.78454
9.23556
7.99384
13.9036
-0.289142
2.15509
9.31085
5.33095
11.1134
15.801
7.10792
11.0697
8.46015
12.4716
10.6395
8.32866
7.91863
2.32981
5.01763
8.60374
4.58247
5.13974
17.413
3.16823
2.4452
8.02545
6.87398
3.56814
10.0648
3.22004
1.58018
9.32688
11.4167
6.12154
8.47797
5.0783
5.51913
15.8675
5.82937
4.19461
4.31792
4.57965
5.0479
15.0123
12.7411
10.1849
2.74049
0.26313
11.463
5.34771
2.26823
11.7431
12.3866
10.8911
12.1092
9.35125
2.16616
9.11426
4.38848
-1.05147
6.41466
9.40248
9.05497
5.47674
6.88239
8.23935
8.22767
8.51277
12.7174
6.59366
7.21017
5.29299
8.61019
2.39018
8.16908
13.2512
14.557
6.58206
9.10266
14.6108
1.4643
2.81832
9.70244
3.11591
3.90179
2.35321
4.61011
4.23215
3.73541
3.72161
4.28036
10.4905
3.6957
8.70258
8.33033
3.24564
8.57178
12.2749
10.4931
6.21635
10.2854
7.77974
8.99514
9.9442
3.34772
11.4265
6.02192
4.91415
10.6296
12.6058
10.5556
11.4758
8.63734
8.12883
3.54714
2.93671
1.5207
9.10979
1.5165
10.0488
7.31305
10.7097
0.384675
4.90845
8.80038
9.09021
4.98854
8.60603
3.23811
1.84485
8.12455
3.83387
8.74746
-1.65017
6.85164
1.01632
10.5619
2.80036
1.61735
12.4341
8.09504
9.41571
10.2445
17.1612
6.74607
13.8197
7.76991
12.9973
10.2544
-1.47114
7.91579
7.91115
5.43896
6.95458
4.35113
3.09286
3.00613
7.11397
5.07716
17.2202
13.1916
10.7086
13.7353
4.48312
7.52469
6.8431
2.46683
8.99506
7.05388
3.4523
7.65387
9.18844
-1.43144
4.77049
5.48737
4.71423
-3.23016
1.36207
12.6427
11.4001
5.87441
5.99604
0.882089
8.97978
2.29929
9.72606
8.80138
9.6484
8.72282
3.32695
11.2285
5.57047
1.47411
7.18095
6.26231
7.74135
4.75714
7.95763
10.823
12.7814
9.92863
12.6572
0.862963
16.1651
5.60732
6.23606
11.7222
7.87221
8.40344
2.12781
3.7559
7.63552
2.27388
8.21973
5.60668
10.702
13.7344
7.22774
9.40439
5.10463
1.38698
11.4384
8.48935
0.140769
8.29506
10.3778
4.61804
5.44477
4.99746
4.66718
9.4823
16.4047
6.1204
2.6755
12.5803
19.4118
7.38784
8.93581
2.6417
10.1548
11.2411
4.54343
14.3097
2.99169
6.41179
2.83671
6.59304
9.86611
12.8934
-4.36914
2.36712
7.47024
6.74918
10.7732
5.9539
1.46486
2.1559
12.476
2.87241
8.76475
5.16109
7.20884
7.28349
9.28479
7.23161
10.1561
3.21447
-3.82855
4.32901
2.81535
11.9914
5.91748
10.3987
7.33093
5.65023
9.65823
5.26041
9.97707
2.72666
6.64548
4.19387
5.87304
1.87683
9.25521
14.3676
8.63496
8.03923
6.29426
11.2618
3.98836
9.87205
6.75217
7.07632
3.416
12.5981
9.76104
10.1632
6.16552
9.47891
7.72334
7.52665
3.25105
9.18921
11.145
0.992935
13.9883
4.68023
8.43986
4.24258
9.76965
3.74138
2.49607
12.062
8.39155
2.59888
-1.52896
5.89174
2.30317
4.13481
3.0477
9.36919
6.41512
0.668738
4.21612
3.63072
9.77921
5.12969
8.22198
7.65064
11.8814
6.9419
8.93116
-0.100419
12.5665
3.9663
7.22635
7.57314
3.76366
7.18607
8.60128
9.93693
10.5123
10.4086
11.5195
5.60259
11.8935
8.23483
7.06991
13.9583
3.54155
8.92804
7.3282
12.7566
9.91572
3.68863
5.58485
9.8556
6.12453
10.6402
9.0368
4.92064
15.5278
13.5652
3.3165
9.78346
5.11036
12.2337
-2.8107
7.3494
13.1291
7.16766
4.74319
2.24103
10.2912
13.192
15.8679
5.42314
10.4104
0.323002
9.13409
-0.230092
8.15055
11.2973
6.85187
8.2584
10.6389
7.09329
3.59966
16.3515
9.24528
9.16615
1.91078
2.40565
11.4763
8.1759
4.66208
7.31628
8.29686
8.38167
10.1256
1.64734
-3.3548
2.67694
0.636941
3.88083
5.20213
7.20406
12.4668
7.73176
3.01795
12.101
6.5733
6.66298
5.66288
8.21456
7.39273
8.63854
8.9748
9.72161
14.9113
6.08277
3.7339
15.844
4.68703
7.22714
6.22428
0.863439
8.83637
8.33695
3.3044
11.3225
3.69094
18.7376
7.95636
12.9215
4.41248
6.89176
8.23522
2.24715
4.57949
8.526
6.93474
9.18329
10.7511
4.27135
5.40624
8.68405
-1.39822
7.36765
8.71182
10.3939
4.83149
4.1759
6.19693
15.3844
15.2924
7.13818
7.0188
6.06257
9.39867
6.56142
5.63057
1.59603
4.5253
2.03077
9.73154
6.09888
4.84274
8.2805
5.9433
2.33783
4.59425
3.67224
1.53444
5.42698
8.81897
2.51564
6.90985
4.00449
1.42557
8.10304
10.8714
7.9356
1.17459
10.8823
3.84361
5.9615
7.2455
5.39363
5.06204
9.07311
-2.72447
8.05959
2.87097
7.31849
6.05926
2.6224
4.74041
10.0247
7.03877
5.70121
11.9764
8.60668
2.38618
9.0633
12.7016
3.75379
12.5459
10.4606
-2.43302
12.948
9.81575
10.1812
4.28456
2.5968
0.0605433
13.182
6.05389
8.74349
6.97149
0.216185
0.0605477
0.921144
10.0785
7.88983
8.85345
6.44115
6.1871
5.47237
3.90908
9.57018
9.43512
13.8572
6.68167
-0.890306
11.6801
10.7808
6.23136
2.13284
8.38267
6.9927
2.26559
6.47282
4.35645
7.39283
4.98563
10.7066
4.0544
2.69851
3.98791
6.51767
9.53298
9.37854
4.56417
4.73142
-2.46871
5.19326
7.10398
10.8223
9.61419
10.3926
12.0708
10.2329
4.43975
7.57459
7.31838
5.36963
7.39023
13.566
5.39993
12.099
6.00134
16.4611
10.1287
1.67674
3.59271
5.70147
8.80487
12.8095
7.80917
4.67704
8.36443
6.08914
10.7044
6.38221
5.91839
9.30322
3.71026
5.50354
12.8991
4.36744
4.779
0.412739
-3.77232
5.43176
5.96202
7.63136
5.65646
9.92789
2.37963
11.606
9.46942
7.23456
7.83678
6.18684
10.6627
0.159422
9.78026
5.81941
6.58988
10.1441
2.90841
8.93716
8.5021
6.17846
-5.75736
8.0878
10.1729
2.28571
-1.0233
10.772
7.11803
6.67782
9.73953
6.92468
4.02492
11.2212
5.89073
11.0519
9.0207
15.6694
6.41333
9.15521
1.0594
8.76939
9.14989
7.75818
5.24497
4.87579
9.39216
4.79573
7.52827
7.57192
14.3651
8.56099
5.29058
3.95028
7.31414
6.99324
9.78221
6.92836
6.81619
-0.381698
6.68782
6.3424
12.0471
7.64531
13.8307
13.1725
2.43669
2.65934
9.18884
5.32303
2.86755
-6.46714
14.1335
5.08579
1.94521
5.81723
11.1329
6.23766
5.21705
8.89499
1.52086
6.31027
5.53849
2.38776
5.09327
1.55084
9.86851
7.50445
3.11682
12.8851
2.14116
5.80993
7.49673
11.0532
7.02254
6.84417
8.57658
8.89227
7.75349
7.64458
10.7855
7.84363
6.55457
10.1828
6.07568
5.69643
2.45789
6.05556
10.4574
12.2381
4.15473
10.2517
5.43951
13.1339
9.04758
5.09347
9.21146
4.46759
15.5919
4.46817
8.54324
2.23302
6.6158
5.55687
9.46225
-1.78446
9.61518
3.01035
4.22221
9.45563
6.51892
6.70222
2.57399
8.13979
7.73613
4.62847
4.18439
7.07874
3.1114
2.36148
5.21124
13.7174
2.25267
4.80527
8.25437
7.07493
0.290297
5.20215
2.74943
10.5769
9.16118
4.5383
9.56818
-0.0949374
9.347
10.5584
2.71329
9.17638
5.12338
13.8607
1.7933
9.72032
4.82407
6.74767
6.31002
2.72861
1.38058
9.98742
2.97778
6.01703
11.6868
12.3108
3.7061
2.67758
4.77188
7.99855
12.2969
5.32986
5.91022
7.78649
10.9756
5.10679
10.9172
9.20048
11.1382
7.92463
6.95941
0.90577
6.33568
12.5074
6.60108
7.85205
9.74486
5.19843
11.5412
9.52518
5.6663
10.5971
2.53845
12.1015
2.88109
7.56599
8.01405
7.68722
6.27263
6.48731
6.27125
12.1474
9.99978
0.800474
9.40263
7.71025
6.48975
1.09176
14.1344
6.86295
7.46175
0.678735
10.2371
4.62363
10.8415
12.423
7.23482
4.55966
10.1204
2.43598
8.62927
11.9258
8.38459
3.31908
5.88541
2.66171
9.32745
3.4719
4.90955
9.93376
9.28477
7.32834
11.989
-2.50768
9.05661
4.50514
4.6183
7.12686
8.09521
7.49684
3.53256
8.24382
2.65227
4.53062
0.721657
0.93126
4.28686
7.16821
8.25622
2.89164
9.91973
8.58686
6.16561
5.35389
16.3173
11.4272
4.59307
6.94428
13.3314
4.73181
7.03867
4.29225
5.52205
4.40062
12.3112
8.74146
1.16711
1.01593
12.1847
6.66369
10.9802
4.79065
8.86335
12.1503
15.4466
8.49993
4.72143
7.8782
7.92032
1.66871
9.2918
7.02343
9.26176
6.31151
9.44426
5.28015
11.5209
2.66284
7.48555
4.39282
10.8205
2.86988
4.747
1.36831
14.5438
6.36926
8.95465
9.42025
5.95489
0.611194
8.71447
6.02317
5.25503
4.32824
5.97661
6.86148
6.22179
11.2585
1.79109
10.5308
2.07017
8.57658
4.90034
4.35567
15.7396
3.22542
10.6567
5.22021
4.88172
4.75374
9.13933
8.0656
3.25592
-0.463143
7.55138
7.71296
12.0456
8.18443
13.3814
10.547
7.83637
6.92791
16.0791
-0.187231
8.52504
0.333955
2.6251
5.76343
7.09512
11.874
3.71692
3.20595
9.85061
11.2843
-1.34871
10.9538
8.06266
10.8169
3.38199
10.3797
7.46169
9.96448
5.38527
8.65925
12.6995
12.2324
6.86931
8.47252
9.05712
7.62592
-0.632992
1.86731
3.40366
5.46095
10.134
8.61943
8.89263
10.3961
15.5949
3.42702
7.08009
10.931
6.89954
0.159088
3.93131
7.2397
1.3677
3.81672
6.68019
5.30427
3.67519
-2.01632
4.35815
6.27886
11.3402
14.7013
8.02531
13.2102
3.15265
9.11695
13.8898
13.5742
4.31147
11.9716
9.41554
6.86999
1.52772
2.30515
5.04677
3.43607
0.759008
10.413
2.49117
10.1863
6.78772
-1.00101
7.89017
8.14749
7.50345
9.23323
9.0827
6.11168
7.54499
5.39503
12.0769
8.58774
15.9745
10.2423
11.9684
9.89087
2.83802
12.9086
10.9418
6.33259
5.57219
9.11777
6.24613
1.84201
9.0044
11.2631
7.86682
5.12944
9.31911
8.46604
9.71683
9.07276
4.01014
7.83815
11.8901
-1.41206
5.24403
13.3457
6.13551
7.52583
9.71529
5.64509
7.75643
14.4225
8.06021
8.72121
6.3716
0.774848
9.2366
7.10599
5.19003
6.95681
3.41127
7.63609
6.37823
12.3895
6.48297
9.6647
2.72081
1.12542
2.30162
9.55047
8.98167
10.3254
6.79046
10.8346
13.0236
12.0098
11.5351
7.75864
14.5204
6.43634
8.44325
7.19336
6.63645
7.162
0.968456
5.37095
3.36351
3.46853
5.73763
5.72349
10.508
18.9027
3.06496
12.5855
1.23786
6.78862
5.67075
6.33682
7.89737
6.36905
5.87316
2.23616
10.1397
8.09727
0.831683
5.91084
4.97341
6.72012
5.88843
7.60618
6.40399
9.94213
5.03336
10.9361
5.60604
2.60399
7.17264
13.5202
6.28445
7.19561
15.1214
3.58541
5.34087
10.2389
6.3818
10.4986
10.9923
13.4116
-0.093501
6.86376
9.91551
9.98874
5.15245
8.80271
7.24762
5.75341
5.88587
-5.00238
9.23488
14.5222
5.57433
8.43347
3.56846
13.1815
4.69968
6.8338
9.23149
11.6295
8.84718
13.7484
10.4077
10.0996
4.47468
9.11372
7.1623
3.17526
7.03365
3.6912
11.2016
6.37224
8.60069
2.38964
9.95809
10.6298
6.48079
2.70103
11.7633
9.21968
8.23827
10.9458
0.916455
2.30383
7.45131
7.24242
10.7942
1.64424
7.12165
11.4803
6.1748
11.6919
8.17363
6.6596
5.31945
10.5972
11.1306
7.22189
17.7343
6.96726
4.18622
-0.677923
7.36799
3.85048
6.19825
5.92136
4.22501
1.9868
0.776924
13.0125
4.16856
11.1832
3.75579
3.85316
2.57603
-1.1391
6.5041
14.7538
11.5095
1.36148
5.28185
10.6783
8.945
14.655
10.4985
7.79735
3.8042
0.0229071
6.38129
8.38359
9.22392
13.4503
9.94921
2.60992
5.37553
-2.47502
6.13676
12.5971
10.4655
7.97018
11.9784
7.08721
2.45313
12.7424
7.20615
5.009
10.4754
5.68746
9.23416
4.35878
12.811
2.34581
10.6666
11.407
6.54222
7.4755
6.4016
5.60413
7.01261
0.715381
12.9392
2.16281
3.23986
9.15358
9.17528
10.9139
12.9651
3.55981
7.05351
9.97354
15.8553
4.30144
9.15888
4.24536
13.1033
13.0712
7.90709
2.06698
8.86129
8.71677
3.77486
0.929987
11.8623
7.20676
3.12755
2.54413
8.95777
9.77575
5.84558
11.8412
8.64105
6.92467
9.69768
2.31535
9.39688
12.0574
5.53077
6.35856
7.19707
6.24452
9.25123
10.8915
12.1353
11.4599
-2.13183
6.15
3.54746
11.8512
8.92761
9.23055
10.144
3.72369
9.40604
7.60251
3.43113
-1.25161
3.43633
3.5127
4.22899
3.73944
8.59297
3.12103
6.28243
14.9634
8.34017
8.95643
10.484
8.72416
5.39842
3.17148
7.63991
-0.88071
-1.16142
4.08689
7.99415
10.9769
8.08621
7.91591
7.20461
18.3521
1.31228
10.3329
7.08984
5.37056
8.25581
10.8691
10.4647
7.86806
2.49766
2.90498
9.17146
13.8913
1.85224
4.39896
10.4267
7.1256
4.82814
12.0303
6.36603
8.33199
10.0529
8.88269
16.728
7.22978
6.81257
2.98466
11.2703
5.68904
8.13965
5.96474
8.94011
4.92494
4.00737
7.86602
11.1459
5.16133
4.09432
5.4515
7.80737
10.7899
6.3465
8.23397
10.218
8.13787
10.4674
6.80771
17.8891
11.7392
10.8322
3.80692
5.15648
9.49317
0.423781
5.96883
11.5485
8.11923
9.01413
7.68955
5.0797
5.26914
6.5557
15.9336
7.46223
4.59489
14.5373
12.5023
2.41414
5.6313
14.1029
7.75487
2.71974
2.1622
4.2281
5.58132
9.63586
9.95769
7.31835
7.70717
6.33516
8.73106
5.42781
7.33659
3.15547
1.25987
2.97535
12.4816
10.3969
7.08999
2.5671
5.93827
0.0384228
-3.22344
10.0144
16.4016
5.98416
3.43636
7.04941
6.92566
2.95511
9.71929
6.44225
5.40514
4.10197
6.95149
11.1306
5.3581
10.0241
2.84971
-1.69275
4.34175
8.66957
6.39074
9.22184
8.99286
3.40413
2.90543
12.2082
9.09238
-0.503022
12.0972
18.8291
12.6298
3.17732
4.30031
13.282
12.886
4.46911
15.3872
5.79654
7.07676
7.90484
5.2466
7.35764
-1.89716
12.5598
5.58161
7.3322
11.851
8.52329
5.11557
6.70916
1.60795
5.07116
4.8897
7.09747
1.80084
4.75339
4.07836
8.26872
2.49928
2.8787
8.08426
14.5858
4.06914
-0.888682
8.28339
11.8024
2.53011
7.22938
12.2198
12.0139
6.02852
2.20911
10.2822
3.85572
1.26738
11.6313
6.25513
-2.7344
4.58558
11.4526
6.88997
5.47647
1.06169
3.1623
-7.6035
6.44071
6.60809
1.21562
12.3018
-1.06124
11.1854
7.28949
7.28749
5.46361
2.23665
10.7989
3.9326
2.39059
6.55944
6.29692
3.25211
-0.0698677
7.68892
6.45272
16.9359
13.7205
5.11165
11.586
5.10691
-2.57305
15.202
5.57981
8.71839
9.91062
10.1668
15.1169
6.02683
4.0159
1.56393
12.4175
-1.91315
12.6261
6.15625
6.81545
5.38625
0.294914
4.19923
10.0386
2.61405
10.7758
10.9742
13.9074
0.603557
7.07282
10.1826
9.21244
13.9059
8.05789
4.29324
3.19385
0.461096
10.2595
12.1933
1.50322
4.88118
3.60956
9.6499
0.835231
10.3154
11.3888
4.23512
9.81816
11.9572
2.70575
0.345657
8.18289
10.3533
7.00503
8.89956
16.1181
10.553
7.17521
5.45732
13.6999
13.7585
5.43587
5.16208
2.68121
7.57701
8.8927
-0.982584
11.0351
13.6015
4.59035
8.23142
6.45643
3.56444
8.02019
4.80857
5.42043
7.2282
9.35099
4.20549
4.01323
6.26651
6.76698
10.7497
7.52385
-1.14218
4.79796
2.04921
6.12878
-0.296122
8.70478
4.35008
5.42017
-6.61988
5.92224
8.59057
7.63017
12.0186
13.9032
15.42
13.9892
16.033
3.07454
6.89607
1.61903
4.98008
11.8699
11.62
6.47462
3.10135
2.29453
7.41198
5.13125
10.1484
16.1841
7.6911
12.9033
3.19956
0.742724
-0.560656
8.16767
4.63811
7.52814
12.9798
7.9329
8.91397
5.18206
8.83109
-0.862882
11.7116
-1.78006
10.2752
7.33668
6.05172
7.73987
1.01738
2.86359
2.56687
2.8581
5.2434
4.71406
8.6134
11.0207
10.3826
4.22691
2.68065
0.328381
2.65968
7.2493
6.19638
4.08919
2.40897
8.6472
-0.769867
13.4682
5.87552
20.0454
8.29097
7.15713
9.10129
6.05313
7.28841
7.49947
4.21543
5.20889
11.0628
4.24979
9.48275
9.96161
3.34056
9.60643
7.01467
8.89354
7.69234
12.5011
9.68849
7.5614
3.59939
0.136151
8.74489
2.38479
14.0356
2.85803
15.6373
10.3119
7.65162
1.07537
10.1674
-3.19455
6.03532
9.43424
11.4805
11.5237
3.66548
11.2408
8.23383
3.78769
5.65109
8.74078
1.14675
8.28412
2.88302
0.385498
9.93547
10.4053
1.91577
12.2592
5.43988
14.4927
3.33709
14.7692
5.58764
0.191813
7.50899
13.4169
7.92266
11.0628
9.29133
12.6265
7.79179
3.15477
11.2256
7.78237
12.4736
3.06102
9.08491
10.4624
2.12552
3.66088
10.4304
2.42216
8.69303
6.45521
8.25797
10.9232
9.14253
3.49829
6.65804
14.19
2.90767
11.6707
5.4383
1.15139
5.45219
8.38762
4.33727
3.89384
8.19422
5.46301
4.67137
3.60773
4.59602
10.2023
7.14602
11.3782
6.57317
4.30054
4.33327
10.2715
13.2411
14.4866
11.2041
11.9592
9.99504
4.22223
5.46388
7.30839
7.96314
4.52987
7.38177
7.4212
10.2936
9.1956
5.4935
14.4959
8.7993
12.2418
4.18993
5.44992
4.3058
7.09335
8.35144
7.54182
9.48454
5.41804
13.3012
3.19764
10.4995
11.8088
-4.83582
-2.05657
2.63017
6.19275
10.4169
7.30355
8.93221
2.60895
-0.892075
9.91619
7.32753
5.49905
17.2282
10.5121
7.53368
16.807
8.51101
10.1466
11.908
7.48822
2.72828
7.69672
6.91624
10.2454
9.04889
8.48483
5.6865
1.63888
11.9108
12.579
4.14956
6.06493
6.50002
4.03439
5.40015
16.3299
12.2612
10.4946
2.06318
1.2597
2.30941
7.09072
8.48118
8.98306
7.25857
9.0488
7.78149
10.5876
6.06585
2.12537
12.1343
3.44557
9.99204
12.825
3.31505
6.66514
2.22815
5.53643
1.79147
7.67389
9.02241
11.7371
12.279
6.11904
4.39881
5.7736
13.0699
6.42269
10.4541
13.8379
2.60441
3.9022
3.21288
5.98191
-1.4236
6.79828
8.36724
5.70027
10.9017
13.2656
11.3365
4.47626
3.53395
5.70532
2.55269
8.73473
11.0625
13.3551
9.45659
12.4906
10.7816
9.85914
4.46261
9.32956
8.64205
7.27319
13.0891
12.7882
6.82614
-0.850621
9.45019
8.27379
6.9084
6.88789
-3.8551
4.1374
7.54978
2.51635
8.44632
6.46166
-0.154828
-1.46426
6.02129
7.98097
7.64282
7.59394
5.41874
1.01591
5.74743
10.0254
12.9989
3.64897
1.62471
6.53118
7.12373
5.63744
8.2285
5.71865
8.20968
7.15383
9.46734
3.47798
11.3389
5.44766
1.99743
13.1233
-0.00805399
2.92767
12.9271
6.59243
5.1591
7.25453
4.98499
6.6419
15.2867
4.22674
2.01502
14.0461
9.14081
11.4249
7.86098
2.69189
9.62767
7.26651
1.7907
5.30338
12.5779
9.99341
7.97971
9.74909
9.02688
7.26572
3.7155
5.77803
4.49028
4.51073
10.7684
5.54089
2.90928
15.44
7.63228
8.13556
7.57929
7.55573
2.21856
5.02627
6.21882
-0.496374
1.03207
2.50489
5.64407
6.65793
9.38369
8.92495
12.9658
3.54476
9.45372
7.83419
10.9293
4.82562
9.31369
8.77259
0.710718
6.89529
10.2004
5.44878
10.88
6.23861
5.38016
13.6209
4.62259
0.814831
9.38042
7.24378
0.787943
10.1797
7.10482
8.78306
15.0177
13.2783
7.65587
1.56599
13.6286
1.83206
6.8556
8.19697
9.64991
14.9356
11.5175
2.45312
-2.30461
5.57858
5.94706
8.19392
16.0813
16.3125
5.62746
8.41349
4.24558
8.69044
1.61086
11.3867
4.38298
9.77442
8.30473
7.96573
7.05859
2.75439
12.219
10.5075
7.85594
7.04885
8.92136
7.64661
8.1115
-0.204969
10.3564
2.54166
10.9352
7.22454
8.43393
10.4118
8.67125
8.11497
6.15179
10.4915
6.36778
2.22273
6.92533
12.6923
0.0185386
10.2494
0.938892
16.6139
-2.14451
5.375
9.46421
11.1105
12.0913
5.59804
4.72801
5.28095
4.81773
8.84103
5.98936
4.11104
0.503757
9.04449
12.4065
5.0933
7.2833
4.54512
12.3212
8.94895
4.52224
11.8358
19.355
4.61598
6.25357
12.1405
1.44445
10.7738
6.52511
8.55992
-1.17736
9.72104
10.3548
11.8507
2.30347
7.85457
12.7917
14.2829
14.126
14.306
5.65037
9.1519
1.10857
10.5907
13.0081
5.4178
13.1866
5.0716
13.6725
5.02992
7.7519
3.91495
6.82513
8.35059
0.156877
11.0411
10.4202
7.47216
6.65626
1.10029
7.89351
7.32546
10.9672
6.84275
5.90428
2.67194
7.98825
3.24761
11.2245
4.51479
1.35621
0.630647
3.6716
7.52146
8.81896
5.86352
1.94445
7.29666
8.57139
8.2994
2.55631
6.96937
8.63149
10.6051
5.81366
7.84958
8.34879
9.53422
4.13667
11.6192
14.3058
6.76991
4.0517
1.30891
13.0904
10.5175
12.172
6.8905
9.82575
7.93942
6.24908
5.59751
6.55158
1.19761
10.3421
2.72405
7.10825
6.17613
12.2592
3.91298
3.90293
15.1152
0.460921
7.49503
9.98838
4.90418
4.14598
12.3533
9.14074
8.13822
7.81317
-5.29378
10.1517
9.17664
2.92241
6.12339
14.8541
13.3312
5.8756
0.275536
1.85926
14.6521
9.95608
5.53254
11.6182
4.65081
1.12617
5.25791
9.99874
2.3185
7.18814
13.6817
9.79942
13.0316
1.51855
15.1456
3.3819
9.40283
4.77788
9.67703
4.37819
3.62119
7.29315
-1.61001
3.62698
5.44305
6.22248
8.81523
4.31899
6.65058
5.30931
4.38678
12.5687
5.58419
8.91594
11.1236
5.54961
5.7276
4.81264
5.0617
9.73542
6.47147
8.53416
7.76735
-1.05794
9.11874
5.5566
8.16351
11.8843
8.70077
12.1168
2.85328
12.3466
8.714
9.03525
12.5597
4.04953
1.94658
-1.39412
11.0314
6.042
1.23337
2.64846
12.7364
6.42778
5.80098
11.422
3.49345
8.42219
1.9749
6.35376
8.05373
7.71316
12.5315
5.65992
10.2966
4.8923
10.2857
11.417
3.88018
5.87959
-0.152116
6.81751
-1.34484
1.42889
7.95446
8.35467
14.9091
9.77469
10.6545
4.70667
11.3327
2.32055
6.32342
4.26825
6.74387
14.0287
2.76019
5.26321
8.42264
13.2929
5.75339
4.47644
7.19929
6.91171
-0.891149
5.31933
7.39689
1.14228
6.8706
-1.57652
13.3347
7.59739
4.31691
7.1601
10.8901
7.50114
5.62618
6.27468
8.86183
8.33794
13.5608
2.79525
9.26691
15.1338
7.60046
11.2482
12.6247
6.60678
12.4519
5.3944
5.40138
3.53382
7.09094
4.03836
5.35394
2.32551
8.63526
17.0091
13.047
7.06769
2.49296
11.8505
13.4294
0.981531
2.76798
10.3023
6.64164
3.88559
-2.45811
4.27936
7.43583
11.395
5.92257
7.20651
2.62083
10.0079
-2.27046
16.335
6.28284
10.7087
9.8993
6.35286
9.4321
10.6464
5.70231
12.2951
5.93083
2.79886
1.26201
9.78373
4.35079
7.66883
4.04883
7.17004
12.2213
6.34687
7.07269
1.95997
6.72029
5.90253
7.5311
8.36859
2.2054
10.5329
-2.58317
5.21069
11.6977
8.36266
7.92001
6.50698
11.1506
5.68144
11.1466
6.08895
10.128
11.0232
5.07676
14.7829
-2.62365
5.82622
7.46322
4.35993
6.56944
10.4332
13.619
10.05
6.16326
8.21699
12.911
13.4722
4.00142
9.31097
6.87053
11.1728
14.6911
15.4963
8.6967
4.82678
-2.06402
0.338801
11.4203
10.2653
7.59219
14.052
10.447
3.97203
1.60175
5.73344
8.31825
9.49123
9.10761
4.42299
11.3564
5.68872
10.9331
14.0369
4.70014
5.45838
1.81091
9.97401
6.31342
14.4254
3.69082
10.2921
2.914
11.8652
12.4047
-0.201789
4.3303
5.26159
7.76182
2.59289
10.6313
9.02625
6.81365
3.48258
0.07841
7.09553
8.37637
7.49593
2.3351
9.10803
-0.123278
5.7223
11.8783
8.3178
10.5269
5.21882
7.04019
-0.613898
13.7863
7.42879
7.75031
12.8266
7.91081
5.39451
4.05242
7.26136
1.79335
4.56396
10.4676
11.5497
9.18469
5.63101
2.70155
7.98947
5.61998
9.89026
2.36292
1.532
5.47455
6.21654
0.92356
10.444
6.32124
11.021
8.47067
8.73946
18.5644
4.45212
4.85876
4.93556
1.36312
5.98025
3.49183
12.6501
4.80925
10.5938
9.03408
14.9245
9.69014
9.51911
2.92184
11.9993
8.21614
5.16632
14.7161
15.3584
7.70856
8.09673
0.67537
3.86527
11.0191
10.1899
5.52263
7.82047
8.2295
5.16392
3.69811
14.5709
3.89933
8.11339
4.83823
4.01648
6.30577
5.5439
11.4113
-0.202971
5.16496
1.33507
4.13105
12.0286
5.92023
14.4073
7.59196
8.62039
-0.567868
3.9811
13.5317
7.54826
8.40576
9.52448
-1.67676
11.4479
7.93353
6.30365
8.11171
6.31065
4.36492
1.80911
4.66371
6.38262
0.509057
5.0323
8.29933
4.98674
10.0832
5.76813
8.03315
4.43019
7.77696
11.1491
5.98668
2.10984
4.32726
8.67971
10.5334
9.27485
10.822
2.98762
6.89892
5.04801
6.57022
4.04671
10.8837
9.92267
4.50304
4.2748
11.5424
8.14261
4.37183
16.0962
9.06377
7.25095
3.17103
10.8334
13.9126
6.75616
5.81004
0.471831
7.70201
8.29559
7.14823
8.30486
6.75503
11.6952
2.8268
10.1028
10.711
8.42703
12.4906
8.76954
-0.33731
4.03261
4.34165
7.05328
16.624
9.18985
1.88755
10.8012
5.04723
7.40787
7.24272
7.66336
15.5068
5.51201
7.37493
16.5178
3.31951
10.7942
12.2904
6.57519
5.33323
8.3599
6.23316
13.7882
6.10339
3.6597
2.61128
5.34665
10.1836
3.55491
9.70125
6.08484
7.74349
1.59707
10.5665
11.5577
6.20976
10.7895
4.67261
3.68348
5.87558
-0.739142
4.09175
10.7985
7.40022
4.86065
7.77808
8.59991
13.6343
6.31199
2.59653
10.3639
9.73073
-0.028452
3.65359
7.8962
3.3269
10.1577
4.676
8.00417
6.08942
1.20134
6.82102
13.4339
9.10506
5.87476
6.49429
17.8401
7.01785
7.77912
-1.01147
-0.265215
7.69755
12.4139
8.80542
10.209
1.08104
5.46794
7.77116
12.8113
0.494306
7.96036
1.56703
2.91755
8.85266
6.65956
5.96782
11.535
14.4729
5.71508
5.56994
0.409162
5.21722
5.76732
6.31506
-0.117965
6.93364
4.98614
-0.511014
7.86292
13.7912
11.7615
10.4673
7.71024
5.08442
4.80821
11.8863
6.40294
8.03437
7.84347
3.85107
6.43695
7.38
7.26673
8.80827
7.95022
8.65435
8.79846
1.21661
9.18645
4.0558
12.4774
6.50642
10.1484
15.8115
4.57603
3.85226
3.77166
2.25648
4.53054
4.08762
14.7342
3.31676
11.3066
4.01409
7.73197
5.91601
1.29943
5.33318
9.28471
0.677112
3.32759
0.875592
0.457371
4.25289
6.01575
8.37117
10.452
3.75184
3.83189
6.21774
5.7291
0.467926
6.85751
5.42936
7.07391
15.2634
4.24779
4.65971
11.7306
14.3428
1.59432
7.21763
11.4757
6.59732
15.5597
12.7626
8.16333
8.81112
8.41678
-3.16394
10.1085
3.71184
11.4514
4.45873
2.33004
2.05089
5.38229
11.5596
9.20498
14.4716
-0.731521
4.05415
4.94834
10.5164
5.72623
12.2569
10.366
9.9802
8.90412
1.9249
8.03887
5.53661
1.92032
0.874499
5.35908
14.8976
6.52211
-0.66125
9.42882
10.6603
13.4445
7.96379
5.88869
3.40901
12.9907
10.4618
12.5788
6.73466
10.0863
2.25573
11.7995
10.0159
3.29884
5.30041
2.93228
10.5192
7.73252
4.07915
-2.53411
3.96061
5.82298
-0.441109
6.38983
12.5752
7.25317
-0.757725
6.4401
7.2303
3.94171
10.3225
6.32282
3.50917
2.47373
5.51875
10.3822
7.28879
14.2383
1.90844
10.9793
3.46301
2.4624
8.33699
10.2783
6.9942
7.04597
4.45416
4.19144
8.86745
12.4301
10.7702
7.09362
8.32978
3.71274
6.8789
8.55207
8.25279
9.40479
7.62622
8.25535
2.84054
10.0336
10.9234
8.38673
8.41011
9.5465
8.04876
-3.27776
-0.281845
9.79138
11.7247
9.03454
11.6257
9.02419
7.61594
15.3432
0.88874
13.3049
7.91168
8.20493
8.02885
5.19953
11.5777
4.54857
9.91501
8.17157
8.38274
5.45097
2.69875
11.3541
7.79225
11.556
7.98858
5.75768
2.97641
11.7341
14.8855
7.39082
5.03064
6.26941
10.8324
4.98569
1.28943
10.5183
5.02868
3.56006
10.4131
0.534219
5.91661
4.06279
7.34638
3.05544
3.69269
5.32685
6.44319
12.7197
4.51027
-1.79172
6.35116
11.6761
3.50025
11.0788
3.44097
11.9069
8.07882
2.81236
9.42654
3.94765
8.16977
0.0269708
5.4421
8.22273
-3.35962
9.42078
7.79229
11.5524
13.0011
8.01075
6.98249
6.45755
6.19631
7.20861
-3.55341
2.07841
5.70309
5.21103
1.61082
16.9064
1.27395
3.64902
11.6239
3.52111
10.475
10.1814
2.18167
7.31515
10.0219
7.19892
8.33353
6.05616
7.87167
7.83574
7.57559
11.0521
7.96354
4.42574
3.35648
0.481034
8.68149
13.0822
5.19463
15.723
10.8123
3.78821
9.31773
12.2471
7.02213
7.53298
7.60452
6.94752
10.4202
6.84649
6.45469
5.66659
11.1207
6.09241
10.277
7.11408
2.81682
3.99046
3.33098
10.4559
9.79272
4.46141
11.5234
3.41094
8.97735
10.2618
3.3803
5.66701
11.4856
7.76213
3.94958
-1.21576
9.39153
7.01622
14.8129
8.11887
2.56224
8.70956
5.46561
9.13958
4.83403
8.45143
5.16138
18.369
5.98038
2.8918
9.05315
12.9413
6.34321
8.28943
7.92927
3.28585
7.27038
16.177
8.61392
4.59762
4.45661
7.18345
1.87043
10.6162
8.84867
15.04
2.36489
6.4657
10.4167
5.29149
7.04331
15.3849
0.910541
7.69827
9.1311
5.19205
1.94446
3.1887
13.8751
10.7926
4.95468
-1.07984
12.1526
0.130074
4.95446
6.58687
13.6785
9.81641
8.99194
1.15325
-0.491884
4.17374
4.16538
3.50995
3.59658
3.03752
5.28455
-2.76399
9.43739
12.3267
11.7567
3.17896
8.07198
11.62
12.0741
3.98484
8.62792
8.46255
9.17898
10.7275
9.26134
4.69342
6.13282
7.29069
9.27219
4.80417
7.63689
4.887
13.4305
10.5244
1.3929
7.56797
13.1682
8.04363
9.56378
13.6152
8.06866
7.18425
5.7792
8.12724
5.38611
9.75143
11.5714
11.2311
5.42829
12.2808
4.90426
5.81267
8.57908
4.9475
9.56464
2.02381
7.80148
-0.934704
8.15053
8.96572
8.1093
4.58476
-1.13907
5.78324
7.30642
15.6117
11.9226
6.87837
5.8275
8.46891
1.43817
1.84813
15.7785
14.9107
3.07944
6.18559
11.8199
3.75499
-1.73757
9.96704
12.2878
5.49066
12.5804
3.62116
13.313
3.22141
7.04185
4.18791
2.02811
4.49091
4.13735
14.839
10.7043
8.24813
8.70579
1.64606
5.01573
14.105
8.57111
2.2054
9.75631
6.74748
2.67812
10.9582
6.57446
1.38696
5.95624
3.26568
9.62219
14.1534
11.6449
17.7319
5.96971
12.5131
6.71648
10.9719
7.08922
4.71579
8.30884
7.14093
12.3419
8.41706
11.2659
6.48048
8.43813
0.45279
15.0161
6.28036
5.11055
10.6405
6.22323
3.5979
7.08193
12.8535
1.86956
7.72139
2.40007
18.2658
2.14352
12.6413
9.22356
10.9461
11.9174
0.152853
2.28811
-0.597899
6.95673
2.67561
10.2782
4.09522
6.96665
6.09104
8.91612
1.48001
10.9289
2.26524
11.7375
4.16858
-0.208839
5.24003
12.816
6.28555
7.54299
5.4795
10.6499
7.24786
3.03135
6.90199
5.16238
9.99557
7.61213
4.65266
5.21015
6.20706
0.796531
-0.491507
11.3055
6.73775
3.42828
7.11577
6.71507
5.82669
6.4334
6.79135
0.151747
5.1596
10.2404
12.4232
8.29941
13.7465
