0.957428
1.26197
1.05839
1.32396
1.56156
1.27597
1.38436
1.38813
0.985433
1.33575
1.50011
1.41079
1.69022
1.17159
1.19973
1.31762
1.27213
1.556
1.15935
1.01946
1.37134
1.03266
1.39272
1.14408
0.994947
1.42546
1.55713
1.59314
1.71197
1.57576
1.01779
0.861421
1.26801
1.54038
1.06642
1.17657
1.62277
1.716
1.43854
1.25493
1.19373
1.55246
1.35858
0.871344
1.21062
1.14059
1.33493
1.3435
1.46941
0.987098
1.13582
1.50866
0.911634
1.04555
1.11415
1.035
1.40161
1.40039
1.52359
1.26894
1.716
0.8196
0.92791
0.610261
1.26953
1.44712
1.12764
1.28387
1.00761
1.18662
1.32173
1.27542
1.37027
1.26764
1.21013
1.35173
1.31462
1.66802
1.43533
1.60356
1.32374
1.36081
0.922196
0.858352
1.08719
1.25852
1.25448
0.935304
1.15901
1.11129
1.17887
1.23867
1.55164
0.913437
0.866927
1.50031
1.30376
0.987859
0.829311
1.53232
1.716
1.36266
1.60495
1.38062
1.27125
1.01138
1.19023
1.2793
1.16666
1.40009
1.52417
1.24347
0.862161
1.33128
0.652325
1.51387
1.16738
1.09499
1.21753
1.27515
1.15228
1.4171
1.43045
1.64827
1.22492
1.54918
1.39805
1.31627
1.544
1.12826
1.11441
1.37942
1.30359
1.17662
1.716
1.52348
1.55032
1.62105
1.68925
1.2485
1.19154
1.22837
1.12668
1.25928
1.44326
1.26223
1.69953
1.05548
1.66021
1.03561
1.28209
1.43193
1.36065
1.19654
1.41027
1.5157
1.06067
1.34304
1.1356
1.04131
1.37319
1.42233
1.13574
1.48074
0.826643
1.00756
1.00123
0.853471
1.09842
1.13055
1.16629
1.39913
0.762901
1.12996
1.43874
0.801939
1.32966
0.800051
0.787406
1.38851
1.30141
1.42924
1.04642
0.916484
1.57612
1.12983
1.08196
1.29222
1.51614
1.39833
1.31591
1.52547
1.2673
1.12971
1.64201
1.70518
1.03346
1.44151
1.12261
0.544172
1.64744
1.04141
1.32971
1.30332
1.18673
0.956197
1.03132
1.10486
1.53872
1.0305
1.35449
1.2756
1.03146
1.00283
1.11257
1.27016
1.12329
1.10848
1.11711
1.08147
1.43118
1.33887
1.32939
1.21105
1.40776
1.45484
0.985735
1.31727
1.31108
1.04957
1.02296
1.21685
1.39519
1.1365
1.38452
1.17808
1.01026
1.716
1.24504
1.45959
1.14886
1.28716
1.55014
0.986283
1.05452
1.64958
1.4543
0.771696
1.41311
0.918297
1.24799
1.181
0.957099
1.71348
0.914399
1.11167
1.21372
1.46438
1.61036
1.33492
1.1643
1.32709
1.33234
1.49064
1.59218
1.07947
1.51883
1.16136
1.1938
0.933735
1.56113
1.29774
0.976453
1.45393
1.08071
1.44095
1.10075
1.31806
1.36317
0.939241
1.47746
1.03409
1.40582
1.44499
1.2354
0.93725
1.06605
1.06988
0.831738
0.978335
1.01719
1.15457
1.18306
1.15992
0.736692
1.21581
1.50252
1.18348
1.42512
1.34557
0.971305
1.42205
1.59714
1.29457
1.10734
1.58098
1.55416
1.63684
1.09676
1.32357
1.17567
1.716
1.25859
1.14708
0.838804
1.13605
1.07603
1.03917
1.21423
1.34019
1.397
1.22825
1.2832
1.38923
1.18814
0.959857
1.11254
1.1975
0.838785
0.786182
1.69285
1.2283
0.805939
1.56866
1.39694
1.1906
1.44674
0.99596
1.33102
1.26148
1.48784
1.042
0.918557
1.716
1.28134
1.41048
1.25272
1.57753
1.09262
1.32666
1.29532
1.00095
1.28538
1.47867
1.46617
1.09796
1.59456
1.61519
0.867956
1.13924
0.574863
1.14451
1.24407
1.57623
1.41415
1.12765
1.40703
0.919653
1.07833
1.48572
1.14964
0.874181
1.62842
1.06183
1.27134
1.44803
1.18627
1.22141
1.22191
1.1981
1.09414
1.49192
1.21435
1.04102
1.19915
0.56071
1.47315
1.38896
1.42256
1.2383
1.51023
1.25112
1.44454
0.52442
1.19911
1.68789
1.15166
1.46191
1.28103
0.963664
1.50653
1.09845
0.882934
1.33098
1.36946
1.09412
1.24251
1.24875
1.16059
1.38797
1.64445
1.25415
1.08545
1.65162
1.38897
1.05236
0.859841
1.3859
1.45859
1.4993
1.10746
1.21214
1.3115
1.36078
1.51089
1.06193
0.951354
1.28347
1.11783
1.17835
1.50998
1.39133
1.17097
1.31265
0.88331
1.38806
0.944417
1.55719
1.35942
1.45045
1.01515
1.61894
1.68994
1.03252
1.44559
1.17789
1.31819
0.94967
0.740606
1.24364
1.29411
1.20071
1.36422
1.716
1.0589
0.957164
1.32936
1.45269
1.54024
1.1506
1.03085
1.69517
0.745875
1.3714
1.12674
1.42083
1.14658
1.31414
0.900188
1.18176
1.07317
1.41316
1.29671
1.06194
1.35369
1.6245
0.951201
1.5144
0.653054
1.06766
1.42353
0.962631
1.07668
1.53993
1.30319
0.957979
1.17258
1.66586
0.720169
1.44411
1.2702
1.12389
0.998618
1.13957
1.53289
1.34827
1.65769
1.04142
1.5486
1.69702
1.30665
1.08871
1.36535
1.23085
1.716
0.955781
1.50344
1.716
1.716
0.929243
1.0518
1.49404
1.12268
1.29072
1.50176
1.23507
1.06998
1.27726
1.33618
1.14336
1.0139
1.30934
1.13466
1.26808
1.29665
1.60177
1.23123
1.36086
0.974017
1.25683
1.47229
0.985582
1.33345
1.13002
1.37676
1.716
1.5588
1.34483
1.47241
1.19999
0.624574
1.04199
1.0528
0.935709
1.53634
1.31456
1.10418
0.978163
1.00658
1.1672
1.22261
1.17491
1.2254
1.33611
1.22283
1.716
1.3448
1.058
1.53713
1.09381
1.35912
1.64404
1.62769
0.867494
1.19807
1.12843
0.841976
1.1687
1.26943
1.36892
1.18564
1.1099
1.07716
1.52652
1.56868
1.58482
1.51806
1.35935
1.30531
1.18976
1.633
1.27533
1.32448
1.39435
1.06967
1.40581
0.970023
1.16302
1.06645
1.20593
1.716
1.33949
1.38853
1.44519
1.25675
0.793302
1.42215
1.40675
1.2079
1.13336
1.3776
1.03111
1.27931
1.0073
1.20545
1.06218
1.31462
1.54665
1.42319
1.68273
1.71002
1.30681
1.45846
0.906298
1.09535
1.47126
1.13095
1.39534
1.43461
1.15551
1.32572
1.14543
1.06171
1.17723
0.819469
1.30293
1.18923
0.95031
1.30381
1.53607
1.46169
1.71402
1.31132
1.0158
1.11349
1.15301
0.979213
1.2661
1.55002
1.62021
1.31612
1.10624
0.680282
1.57683
1.05405
1.16892
1.51064
1.07333
1.11046
1.4878
1.47701
1.4911
1.44461
1.02823
1.716
1.53247
1.23404
1.51166
1.23652
1.2404
1.39327
0.814424
1.32512
1.716
1.00261
1.27526
1.09673
1.34895
1.07632
1.53993
1.41166
1.02522
1.20218
1.06398
1.2618
1.25276
1.51784
1.30868
1.21132
1.32282
1.3106
1.61554
0.903159
1.05491
1.25993
1.01443
1.58692
1.34201
1.33359
1.22941
1.22111
1.15854
1.23063
1.47515
1.44638
1.28394
1.27248
1.08066
1.33145
1.16396
1.30502
1.65678
1.36535
1.13564
0.792779
1.43054
1.36502
1.60619
1.59024
1.30413
1.03061
1.23105
0.980861
1.2157
1.20433
1.13736
1.531
1.33168
1.11831
1.18361
1.60269
1.33188
1.07941
1.26912
1.13963
1.57518
1.45507
1.06047
1.27221
1.48213
1.07087
1.06959
1.54482
1.56729
1.05284
1.23873
1.37186
1.42423
1.27671
1.2541
1.15843
1.2342
1.67448
1.31486
1.12003
1.50394
1.40469
0.984848
1.44239
1.10674
1.42316
1.54076
1.6741
1.26018
1.00191
1.66055
1.61068
1.38821
1.14958
1.3529
1.14245
1.29332
1.55644
1.716
1.05536
1.00909
1.69312
1.16042
0.745993
1.23185
1.38912
0.923559
1.43121
1.24332
1.16347
1.5905
1.1879
0.978118
1.57461
0.976573
1.31388
1.31657
1.61933
1.09494
1.0903
1.45428
1.49835
1.06397
1.16431
1.60092
1.5928
1.59068
1.05269
1.15183
1.04725
1.61324
1.09414
1.44445
1.716
1.1111
1.12509
0.973593
1.18743
1.34803
1.06697
1.44683
1.05801
1.1394
1.34706
1.37243
1.28481
1.32821
1.67748
1.25676
1.20694
1.45704
1.31363
1.56954
1.35794
1.58312
1.65389
1.19797
1.44841
1.18453
1.20789
1.40267
1.23239
1.21272
1.21886
1.32685
1.55562
0.943657
0.54449
0.945698
0.994307
1.21571
1.7158
1.17419
0.960216
1.62835
0.929944
1.35054
1.716
1.43538
1.12421
1.59223
0.919354
1.51298
1.01267
1.12073
1.15437
1.20737
1.13251
1.29486
1.31692
1.14632
1.14428
1.42145
1.45217
0.976815
1.10645
1.21713
1.58791
0.526387
0.933662
1.70096
1.3008
0.658339
1.00388
1.08322
1.6616
1.59434
1.07618
1.24546
1.40865
1.18824
0.853124
1.52493
1.16071
1.44464
0.490163
1.25251
1.18171
1.14231
1.19363
1.39092
1.46219
1.58102
1.12213
1.32369
1.38831
1.52827
1.37482
1.716
1.24199
1.37095
1.49029
1.61802
1.2481
1.2772
1.21254
1.53871
1.41289
0.89561
0.705782
1.07153
1.37281
0.965509
1.716
1.5738
1.7071
1.69161
0.924568
1.03133
1.33299
1.25336
1.26258
1.16853
1.59812
1.6646
1.46671
1.29714
1.02024
1.64885
1.60172
1.35078
1.716
1.52036
1.16232
1.62843
1.16878
1.22862
1.44242
1.3688
1.36215
0.911369
1.58416
1.52003
1.39235
1.58123
1.00296
1.716
0.66714
1.20762
1.50532
1.29267
1.46103
1.01746
1.58423
1.3779
1.50401
1.34253
1.716
1.59921
1.24162
1.38213
1.12099
1.29322
1.08451
1.31164
1.24225
1.38502
1.59637
1.24876
1.45113
1.07113
1.12724
1.41177
1.62245
1.60619
1.32392
1.05362
1.38181
1.34851
1.33228
1.30144
1.17239
1.716
1.16079
1.51441
1.29643
1.50125
0.893565
1.71436
1.39953
1.47704
1.24475
1.25251
1.32546
1.3488
1.06205
1.56103
1.32197
1.35273
0.955094
1.24537
1.32192
1.32667
1.38551
1.40271
1.35135
1.34738
1.12614
1.29957
1.36365
0.866521
1.08634
1.18893
1.20509
1.46311
1.43128
1.17958
1.21171
1.10411
1.34136
1.525
1.63616
1.26142
1.48476
1.61344
1.50037
1.28926
1.40571
1.34752
1.34499
1.29428
1.42557
1.14728
1.13361
1.35347
1.15753
1.1371
1.21365
0.980564
1.32193
1.11273
1.43077
1.50278
1.30231
1.19557
1.16866
1.3336
1.21711
1.57814
1.13912
1.22244
1.04888
1.44736
1.16821
1.42724
1.02502
1.05124
1.44769
1.43492
1.39638
1.34677
1.33241
1.35865
1.55935
1.33344
1.08218
1.37393
1.64131
1.10716
1.00955
1.59971
1.0321
0.87405
1.48492
1.1365
0.928297
1.24911
0.96283
1.38054
1.06719
1.34519
1.15045
1.17877
1.35398
1.66748
1.31821
1.4602
0.9373
0.789268
0.799244
1.00944
1.22057
1.24111
1.70115
1.06967
1.12997
1.702
1.52678
1.58089
1.26009
1.34106
1.45946
1.41659
0.989297
1.28838
1.23602
1.38407
1.39864
1.32602
1.47999
1.11335
1.12821
1.41526
1.69267
1.53033
1.25127
1.29057
1.01308
1.02771
1.21075
1.18172
1.26878
1.23758
1.27795
1.63082
1.35046
1.13041
1.21508
1.23546
1.4079
1.40055
1.35549
1.17096
1.35476
0.922532
1.42981
1.05167
1.44129
1.4358
0.916208
1.3315
1.65326
1.22161
0.934299
1.33944
1.04074
1.39746
1.34699
1.28589
1.6311
1.24936
1.16228
1.47898
1.35883
1.3712
0.751754
0.953139
1.49227
1.50143
0.91817
1.08717
1.51585
1.46583
1.50193
1.2585
1.39654
1.0113
1.30795
1.716
1.68866
1.28812
1.37271
1.57574
0.991792
1.05767
1.05513
1.38815
1.54211
1.05983
1.09354
1.17876
0.924971
1.2416
1.20262
1.56474
1.19501
1.03789
1.20075
1.40896
1.20905
1.42349
1.3451
1.66839
1.24923
1.31954
1.716
1.46923
1.10665
0.738551
0.987079
1.40988
0.672933
1.09106
1.12215
0.901552
1.19701
1.22863
0.763069
1.716
1.68486
1.23403
1.13481
1.19419
1.27827
1.24844
0.899524
1.01915
0.879217
1.44104
1.05899
1.16609
0.893548
1.48016
1.30348
1.46081
1.04569
1.18355
0.658448
1.17682
1.07673
1.01317
0.929198
1.716
1.26506
0.732773
0.967984
1.45917
1.1856
1.716
1.59245
1.07325
1.15129
0.9118
1.28375
1.59292
0.845866
0.772619
1.21569
1.16265
1.36689
0.959063
1.37096
1.70937
1.39229
1.27224
1.42271
1.20512
1.3459
1.51819
1.28836
1.64966
1.02218
1.04366
1.3066
1.18445
0.929048
1.01994
1.70938
0.799764
1.41525
0.712434
1.35518
1.40485
1.22918
1.46646
1.45937
1.62348
1.66664
1.42076
0.823982
1.24754
1.47439
1.43044
1.18492
0.990655
1.35202
1.20978
0.896314
1.20929
1.695
0.787599
1.23908
1.609
1.48933
1.23126
1.0861
1.18178
1.18054
1.14442
1.56832
1.24042
1.09595
1.50307
1.24442
1.14914
1.10956
1.22077
1.32301
1.37201
1.23205
1.35567
0.795015
1.716
1.08561
1.46876
1.44236
1.58871
1.5512
1.716
1.19158
1.55133
1.24059
1.18865
1.62948
1.28388
1.57423
1.25138
1.1644
0.919622
1.716
1.62991
1.4702
1.29245
0.820401
1.39069
1.26452
1.44273
1.34923
1.11856
1.11333
1.31142
1.37748
1.20697
1.19197
1.39039
1.17786
1.31371
0.948972
0.955759
1.4495
0.8607
1.1123
1.51526
1.25889
1.20001
0.993244
1.37546
1.716
0.712432
1.66366
1.716
1.6388
1.31381
1.35447
1.30016
1.3207
1.44712
0.903397
1.716
1.42747
1.45355
0.985511
1.29529
1.48809
0.963905
1.44254
0.795448
1.53458
1.63651
1.55676
1.17347
1.716
0.360202
1.43239
1.12929
1.23673
1.31629
1.23768
1.00741
1.05208
1.02169
1.14677
1.43933
1.03825
1.64824
0.931847
1.0657
1.05515
1.16917
1.2664
1.19415
1.04258
1.50379
1.21744
1.3215
1.14071
1.54652
1.50469
1.18485
0.904138
1.716
1.22291
1.42487
1.39253
1.62113
1.30484
1.32268
1.56208
1.13986
0.959816
1.5985
1.716
1.62337
1.67355
1.1135
1.27349
1.37231
1.51495
1.41224
1.39383
1.1008
0.833273
1.589
1.22542
1.16321
1.36532
1.28876
1.04414
0.626443
1.20638
1.40711
1.06457
1.20121
1.5639
1.41214
1.13174
1.38438
1.09538
1.3182
1.20076
1.15315
1.42684
1.04901
1.50263
1.34409
1.29419
1.13711
1.13824
0.892273
1.24865
1.19744
1.14357
0.961567
1.17571
1.50241
1.65549
1.23778
1.37065
1.14874
1.15065
1.47153
1.07448
1.42668
1.24427
1.49819
1.14427
0.920464
1.716
0.887715
1.27089
1.06546
1.31944
1.16731
1.33716
1.06019
1.28478
1.34594
1.18317
1.21332
1.37711
1.46032
1.5836
1.31077
1.68625
1.18589
1.12166
1.26724
1.44142
1.52504
1.6823
1.59847
1.2105
1.37526
1.03103
1.21559
1.30251
0.946911
1.20282
1.39566
1.14323
1.21736
1.55133
1.45222
1.716
1.23433
1.09612
1.41849
1.04195
0.818592
1.32955
1.07179
1.19207
1.31806
1.33227
1.03273
1.10736
1.61219
1.59204
1.20699
1.23514
1.11363
0.947844
0.805414
1.42844
1.40886
1.23658
1.27413
1.3179
1.50209
1.14942
1.25123
0.865943
1.14729
1.26902
1.35296
1.31182
1.32998
1.43612
1.40477
1.21219
1.04036
1.41478
1.43159
1.3183
1.47228
1.48153
1.33943
1.31403
1.40756
0.865921
1.00737
1.34049
1.25043
1.716
1.27196
1.45538
1.37972
1.40311
1.13679
1.66874
1.38185
1.38923
0.867542
0.848422
1.62583
1.52501
1.4849
1.33602
0.979339
1.27286
1.47951
1.345
1.32147
1.53147
1.02718
0.866799
1.50609
1.41992
1.716
1.20087
1.03692
1.10258
0.867091
1.24552
1.32634
1.15364
1.20292
0.904371
1.53519
0.927787
0.846168
1.716
1.08623
1.04144
1.42225
1.64485
1.06658
1.36982
1.16361
1.46789
1.35212
1.58519
1.05811
1.37783
1.50697
1.07515
1.40211
1.48149
1.48201
1.04636
1.01602
1.12581
1.57238
1.15188
1.55068
1.15511
0.856159
1.57372
1.18341
1.28601
1.27296
0.976689
1.64204
1.716
0.661619
1.42632
1.23158
1.52255
1.40385
0.931073
1.59211
1.52846
1.42181
1.48703
0.974629
1.11621
1.61311
1.11579
1.31802
0.833151
1.44995
1.00799
1.32784
1.32251
1.36802
1.34086
1.35097
1.5585
1.43917
1.23978
1.24068
1.42918
1.00642
1.29189
1.06505
1.53776
1.47322
1.44633
1.0477
0.879771
1.33647
1.1615
1.35021
1.09536
0.986144
1.20786
1.39027
1.36053
1.34274
1.53654
0.561477
1.69846
1.6822
1.11577
1.716
1.11461
1.23447
1.19716
1.42717
1.18979
1.1953
1.01403
1.31981
1.35087
1.56557
1.27776
1.56912
1.30139
1.30327
1.01933
1.16253
1.59394
1.109
1.30681
0.920954
1.25365
1.39982
1.50478
1.34805
1.37369
1.10704
0.990471
1.42025
1.33282
1.40744
1.2314
1.47501
0.966965
0.669448
1.52667
1.38545
0.824256
0.960481
1.2404
1.10523
1.24313
1.23183
1.4389
1.07617
1.1893
1.21238
1.44455
0.976959
1.42028
0.646233
1.54195
1.39547
1.46901
1.67645
1.68958
1.28172
1.0602
1.712
1.07625
1.06297
1.26352
1.56546
1.41124
1.29261
1.716
1.33448
1.62544
1.22494
1.20645
1.22481
1.41568
1.716
1.70552
0.888369
0.953285
1.22363
1.00786
1.25146
1.46198
0.97233
1.51766
1.12108
1.07239
1.716
1.49609
1.16923
1.716
1.13592
1.07119
1.05941
1.44816
1.19297
1.64435
1.24461
1.24007
1.33895
1.1821
0.845598
1.36124
1.53117
0.833609
1.11608
0.905742
1.30683
1.30873
1.43344
1.13242
1.01589
1.21909
1.716
1.14089
1.37571
1.25016
1.42412
1.05186
1.1351
1.21268
1.28398
1.60422
1.36656
1.51116
1.10436
0.661106
1.11516
1.716
1.31977
0.850688
1.716
1.06089
0.906913
1.206
1.23289
1.3637
1.716
1.50534
1.33014
1.01031
1.51661
1.60978
1.24313
0.907096
1.04421
0.916828
0.902051
1.05373
1.61509
1.24381
1.3983
1.04593
0.908584
1.716
0.808366
1.10219
1.716
1.24925
1.1194
1.3641
0.688333
1.10648
1.17607
1.30632
1.51777
1.29936
1.37672
1.36517
1.20452
1.21739
1.57034
1.23553
0.914089
1.00764
0.963002
1.40045
1.00972
1.3466
1.36279
1.11565
1.18392
0.908231
1.3124
1.716
1.30473
1.1729
1.07924
1.1696
1.49568
1.16612
1.41618
0.952597
0.902686
1.31476
1.24051
0.989392
0.942281
1.31759
0.897419
1.63199
1.02544
1.33643
1.16665
1.44016
0.954911
1.20813
1.59138
1.28203
1.37442
1.19232
1.17631
1.38785
1.57764
1.3363
1.06978
1.43677
1.36716
1.07193
1.49787
1.28746
1.60749
1.50035
1.00137
1.39076
1.06642
1.05862
1.48582
1.67806
0.863586
1.10391
0.865932
1.51331
1.68997
1.41764
1.41798
1.06505
1.17602
1.02088
1.12843
1.37982
1.54111
1.35161
1.50468
1.52749
1.35141
1.02547
1.55372
1.58282
1.23587
1.34604
1.10017
1.32082
1.22573
1.37863
1.04332
1.41665
1.19006
1.11521
1.13519
0.807826
0.574511
1.36802
1.59136
1.5177
1.66848
1.35606
1.0509
1.03832
1.38318
1.1516
1.10871
1.52501
1.44846
1.36222
1.50009
1.21948
1.09962
1.14883
1.44181
1.54463
1.56397
0.923544
1.36482
1.39902
1.12086
1.03868
0.897516
1.40081
1.02154
0.935732
1.23386
1.53225
1.47587
0.782627
1.59293
1.15244
1.36502
1.47698
1.39426
1.26376
1.37689
1.33845
1.29041
1.42885
1.04294
1.33814
1.25085
0.87812
1.36333
0.98619
0.855849
1.19796
1.01008
1.52436
1.22397
1.4175
1.44496
1.0095
0.912916
1.716
1.53783
1.5276
1.28212
1.4285
0.947617
1.69065
1.15041
1.11531
1.1667
1.71091
1.15042
1.06449
1.17659
1.56586
1.39363
1.21366
1.2899
1.36487
1.56022
1.23496
1.22519
1.17947
1.28626
1.07758
1.06101
1.12884
0.946904
1.20328
1.00379
1.2237
1.09101
1.17687
1.45372
1.22805
1.5828
1.64819
1.2835
1.35701
1.64198
1.18131
1.38884
1.25348
1.20627
1.26172
1.33417
1.18108
1.20822
1.35042
1.716
1.53821
1.21942
1.50134
1.716
1.70685
1.18127
1.37689
1.21963
1.27576
1.17349
1.42319
1.27474
0.871081
1.2208
1.58604
1.44799
1.44208
1.41415
1.28696
1.13246
1.06003
1.32874
1.06212
1.716
1.37147
1.2139
1.48761
1.29086
0.90132
1.16003
0.974714
1.716
1.69384
1.44506
1.24094
1.14584
1.33449
1.22152
1.04764
0.964855
1.716
1.0156
1.12299
0.96535
1.53414
1.00771
1.17544
1.54107
0.928553
1.18214
1.27562
1.44227
0.973344
1.07211
1.14383
1.40273
0.880312
1.25271
1.42269
1.42222
1.36082
1.29167
1.71341
1.53022
0.888863
1.09421
1.02383
1.716
1.716
0.989173
1.22959
1.54443
0.913742
1.04565
1.716
1.40555
1.22358
1.13087
0.835682
1.43005
1.43961
1.22695
1.14956
1.03276
1.52796
0.816536
1.10611
1.36398
1.20832
1.66518
1.13753
1.4264
0.905903
1.38011
1.34954
0.91413
1.13557
1.18086
1.2485
1.21659
1.716
1.32351
1.51824
1.37534
1.26997
1.5033
1.09684
1.52202
1.45988
1.47318
1.35352
1.10522
1.0751
1.59545
1.31135
1.54514
1.25358
1.10187
1.14686
1.34946
1.32489
1.25887
1.23872
1.716
0.944559
1.34104
1.716
1.12053
0.952929
1.00958
1.716
1.10777
1.41466
1.35154
1.27723
1.12856
1.59841
1.48471
0.781262
1.51461
1.48441
1.37248
1.33499
1.10786
1.38678
1.25998
1.55878
1.43763
1.46481
1.41696
1.47215
1.09898
1.61895
1.0901
1.57329
1.34368
1.29651
1.38864
1.25495
1.02499
1.36191
1.11136
1.16122
1.576
1.24387
0.647671
0.937411
1.24896
1.40101
1.58198
1.20528
0.921973
1.37544
1.30628
1.37229
1.29521
1.3641
1.21296
1.62162
0.868632
1.25724
1.31709
1.10571
1.5254
1.42989
1.3994
1.55819
0.989055
1.20375
1.46644
1.08409
1.00406
1.48991
1.22346
0.988139
1.18503
1.46313
1.64747
0.773781
1.24325
1.20599
1.24854
1.17035
1.29263
1.23764
1.10155
1.51027
0.900341
1.17806
1.32894
1.06434
1.70597
1.35914
1.23063
1.26797
0.951283
0.851229
1.21289
1.08891
1.53309
1.56416
1.35142
1.28604
1.32582
1.27552
1.33441
1.716
1.3046
1.56162
1.63555
1.716
1.49824
1.33978
1.4421
1.4533
1.3597
0.793202
1.47279
1.66612
1.22656
1.40133
1.15438
1.35887
1.12083
0.952463
1.38781
1.22517
1.02905
1.716
1.29117
1.27584
1.70252
1.53517
1.10021
1.39519
1.17098
1.33621
1.19008
1.04716
1.39242
1.36357
1.43047
0.97457
1.14428
1.49707
1.22901
1.716
1.21942
1.29989
0.771767
1.08305
1.61245
1.52399
0.744348
1.44549
1.27474
1.20533
1.15757
1.49723
1.47699
1.11032
1.44984
1.42861
1.21013
1.13877
1.05168
1.19998
0.771118
1.62646
1.12812
1.54839
1.13037
1.28398
1.4252
1.24115
1.47475
1.48098
1.58751
1.37894
1.40804
1.25645
1.67207
1.27673
1.463
1.716
1.49824
1.29766
1.04031
1.06562
1.25519
1.07437
1.09704
1.38513
1.50501
1.23931
1.26141
1.31462
1.26241
1.31619
1.50506
1.28055
1.716
1.07094
1.5439
1.0597
1.68267
1.41921
1.35927
1.24962
1.29088
1.43764
1.70859
1.34003
1.45614
1.43531
1.41077
1.23162
1.40345
1.4991
1.4898
1.33896
1.15554
1.44198
1.716
1.56737
1.28712
1.42755
1.52807
1.32354
1.48908
1.29183
1.21038
1.22751
0.876608
1.00251
0.788855
0.949695
1.28724
1.09504
1.53033
1.66784
1.18196
1.302
0.840821
1.24283
0.972452
1.03492
1.16635
1.38087
1.15558
1.43306
0.957795
1.59504
1.55189
1.716
1.00153
0.807152
1.20841
0.728553
1.51582
1.41184
1.716
1.27336
1.10149
1.27654
1.50296
1.00715
1.09907
0.920023
1.0169
0.811693
1.31236
0.826803
1.30403
1.08704
1.13724
1.716
1.44847
1.44608
1.21784
1.16751
1.45279
1.07462
1.57036
1.52712
1.44748
1.716
0.971322
1.21424
1.23682
1.30627
1.08633
1.36524
1.2277
1.2826
1.28476
1.03271
0.759465
1.11323
0.883698
1.48737
0.953961
1.52478
1.03013
1.40938
1.10722
0.989545
1.40602
1.68792
1.22347
1.32946
1.17399
1.17076
1.41836
1.57118
1.61962
1.716
1.26235
1.12736
1.62288
1.0969
1.44624
0.866021
0.835383
0.91181
1.55053
0.894599
1.19941
1.55999
1.65555
1.21426
1.40524
1.2887
1.36589
1.61863
1.39998
1.06245
1.38095
1.47452
1.49964
1.4851
1.6064
1.07809
1.4126
1.34325
1.6316
1.22406
1.716
1.4859
1.42603
1.50018
1.52927
1.0311
1.07532
0.930619
1.32194
1.02428
1.19744
1.07457
1.03609
1.04368
1.35911
1.01042
1.59304
1.07766
1.14955
0.763857
1.13371
1.11275
1.27262
1.35045
1.2066
1.62109
1.3239
1.3475
1.58963
1.15379
1.42599
1.23467
1.45853
1.32205
1.46641
1.27208
1.09181
1.53903
1.01979
1.17405
1.10777
1.02461
0.747513
1.48596
1.36689
1.32943
1.33844
1.45794
1.716
1.09899
1.52258
1.45717
1.51842
1.57748
0.92156
1.60671
1.40999
1.45357
1.20033
1.08337
1.15565
1.22596
1.28664
1.31493
1.69863
1.23108
0.999175
1.27431
1.29529
1.38055
1.6628
1.036
1.59921
1.38035
1.29393
1.20587
1.35193
1.28451
0.994052
1.23239
1.34078
1.67708
1.39602
1.11958
1.33448
1.2756
1.716
1.47423
1.52555
1.45075
1.08314
1.11656
1.20009
1.31035
1.5926
1.11884
1.4486
1.03886
1.28266
0.934255
1.20493
1.2988
0.958126
1.47433
1.43162
1.50489
1.69858
1.40988
1.11229
1.12854
1.20149
1.1289
1.59158
1.15369
1.06403
1.3883
1.12689
1.37468
1.42149
1.41774
1.59239
1.3327
1.01688
1.46428
1.67418
1.6271
1.24613
1.38456
1.31422
1.21619
1.31819
1.2004
0.992621
1.16543
1.42652
1.37731
0.928566
1.16605
1.63199
0.997623
1.55958
0.992481
1.20703
1.22264
1.4953
1.42364
1.69634
1.03591
1.03678
1.56205
0.746822
1.2331
1.29621
1.43565
1.58563
1.22672
1.20905
1.23285
0.987017
1.39176
0.954368
0.953121
1.12217
1.04726
1.01742
1.09994
1.27371
1.46617
1.30335
1.52443
1.14031
1.1518
1.42036
1.61692
0.604003
1.67221
1.15559
1.5377
0.97331
1.31419
1.63261
1.29746
1.39237
1.34518
1.57889
1.39059
1.62779
0.878161
1.33877
1.38558
1.50694
1.25862
1.55657
1.00106
1.716
1.18586
1.716
1.14899
1.26241
1.00594
1.71177
1.64603
0.774269
1.47628
1.01867
1.56705
1.67803
1.27299
1.45237
1.01702
1.12535
1.42985
1.42189
1.49215
1.19063
1.06891
1.19425
1.56346
1.53877
1.12694
1.17832
1.06945
1.15586
1.716
1.5921
1.35537
1.4408
1.52832
1.23119
1.11505
1.22446
1.0083
1.06255
0.982618
1.31085
1.16004
1.716
0.843102
1.29179
1.1504
0.792319
1.17251
1.21398
1.40997
1.33558
1.54969
1.32655
1.07046
1.27977
1.63115
1.28305
1.26562
1.14433
1.55861
1.18585
1.40293
1.30769
1.58931
1.42242
0.986325
1.33211
1.716
1.15282
1.716
1.69785
1.37532
1.34707
1.11712
1.54317
1.36407
1.41849
1.43965
1.22707
1.13837
1.10912
1.38597
1.42264
1.31674
0.894967
0.91889
1.46816
1.03263
1.58782
1.36014
1.35317
1.39975
1.34184
1.42658
1.28063
1.33316
1.49365
1.1886
1.23946
1.38033
1.2393
0.718066
0.75071
0.849052
1.0618
0.942592
1.14671
1.64771
1.43336
1.42176
0.690775
1.21525
1.45445
1.48435
1.42986
1.12942
1.5741
1.17863
1.716
0.78505
1.29418
1.37276
1.56505
1.20151
1.716
1.28887
1.60457
1.29342
1.09658
0.928718
1.66469
0.950965
1.396
1.33039
1.57521
1.14757
1.06604
0.970276
1.1535
1.29143
1.39627
1.2838
1.08815
1.64195
1.13038
1.44369
1.11826
1.01765
1.45556
1.19655
1.01444
0.947906
1.1462
1.17773
1.63454
1.3788
0.795473
1.28723
0.949807
1.44423
1.09039
1.10174
0.925445
1.47295
1.15279
0.883259
1.08474
1.716
1.09046
0.781908
1.34689
0.90507
1.20113
1.17439
0.954543
1.52083
1.31471
1.00268
1.37214
1.00079
1.20622
1.36094
1.40253
1.26765
1.55783
1.20876
1.52324
1.60163
1.53948
1.41533
1.24699
1.34491
0.917859
1.35268
1.16493
1.13702
1.30139
1.28569
1.16252
1.40584
1.716
1.62644
0.994948
1.207
1.36868
0.817941
1.06201
1.49871
1.07197
1.23243
1.22099
1.17504
1.17235
1.60526
1.26894
1.21614
1.35407
1.44216
1.716
1.22492
1.27486
1.49666
1.20606
1.1109
1.716
1.40285
1.39558
1.28339
1.2868
1.13423
1.55581
1.509
1.12427
1.02929
1.22608
1.15114
1.30898
1.55622
1.43754
1.26617
0.740105
1.13823
1.44287
1.47396
1.716
1.716
1.30469
0.64391
1.22933
1.39777
1.05098
0.893239
1.10961
0.915205
1.22521
1.37742
1.26484
1.40544
1.11784
1.36292
1.31522
1.42848
1.716
1.29295
1.48531
1.44977
1.30259
1.716
1.5065
0.926608
1.06334
1.3407
1.50952
1.27812
1.11318
0.983428
1.26945
1.716
1.15867
1.48741
1.39521
1.49312
1.25757
1.4172
1.34124
1.02191
1.36226
1.34606
1.21551
1.2799
0.965137
1.28517
1.09844
1.15915
1.2462
1.38772
1.19906
1.47799
0.991636
0.623668
1.55274
1.50603
1.43329
0.98185
1.20844
1.20831
1.15721
0.981438
1.69924
1.14766
1.716
1.39661
0.789332
1.16306
1.29524
1.18883
1.19918
1.18334
0.867102
1.01903
1.66707
0.917433
1.00661
1.53381
1.14821
1.65429
1.02781
1.55591
0.806483
1.05234
1.60883
1.35991
0.79034
0.662892
1.11378
1.1489
1.44609
1.25128
1.23788
1.716
1.3058
1.39786
1.07148
1.16596
1.37458
1.58642
1.42741
0.839642
1.43
1.03398
0.916906
0.870136
1.22134
1.46914
1.716
1.55552
1.6812
0.923622
1.01653
1.01185
1.52689
1.24991
1.716
1.47073
1.49112
0.828932
1.32965
1.44863
1.24742
1.10584
1.48075
1.57039
1.34323
1.2974
1.33447
1.25312
0.930767
1.44013
1.08764
1.49028
1.63678
0.75168
1.39792
1.49547
1.35346
1.20547
1.49881
1.49128
1.32728
1.716
1.21939
1.5665
1.26327
0.960595
0.759882
1.22708
1.00676
1.05162
1.31732
1.09112
0.890508
1.0838
1.08115
1.56166
1.00893
1.32505
1.04963
1.26273
1.34735
1.31225
1.37612
0.85597
1.30434
1.18533
1.23133
1.05089
0.811083
1.56216
1.13897
1.11412
1.64272
1.5818
1.16059
1.04821
1.61887
1.14743
1.69164
1.56189
1.13606
1.09587
0.954174
1.23783
1.09981
1.1071
1.47154
1.49592
0.852868
1.43643
1.42341
1.13961
1.59079
1.44418
1.00763
1.29705
1.4301
1.19582
1.37383
1.17577
1.70316
0.94828
1.17709
1.35311
1.4218
1.1708
1.51266
1.13906
1.6213
1.2068
1.3488
1.34301
1.21377
1.07595
1.716
1.50433
1.51951
0.924699
1.47244
1.06334
1.41362
0.876
1.13641
0.973875
1.47773
1.63567
1.25901
0.683113
1.432
1.07744
0.911453
1.12859
1.66204
1.31043
1.11361
1.716
1.30177
1.32179
1.25272
1.19454
1.24823
1.24062
1.48839
1.22293
0.738364
1.27887
1.63683
1.20694
1.19799
1.51608
1.04598
1.19607
0.900646
1.33007
1.32232
1.716
1.03269
1.10699
0.91553
1.12977
1.64985
1.44019
0.955601
1.49802
1.38273
1.44384
1.38134
1.06373
0.923115
0.92033
1.42473
1.18952
1.2635
1.70285
1.2839
1.03412
1.03393
0.864992
1.716
1.39265
1.59071
1.716
1.3754
0.988418
0.990392
1.52248
1.49786
1.06188
1.716
1.28349
1.2032
1.34407
1.07399
1.45999
1.32933
1.39434
1.46809
0.894976
0.857275
1.02334
1.35028
1.42978
1.27657
1.42015
0.810855
1.27078
1.29331
1.04922
1.29381
1.42298
1.10359
1.40184
1.33991
1.2769
1.53955
1.4861
1.3016
1.08542
1.03668
1.22113
1.17248
1.49533
1.716
1.23163
1.60367
1.3363
1.51932
0.929475
1.51919
0.989219
1.41043
1.36656
1.63727
1.4987
0.920539
1.20697
1.55044
0.836714
0.981183
1.43747
0.688731
0.951803
1.2249
1.42867
1.17835
1.22038
1.08729
1.716
1.6941
1.31687
1.2381
1.29273
1.38738
1.16223
0.682158
0.822963
1.05134
1.13232
1.59192
1.14334
1.67157
1.49318
1.2683
1.16696
1.24895
0.864979
1.36263
0.814853
0.568166
1.0986
1.585
1.22329
1.23221
1.2488
1.30669
1.02166
1.22411
1.2202
1.43051
0.916348
1.12617
1.29989
1.39944
0.947382
1.29114
1.55604
1.07366
1.697
1.716
1.35596
1.30586
1.15947
0.754898
1.29394
1.35767
0.991273
1.12538
1.06331
0.780749
1.14048
1.716
1.14675
0.927664
1.67332
1.20776
1.3626
1.716
1.32388
1.70867
1.47579
1.12261
1.25605
1.19503
1.63576
1.28583
1.16463
1.50041
1.29497
1.12654
1.716
1.16623
1.42027
1.24312
0.922031
1.30672
1.45763
1.48164
1.09118
1.43791
1.40949
1.15754
0.958831
1.14046
1.40264
1.39409
1.54019
1.457
0.755494
1.0449
1.34744
1.11318
1.03597
1.64353
1.51529
1.01272
0.833952
1.16206
1.29242
1.716
1.13641
1.33985
1.25162
1.14749
1.21443
1.37873
1.22639
1.2828
1.38928
1.716
1.29995
1.25623
1.48863
1.62382
1.05009
1.23158
1.19308
1.29507
1.08764
1.20308
1.716
1.09871
1.44571
1.15754
0.778663
0.920346
1.5073
1.24563
0.69434
0.998558
1.22982
0.821096
1.25481
1.05867
1.43811
1.21007
1.17053
1.44709
1.31673
1.38734
1.20519
1.41079
1.69425
1.51557
1.02147
1.18481
1.15701
1.06559
1.243
1.45895
0.900762
1.06906
1.07538
1.24437
1.48646
1.18196
1.1741
1.41682
1.08453
1.35499
1.64945
1.66254
0.92805
1.29591
1.02808
1.13891
1.28374
1.53017
1.716
1.19069
0.888128
0.789412
1.47682
1.40149
1.12602
1.02474
1.06101
1.4393
1.15364
1.35854
1.62255
1.30422
1.2658
1.716
1.58662
1.30598
0.816144
1.25285
1.48761
1.38863
0.937214
1.22697
1.2748
1.60924
1.13111
1.4476
1.47503
1.51396
1.26879
1.21863
0.598342
1.51021
1.18705
1.716
1.4936
1.53412
1.44149
1.14161
1.1245
1.3881
1.12976
0.952661
1.4395
1.38246
1.14741
1.24942
1.59951
0.881708
1.56156
1.50933
1.50804
1.56368
1.31105
1.6622
1.62371
1.03118
1.36662
1.25995
1.716
1.36434
1.26993
1.13684
0.864078
1.57528
1.09206
1.12892
0.981978
1.09144
1.51073
1.28403
1.41216
1.27348
1.22365
1.32476
1.47062
1.12986
1.10205
1.55972
1.32307
1.33191
1.38474
1.28655
1.33007
0.910083
0.905497
1.45967
1.47432
1.11568
1.66661
1.17944
1.15162
1.53191
1.41078
1.60919
1.19637
1.09704
0.812268
1.716
1.13669
1.05552
1.28266
1.32484
1.40996
1.54122
1.56121
1.5055
1.59758
1.60821
1.54896
1.02725
1.44922
1.52867
1.00182
1.4489
1.27124
1.19318
1.61017
1.50108
1.09645
1.2046
1.34554
1.63742
1.2462
1.37944
1.50498
1.31206
1.24289
1.06257
1.06861
0.844559
1.09799
1.28196
1.087
1.30033
1.37575
1.61376
1.45401
1.05787
1.26866
1.25554
1.07748
0.797803
1.28305
1.06387
0.958851
1.24762
1.20731
1.716
1.07553
1.31467
1.63927
1.08844
1.47215
1.48664
1.10106
1.14647
1.21536
1.08655
1.36669
1.30175
1.24482
1.40151
1.49008
1.44822
1.32344
1.19196
1.41729
1.09698
1.40043
1.38319
1.63695
1.53349
1.24051
1.33202
1.53014
1.55085
1.17443
1.06035
1.25398
1.36576
1.57548
1.23504
1.44249
1.25947
1.37215
0.910704
1.3005
1.716
1.29481
1.25945
1.716
1.28967
1.05429
1.29745
1.19297
0.824463
1.06157
0.875261
1.50822
1.31536
1.4647
1.61002
1.39851
1.59969
1.37224
1.20773
1.716
1.02146
1.3665
1.4401
1.46637
1.28681
1.03662
0.872151
1.0046
1.61364
1.68352
1.22631
1.27141
1.716
1.50386
1.716
1.54815
1.37934
1.11964
1.5558
1.32674
1.18284
1.24398
1.716
1.42735
1.40375
1.26667
1.35581
1.03431
1.27574
1.4413
1.15719
1.37516
0.898891
1.6643
1.33227
1.35062
1.30074
1.26789
0.916037
1.4064
1.28556
1.04946
1.35726
1.60705
0.921351
1.2608
1.37535
1.35806
0.922451
1.15839
1.00343
1.32064
1.25358
1.02746
0.952105
1.10085
1.0979
0.633009
1.0563
1.21528
1.12915
1.25365
0.76148
1.43187
1.37772
1.07405
1.60048
1.22137
0.938588
0.842892
0.924901
1.16198
1.13443
1.4959
1.5888
1.52848
1.62549
1.57645
1.39002
0.711631
1.50276
1.25446
1.09823
1.49772
1.14318
1.3795
1.21882
1.37226
1.716
1.01763
1.62596
1.49834
1.29536
1.51771
1.31264
1.46775
1.26749
0.939815
1.04306
1.08912
1.1881
1.33007
1.10815
1.48056
1.15546
1.18078
1.0418
1.37852
0.820186
1.4601
0.990885
1.30384
1.716
1.34008
1.03629
1.5606
1.36311
1.20374
1.1619
1.27212
1.716
1.33418
1.2103
1.25222
1.21313
0.899788
1.52584
1.06542
1.18799
1.34231
1.16097
1.44064
1.443
0.967867
1.23182
1.34526
1.59659
1.51992
1.52422
1.30573
1.32486
1.3105
1.24469
1.71331
1.23821
1.51268
0.938236
0.955447
0.979132
1.49674
1.2634
1.14963
1.21616
1.09787
0.993753
1.41892
1.7027
1.42298
1.50124
1.07977
1.26878
1.42545
1.26967
1.18406
1.55621
1.45194
1.09737
0.997153
1.66475
0.977666
1.12396
1.44936
1.30884
1.68132
1.40591
1.35441
1.3505
1.716
1.64093
1.29065
1.22019
1.16658
1.28556
0.903747
1.31104
1.09195
1.0415
0.969542
1.23912
1.4311
0.861768
1.29827
1.38041
1.48951
1.01728
1.1449
1.22869
1.13791
1.63429
1.716
1.48865
1.4064
1.48253
1.47013
1.28405
1.32788
1.36432
1.47387
1.6431
1.10561
1.1785
1.10828
1.12405
1.22738
1.28389
1.06145
1.05352
0.988948
0.776192
1.14845
1.716
1.49564
1.35528
1.03696
1.51568
1.06226
1.59802
1.51407
1.42401
1.66343
1.44693
0.998571
1.25485
0.971128
1.47272
1.53333
1.40504
1.21894
1.0222
1.38217
1.16647
1.01312
1.20893
1.08538
1.26432
1.0848
1.09428
1.66624
1.08698
1.19036
0.9217
1.11996
1.716
1.54831
1.65742
1.4266
1.39357
1.07326
1.06397
1.1348
0.833689
1.21446
1.21231
1.14022
1.29353
1.35178
1.22151
1.03521
1.716
1.41495
1.26285
1.55777
0.929298
1.20318
1.34263
1.37391
1.31375
0.990342
1.66668
1.27194
1.39957
1.716
1.16954
1.11977
1.06511
1.10853
1.4338
0.992484
1.02319
1.35307
1.01352
1.06461
1.13438
1.35694
1.35918
1.08946
1.0408
1.40019
1.58023
1.716
1.24598
1.17878
1.29685
1.20892
1.28745
1.59094
1.5703
1.33222
1.25752
1.27759
1.06538
0.943228
1.25312
1.27603
1.47852
0.939825
1.716
1.716
1.29071
1.42694
1.2711
1.29339
1.39735
1.716
1.16178
0.898311
1.45023
1.26008
1.21975
1.45191
1.3369
1.09111
0.933802
1.21298
1.42661
0.967853
1.04054
1.42479
1.26851
1.2921
1.2781
1.47188
1.22043
1.39367
1.65972
1.0078
0.646022
1.716
0.948146
1.24086
1.09572
1.43116
1.716
1.48828
1.31531
1.4994
1.36755
1.08887
1.21581
1.61642
0.76774
1.0435
1.20183
0.978169
0.877071
1.4012
1.37903
1.13891
1.38995
1.08294
1.43575
1.47558
0.89182
1.02388
1.63977
1.49215
1.47522
1.18303
1.33124
1.6592
1.56338
1.31132
1.40227
1.716
0.999997
1.26393
1.04968
1.1362
1.24398
1.43665
1.68469
1.41001
1.05429
1.43365
1.4386
1.4487
0.993979
1.11743
1.28664
1.7117
1.13499
1.37953
1.54741
1.3598
1.63405
1.41839
1.11977
1.36702
1.2817
1.716
0.992706
1.23517
1.53907
1.41201
1.17623
1.41653
1.55482
1.47898
1.50883
1.51265
1.37469
0.852293
1.25471
1.11592
1.3695
1.06824
1.28889
0.999303
1.54907
0.90194
1.21377
1.68127
1.47125
1.52963
1.27329
1.27517
1.1568
1.53285
1.48472
1.13733
1.67998
1.2578
0.9485
1.07217
1.40407
1.4715
1.70358
1.16546
1.45695
1.11166
1.02024
1.34018
1.1115
1.57849
1.2547
1.12443
1.39509
1.15453
1.13699
1.28202
1.39391
1.69194
1.15559
1.43033
1.61473
1.14432
1.27934
1.36083
1.51088
1.67223
1.37645
1.18289
0.977003
1.20796
1.60295
1.39117
1.18181
1.35199
1.41569
1.60963
1.28491
0.843229
1.14571
0.921056
1.29211
1.16453
1.04525
1.44806
1.05522
1.22064
1.25244
1.54356
1.29123
1.34273
1.42938
1.2757
1.55845
1.19045
1.59705
1.31085
1.16402
1.65627
1.55533
1.1284
1.56462
1.03523
1.25629
1.49156
1.5426
1.06582
1.40201
1.57409
1.52081
1.03416
1.2416
1.33904
1.35537
1.59715
1.09939
1.27367
1.162
0.909486
0.686101
1.12211
1.40663
1.42571
1.09213
1.49165
1.55928
1.25013
1.5018
1.31015
1.36023
1.46119
1.04055
1.2858
1.52361
1.20212
1.23129
1.47557
1.53202
1.46759
1.16411
1.29408
1.09587
0.953613
1.35667
1.45948
1.25677
1.45312
1.075
1.03857
1.20449
1.39271
1.57689
0.791477
1.716
1.10244
1.04566
1.5014
0.93494
1.05262
1.25969
1.5075
1.07624
1.36888
1.05342
1.52247
1.48024
1.06976
1.3324
1.14514
1.47679
1.716
1.15548
1.52481
1.43954
1.2945
1.33916
1.32075
1.38262
1.58039
0.915703
1.28433
1.51622
1.13503
1.0566
1.716
1.05887
1.716
1.52884
1.716
1.12541
1.716
1.48682
0.735354
1.56722
1.63632
1.4646
0.960162
1.39188
1.16392
1.37471
0.784018
1.2989
1.21497
1.19236
1.37388
1.03932
1.13824
1.47991
1.52751
1.03102
1.5742
0.937826
1.28426
1.716
1.25322
1.0808
1.12834
1.47494
1.31916
1.40635
1.23152
1.37993
1.05987
0.75212
0.966986
1.03298
1.31173
0.957495
1.63419
1.39153
1.48876
1.20039
1.4
0.891973
1.716
1.37612
1.20748
1.22821
1.52135
1.3708
1.10531
1.36206
1.1503
1.38561
1.43174
0.761742
1.33012
1.05921
1.11726
1.25622
1.48247
1.23676
1.26382
1.17571
1.2647
0.935026
1.35285
1.30767
1.30133
1.19243
1.15137
1.46839
1.06234
1.09061
1.716
1.26924
1.15387
1.33101
1.28863
1.2571
1.49724
1.12416
1.46652
1.44296
1.22567
1.2415
1.716
0.984728
0.908622
1.02448
1.29161
1.21668
1.03988
1.30274
1.03438
1.09907
1.19452
1.38138
1.4146
1.60055
1.29583
1.04757
1.11054
1.34063
1.29513
1.22246
0.954316
1.05055
1.64932
1.14239
1.03772
0.946053
1.716
1.70168
1.61554
1.15151
1.1083
1.49805
1.37664
1.17751
1.36999
1.15829
1.2934
0.986094
0.739949
1.2276
0.567573
0.935657
1.29357
1.22605
0.873307
1.03872
1.13251
1.48085
1.716
1.33012
1.22911
1.37387
1.716
1.3828
1.59175
1.22379
0.908161
0.995751
0.959903
1.32343
1.58272
1.20886
1.20459
0.89657
1.22595
1.58171
1.35837
1.11081
1.35853
0.933103
0.797519
1.3736
1.24632
1.716
1.38572
1.20034
1.28252
1.51849
1.30243
1.19316
1.24899
0.870437
1.11926
1.55528
0.923024
1.46774
1.39995
1.25648
1.30459
1.3428
1.45581
1.53434
1.36337
1.12705
0.885952
1.54938
1.25109
1.66136
1.41429
1.20741
1.16328
1.716
0.685684
1.26187
1.27398
1.31931
1.49599
1.43137
1.55772
1.45072
1.30315
1.41369
1.07521
1.33666
1.2401
1.62906
1.09927
1.56453
0.687592
1.63844
1.3506
1.16844
1.27765
0.998092
1.35873
1.09983
1.32548
1.25862
1.13345
1.30377
1.2408
1.27308
1.2901
1.45907
0.885306
1.60207
1.43081
1.2353
1.54733
1.46012
1.26953
1.69332
1.716
1.13009
1.55563
1.28595
1.43402
1.61087
1.25454
1.18833
1.20397
1.23984
1.43337
1.50297
1.67325
0.995769
1.02885
1.37786
0.933756
1.33537
1.50995
0.944899
1.45733
1.03275
1.17459
1.54443
1.2243
1.52342
1.5844
1.716
1.57064
1.09926
0.715535
1.1877
0.766165
1.38107
1.716
1.04224
1.28728
1.51534
1.16278
1.40962
1.47254
1.19935
1.36722
1.19566
1.30433
0.944685
1.39393
0.980666
1.15808
1.11534
1.716
1.12396
1.716
1.37932
1.38061
1.51773
1.37336
1.16205
1.12736
0.954305
0.763951
1.32951
1.26137
1.22976
1.31939
1.01687
1.22179
1.36461
1.47889
1.2788
1.15966
1.27733
1.0154
1.31444
1.00895
1.25016
1.50718
1.23387
1.31925
1.09562
1.33995
1.5864
1.02376
1.41694
1.716
1.61042
0.850546
1.4079
1.36621
1.18002
1.52865
1.27783
1.35975
0.945794
1.18047
1.12131
1.41546
1.45093
0.834322
1.47259
1.05217
1.59805
0.95708
1.70584
1.18239
1.24801
1.06007
0.920226
1.14663
1.32474
1.68893
1.34081
1.47153
1.08214
1.13303
1.35099
1.60088
1.37485
0.865223
1.21984
1.37065
1.22576
0.882867
1.60464
0.979883
0.950803
1.37753
1.09938
1.31905
1.3809
1.53092
1.02431
1.46088
0.857369
1.13061
1.22035
1.716
0.828868
1.2568
1.50738
1.29314
1.37717
1.26025
1.41505
1.3279
1.54246
1.716
0.987333
1.49643
0.835197
1.05101
1.18144
1.37239
1.15291
1.03657
1.24578
1.17672
0.975289
1.35162
1.68984
1.18745
1.20653
1.12717
1.03169
1.34791
1.29097
1.12528
1.68617
1.05157
1.2863
1.71244
0.947047
1.32231
1.23972
1.44339
1.716
1.25839
0.925414
1.24341
1.27486
1.40451
1.3423
1.65985
1.27083
1.25552
1.62267
1.06695
1.29203
1.52841
1.23907
0.855131
1.716
1.13846
1.47972
1.36594
1.60773
1.51847
1.46827
1.04091
1.31473
1.00682
1.40393
1.33717
1.24014
1.22139
1.43302
1.2686
1.55644
1.50083
0.744778
1.1961
0.521389
1.36016
1.24229
1.23366
1.00442
1.13734
1.23881
1.42624
0.972323
1.21865
1.25022
1.55814
1.26729
1.29024
1.15965
1.57647
0.963436
1.31664
0.774795
1.42981
1.48911
1.08121
1.25603
1.19929
1.39612
1.14104
0.995652
1.33168
0.939591
1.22409
1.26612
1.3133
1.18591
1.23499
1.65361
1.25659
1.60667
1.06006
0.880214
1.20499
1.716
1.716
1.2135
1.29069
0.754871
1.19397
1.13195
1.37861
1.27511
1.17417
0.735737
1.30015
1.28886
1.25928
1.65034
1.716
1.08763
1.716
1.09862
0.844955
1.62111
1.37755
1.15526
1.38472
1.23501
1.68423
1.01745
1.54719
1.14353
1.48806
1.716
1.15421
1.57384
1.48054
1.25066
1.56332
1.49809
0.980931
1.17763
1.63276
1.13003
1.59462
1.47811
1.30029
1.49395
1.25665
1.12144
0.852649
1.00272
1.27823
1.26046
1.45036
1.09012
1.43987
1.69475
1.36967
1.10303
1.47057
1.1303
1.24845
1.5097
0.969373
1.24328
1.36682
0.98505
1.14923
1.44626
1.49126
1.20434
1.30012
1.06419
1.42348
0.873698
1.02965
1.33801
1.26685
1.6331
1.20498
1.36128
1.50302
1.27928
0.995903
1.48042
1.14675
1.51343
1.12023
1.62269
1.3466
1.35615
1.15883
0.883456
1.40713
1.55406
1.39263
1.20601
1.28815
1.27893
1.32795
1.41135
1.46539
1.593
1.02561
1.49691
1.716
1.19126
0.932796
1.26298
1.1818
1.716
1.37519
1.12024
1.43312
1.58221
1.417
1.51216
1.34709
1.29272
0.782902
1.31922
1.23099
1.06315
1.68876
1.39649
1.20526
1.53589
1.21963
1.55137
1.28354
1.21441
1.05794
1.43029
1.56852
1.41461
1.32266
1.23881
1.13912
1.46016
1.34314
1.51637
1.30682
1.25418
1.57708
1.38681
1.10696
1.35136
1.02948
1.49631
1.04346
1.6541
1.35126
1.21521
1.66382
1.37428
0.90815
1.338
0.844188
1.06685
0.807948
1.31815
1.13374
1.42425
1.24471
1.11104
1.33224
1.54426
1.16882
1.08504
1.20996
1.56747
1.19341
1.0897
1.25736
1.60871
1.50418
1.32815
1.52869
1.50321
1.39531
1.39811
1.55694
1.00629
1.716
1.50013
1.31777
1.64082
1.42806
1.18452
1.24272
0.881866
1.21542
1.10764
1.59582
1.34489
1.15546
1.34304
1.40387
1.50603
1.24472
1.26238
1.27038
1.25337
1.45471
1.08414
1.14528
1.55656
1.61391
1.3515
1.32814
0.983124
1.12258
1.31462
0.750212
1.58224
1.18309
1.58156
1.50347
1.21012
1.716
1.37471
0.959422
1.46341
1.25538
0.897744
1.716
1.49136
1.14073
1.48919
1.32077
1.4618
0.945153
1.40336
1.37425
1.21226
1.46358
1.16935
1.24599
1.33023
1.20647
1.59268
1.01222
1.52861
1.2742
1.14082
0.86929
1.12113
1.35596
1.41366
1.31773
1.61557
0.950611
0.927514
1.55023
0.932851
1.457
1.46848
1.02787
1.31099
1.36718
1.05021
1.51677
0.897714
1.03473
1.47041
1.04485
1.60233
1.39834
1.44819
1.30331
1.2704
1.08163
1.04411
1.02874
1.32186
1.0914
1.16761
0.6
1.46227
1.10789
1.5837
1.34933
1.1408
1.07972
0.820555
1.40142
1.18474
1.58727
1.01827
1.08508
1.41491
1.42409
0.860054
1.48472
1.48356
1.10737
1.29536
1.02061
1.15906
1.42836
1.63981
0.731518
1.50115
1.04553
1.2397
1.31954
1.45464
0.992653
1.03306
1.41298
0.928327
1.0038
1.4534
1.26225
1.4927
1.07628
1.53332
1.51361
1.25092
1.39806
1.28896
1.65897
1.34324
1.20864
0.962613
1.32267
1.684
1.48154
0.862687
0.949901
1.716
1.08002
1.24971
1.34539
1.60193
1.00181
1.63168
1.31889
1.20762
1.18792
1.11178
1.66102
1.50253
1.43451
1.50783
0.807073
1.66085
1.03159
1.15424
1.34312
1.07808
1.21134
0.96661
1.18062
1.57441
1.41543
1.24991
1.40376
0.998006
1.44318
0.959344
1.20043
1.19224
1.25785
1.02527
1.33767
1.05439
1.716
1.28688
1.19565
1.2776
1.24015
1.22542
1.26876
0.980404
1.36165
1.54865
1.10059
1.31482
1.58205
1.03738
1.00062
1.10398
1.16833
0.977799
1.716
1.716
1.08064
1.30624
1.2424
1.16082
1.50037
0.98301
0.977893
1.3541
1.14986
1.21272
1.10791
0.980934
0.990721
0.70019
0.982533
0.939989
1.43095
1.31214
1.11237
1.716
1.19327
1.03765
1.27285
1.0946
1.10381
1.29332
1.58879
1.12118
1.6463
1.6218
1.41582
1.45054
0.979883
1.27007
1.09858
1.11324
1.02417
0.954543
1.35094
1.41544
1.20917
1.31033
0.758393
1.23901
0.839997
1.01116
1.20566
1.24769
0.915242
1.08645
0.82586
1.21453
0.818903
1.18422
1.18674
0.815289
1.22544
1.13962
1.19872
1.34097
1.57054
1.64635
1.716
1.47286
1.46048
1.35782
1.61525
1.48692
1.68259
0.983506
1.11749
1.32179
1.19089
1.42996
1.18444
1.38429
1.44763
1.09813
1.24787
1.3929
1.3693
1.35144
1.00504
1.45749
1.28441
0.996372
1.21066
1.28145
1.10604
1.02679
1.37055
0.693011
1.3675
1.23406
1.65968
1.15235
1.47269
1.32655
1.20684
1.32654
1.08249
1.29122
1.13204
0.986231
1.716
1.30089
0.717714
1.59917
0.984821
1.61195
1.12059
1.13276
1.41915
1.51955
1.01295
1.08347
1.27326
1.40717
1.08127
1.20232
1.36642
1.19821
0.968929
1.34974
1.45623
1.38628
1.48171
1.1118
1.69708
1.45948
1.67816
1.13235
1.71088
1.24886
0.975963
1.36127
1.11746
1.51859
1.12123
1.19572
1.49135
1.16768
1.3783
1.12803
1.37576
1.45457
1.57642
0.955296
1.25076
1.24961
0.897548
1.39992
0.943028
1.34366
1.60745
1.26793
0.918413
1.48462
1.28735
1.47518
1.40982
1.35152
1.36714
0.97773
1.03202
1.10346
1.36183
1.30568
1.3266
1.11308
1.05691
1.36094
1.63988
1.37493
1.22335
1.39961
1.16551
1.716
1.11613
1.34685
1.38096
0.973926
1.40692
1.17584
1.05974
1.34123
1.3678
1.01226
1.31276
1.30398
1.35975
1.18911
1.50534
1.44862
1.5905
1.36847
0.955303
1.46024
1.43499
1.54655
1.26561
1.716
1.70315
1.41809
1.28737
1.20088
0.976171
1.02008
1.53547
1.3253
1.13085
1.23137
1.0649
1.37732
1.19363
1.0307
1.21765
1.50491
1.53043
0.682347
1.47923
1.44055
1.06736
1.63273
1.42703
1.0627
1.1639
1.1669
1.20444
0.949933
1.42878
1.06991
0.787482
1.25338
1.19986
1.23768
1.25427
1.53876
0.991902
1.23474
1.1637
1.51843
1.25749
0.975933
1.32096
1.17834
1.43839
1.25571
1.46381
1.11294
1.17661
0.69634
1.6493
1.0977
1.46192
1.25797
1.40605
1.09809
1.53228
1.44007
1.12865
1.05996
1.69253
1.06435
1.36479
1.20048
1.51577
1.23429
0.904114
1.44114
0.826677
1.09315
1.2625
1.64432
0.997065
1.35785
1.54721
1.339
0.871495
1.69962
1.32229
1.14598
1.59953
1.53766
1.64499
1.31395
1.41014
0.864434
1.44341
1.00748
1.03638
0.83193
1.02771
1.34638
1.716
1.44148
1.02925
1.23051
1.29458
1.2293
1.4275
1.30715
1.28849
0.826075
1.53662
1.09355
1.39069
1.0596
1.49499
1.26104
1.68925
0.851177
1.19504
1.28651
1.66775
1.32546
1.4505
1.02163
1.59407
1.60252
1.2545
1.06779
1.30734
1.1202
0.968753
1.14987
1.0773
1.64319
0.831967
1.14827
1.16324
1.54919
0.955934
1.26035
1.21961
1.28047
1.26649
1.56343
1.12979
1.22859
0.912275
1.31523
1.36689
1.07785
1.31282
1.14382
1.23012
0.985575
1.13334
1.716
1.45063
1.25221
1.716
1.0216
1.3752
1.01421
1.1999
1.58198
1.27812
1.05547
1.56281
1.40902
1.44803
1.55671
1.35864
1.07681
1.49523
1.49107
1.25091
1.04056
0.944931
1.05776
0.829232
1.37106
1.0436
1.42223
1.23347
1.15246
1.37107
1.33591
0.9089
0.672858
1.716
1.46266
1.52409
0.859718
1.19474
1.34304
1.3733
1.43733
1.42456
0.98897
1.14601
1.0234
1.11994
1.33329
1.37685
0.987192
1.14387
1.32206
1.5813
1.61233
1.4637
1.08944
1.21644
1.06728
1.13037
1.14235
1.30981
0.987368
1.11865
1.20152
1.15086
1.44488
1.144
1.12568
1.33789
1.15293
1.10599
1.06543
1.06144
1.47194
1.29007
1.12946
0.700816
1.25864
1.08396
1.27444
1.55496
0.96785
1.08044
1.29626
1.42435
1.30041
1.58485
1.716
1.716
0.967607
1.32997
1.23024
1.30728
1.48107
1.07895
1.09998
1.58953
1.12241
1.42935
1.13834
1.26507
1.39272
1.00711
1.23624
1.20471
1.16141
0.989481
0.92138
1.34724
1.03366
1.50963
1.2401
1.1078
0.899849
1.28087
1.19128
1.21943
1.12638
1.63953
1.36751
1.69173
1.17989
0.972671
1.19066
1.45649
1.18834
1.49816
1.716
1.40617
1.52009
1.26002
0.892587
1.49143
1.07533
1.17698
1.46907
1.40018
1.49112
1.27425
1.11396
1.20136
1.08291
1.06851
1.716
1.50745
1.36254
1.41656
1.38368
0.968876
1.16532
1.3318
1.41427
1.33829
1.05921
1.14141
1.52946
0.764683
0.91995
1.43078
0.990639
1.25859
1.24162
1.56875
1.52842
1.1018
1.07734
1.0705
1.43388
1.63943
1.13612
1.30827
1.12918
1.45372
1.38697
0.998549
1.64702
1.32716
1.48103
1.40072
1.37179
1.35516
0.713584
1.59307
1.07484
1.31125
1.14016
0.938354
1.69972
1.716
1.12713
1.27084
1.28603
1.084
1.63404
1.21399
1.42314
1.31857
1.32769
1.57906
1.42917
1.22979
1.09501
1.33999
1.21538
0.975251
1.26536
1.60057
1.01641
1.42389
0.99122
0.877415
1.24339
1.29243
1.07566
0.995995
1.29474
0.861087
1.12252
1.58161
1.716
1.68826
1.34515
1.09064
1.69593
1.32638
1.11866
1.41623
1.54754
1.40257
1.35125
1.14504
1.21248
1.31877
1.56339
1.06197
1.33131
0.925959
1.28969
1.17144
1.32527
1.17594
0.819589
1.66108
1.6844
1.11031
1.31949
1.34436
0.8774
1.30816
1.71211
1.59136
1.716
1.46058
0.910211
1.27987
1.2308
1.3961
1.43405
1.59084
1.60456
1.53916
0.870479
1.06826
1.716
1.22518
1.14545
1.27188
1.1497
1.01754
1.5477
0.696725
1.25973
1.13313
1.38658
1.53143
1.2291
1.6691
1.0048
1.40596
1.16937
1.67338
1.1248
1.34037
0.914487
1.31643
1.44839
1.41576
1.20117
1.54824
1.28345
1.27007
0.921714
1.3228
1.35314
0.914841
0.894352
1.54716
1.17802
1.31551
1.10994
1.20188
1.36494
1.46733
1.24633
1.21689
1.03472
1.12427
1.48947
1.57938
1.04611
1.38134
1.28501
1.43283
1.04331
1.09006
1.07075
1.716
1.41836
1.58752
0.965239
1.41807
1.4074
0.996769
1.24246
1.13799
1.716
1.07368
1.43992
1.43098
1.63263
1.39526
1.31812
1.53491
1.00822
1.3076
1.39541
1.2407
1.26369
1.64327
1.33526
1.50247
1.35159
1.46812
1.61519
1.46796
1.35019
1.63837
1.42895
1.27234
0.895919
1.64695
1.01617
0.815885
1.63082
1.61802
1.11951
1.22154
1.38741
1.6047
1.34996
1.34377
1.50679
1.17292
1.45288
1.12553
1.67277
1.43619
1.15614
0.849242
1.05339
1.27218
1.34541
1.36672
1.19711
1.46789
1.07733
1.23642
1.49817
1.2496
1.49985
1.70407
1.39589
0.996742
1.47744
1.52342
1.32703
1.38096
1.11237
0.962413
1.26385
1.26702
1.4158
1.33244
1.20723
1.48777
0.9472
1.30777
1.50538
1.05757
1.34204
1.68824
1.13386
1.35939
1.64919
1.31061
1.21804
1.1456
1.52061
1.36973
1.52669
1.67564
1.18363
1.27287
1.0517
1.56414
1.07181
1.062
1.29152
1.6233
1.43721
1.42334
1.25921
0.98731
1.64928
1.09709
1.46714
1.17969
0.841994
1.37325
1.55472
1.58883
1.15994
1.24558
1.1957
1.20643
0.992174
1.22367
1.57846
1.1419
0.954856
1.23961
1.64062
1.22925
1.716
1.716
1.31302
1.12079
1.3426
1.2954
1.69742
1.4692
0.925616
0.967304
1.28769
1.03541
0.885818
1.45411
1.03897
1.33474
1.04305
1.57626
1.22216
1.525
1.244
1.25991
1.48539
0.664639
1.62081
1.23089
0.435772
1.47784
1.27297
1.34933
1.716
1.15084
0.969868
1.20756
1.48564
1.43572
0.844872
0.997438
1.55645
1.23523
0.82824
1.24555
1.47552
1.0652
0.93251
1.12771
0.83488
1.2612
1.39915
0.922552
1.43797
1.24187
1.12709
1.17531
1.47567
1.40664
1.08364
1.29762
1.04937
1.58721
1.06811
1.32872
1.16728
1.19284
1.16843
1.59482
1.716
1.53127
1.37636
1.20954
1.24344
1.01489
1.19893
0.966749
0.839164
1.2473
1.2269
1.22552
1.46893
1.3413
1.13963
1.19269
1.59876
1.20048
1.24877
1.15949
1.26008
1.11146
1.27321
0.819538
0.729824
1.54821
1.30324
1.29816
0.977986
1.30035
1.36223
1.60613
1.5778
1.16493
1.25939
1.62958
1.11983
0.949167
1.32341
1.29461
1.21243
1.02642
1.17548
1.53418
1.0497
1.32273
1.08372
0.973453
1.31604
1.34033
1.29987
1.58332
1.6067
1.56971
1.45815
1.22763
1.04072
1.06471
1.07276
1.38479
1.716
1.15866
1.28448
1.07114
1.05013
1.42444
1.24319
0.927908
1.26612
0.938227
1.36674
1.25826
0.807615
1.1084
1.28137
1.44313
1.01476
0.866947
1.61088
1.38793
1.46966
1.01873
1.45993
1.716
1.08466
1.40561
1.18876
1.25411
0.931901
1.38264
1.22509
1.24839
1.716
1.56999
0.881659
1.38643
1.09892
1.10589
1.39119
1.32717
1.49355
1.39854
1.58846
1.27633
0.812514
0.955706
1.24865
1.31071
1.26622
1.44913
1.6194
0.935243
1.15731
1.0283
1.29577
1.13683
1.32278
1.48754
1.38011
1.3354
1.24898
1.64005
1.38566
1.37638
1.33078
1.03027
1.37454
1.42621
1.6726
1.11315
1.66647
1.58636
1.41812
0.9988
1.14185
1.36089
1.35999
1.55937
1.29263
1.24598
1.15244
1.33506
1.24342
1.14648
0.944057
1.4705
1.70203
1.3238
0.916488
1.2159
1.08984
1.38803
1.23361
1.21479
0.870627
1.716
0.960501
1.082
1.19651
1.22451
1.46535
1.19135
1.63088
0.884422
1.18842
1.21306
1.10162
1.03944
1.28116
1.31245
1.42614
1.31289
1.054
1.41898
1.36535
1.19172
1.56353
1.45322
1.23943
1.26999
1.32465
1.16998
1.38779
1.23866
1.716
1.25335
1.21971
1.31872
1.14618
0.83998
1.64127
1.57387
1.30179
1.35779
1.47641
1.30616
1.08233
1.44523
1.26922
1.18738
0.955548
1.33763
1.1282
1.19093
0.846241
0.879747
1.43539
1.42556
1.06314
1.45287
1.2204
1.65127
1.24004
1.44002
0.599129
0.654125
1.29376
1.04846
1.52875
1.27105
1.53608
1.599
1.716
1.0341
1.50147
0.761069
0.809841
1.09811
1.56541
1.257
1.43366
1.29804
1.4509
1.52104
1.08298
1.42236
1.61858
1.51524
1.02391
1.01728
1.33876
1.40175
1.23046
1.35917
0.982835
1.01097
1.48257
1.16725
1.04544
1.6502
0.873085
1.15678
1.511
1.55754
1.30862
1.05487
0.884199
1.2741
1.12389
1.25295
1.34651
1.34901
1.18075
0.878186
1.31749
0.985046
1.39102
1.41594
1.30441
1.4045
1.02437
0.935569
1.33268
1.16308
0.515649
1.45551
1.30321
1.18944
1.32367
1.13808
1.36644
0.989638
1.716
1.14061
1.09448
1.2754
1.41803
0.860643
1.24131
1.29263
1.60429
1.37755
1.42024
1.56768
1.3849
1.67915
1.33425
0.961624
0.89627
1.16903
0.915081
1.716
1.47732
1.39307
1.20417
1.2321
1.02913
0.839594
1.162
1.41652
1.40538
1.48795
1.3619
1.18328
1.0205
1.25543
1.53433
1.47089
1.54126
1.36956
0.940128
1.22071
0.865914
1.25158
1.716
1.0438
1.53912
0.925774
1.56488
1.59036
1.00437
0.955682
0.818118
1.21662
1.6579
0.927794
1.55696
1.00414
0.95251
0.91602
1.02155
1.45215
1.07077
1.18028
1.56976
0.928965
1.716
1.00298
1.36304
1.29791
1.70917
1.47413
1.24391
0.913435
1.40379
1.17538
1.42096
1.02749
1.40047
1.13563
1.716
1.3614
1.33546
1.44616
1.19949
1.69117
1.04319
1.64051
1.00992
1.716
1.30725
0.968779
1.25992
0.951183
1.32234
1.02639
1.07349
1.5129
1.382
1.26741
1.08299
1.45325
1.33456
0.893799
1.01062
1.43683
1.67217
1.43207
1.20302
1.53981
1.52937
1.41962
1.20712
1.29906
1.02755
1.716
0.908875
1.18888
1.34464
0.941151
1.23831
1.52916
1.31775
1.51433
1.4651
0.874563
1.16171
1.21446
1.44356
1.30745
1.1641
1.30487
1.45734
1.17515
1.49617
1.00669
1.11755
1.52076
1.02702
1.12326
1.25716
1.3242
1.11609
1.33652
1.716
1.31312
1.49387
1.01047
1.716
1.61556
1.0944
0.787249
1.44959
0.896929
1.2724
1.716
1.44602
1.56254
0.555879
1.17885
1.03129
1.29081
1.36247
1.26617
1.41798
1.32406
1.6796
1.39188
0.980163
1.38584
1.37685
1.22271
1.4738
1.716
1.06317
1.30292
1.02218
1.21082
1.45634
1.11831
0.985199
1.29638
1.65867
1.28663
1.31533
1.39391
1.24133
1.2645
1.40313
1.6151
1.37907
0.922447
1.09901
1.49104
1.18263
1.1883
1.2174
0.835008
1.13787
1.5162
1.716
1.567
1.2469
1.29514
1.50188
0.837456
1.34696
1.65354
1.48423
1.0733
1.35183
1.42337
1.21593
1.38735
1.716
1.32014
1.12906
1.35517
1.11431
1.57561
1.41964
1.48581
1.58123
1.3125
1.01492
1.16932
1.45799
1.23444
1.64551
1.22275
0.927107
1.25124
1.716
1.31385
1.02895
0.993497
1.5946
0.983031
1.71343
1.51318
1.07926
1.24241
1.59087
1.03889
1.40133
1.2605
1.48763
1.32957
0.822616
1.39437
1.24232
1.21314
1.4596
1.27201
1.21066
1.37106
1.2733
1.51726
1.65569
1.53513
1.2871
1.54976
1.15891
1.716
1.4024
1.18756
1.35395
1.46531
1.42614
1.716
1.00866
1.44135
1.40659
0.885619
1.206
1.19524
1.66724
0.922867
1.10602
1.10754
1.13906
1.36505
1.37363
1.28984
1.14598
1.32402
1.16354
1.20888
1.10677
0.830102
1.48756
1.16121
1.41165
1.05317
1.49315
1.716
1.24347
1.57446
1.24529
1.14127
1.17116
1.24803
1.14228
1.07261
1.51175
0.948484
1.19556
1.51488
1.716
1.716
0.759902
1.42955
1.27126
1.55986
1.17117
1.716
1.3128
0.977892
1.27678
1.47247
0.860159
0.848688
0.660698
1.16343
1.53343
1.44878
1.65376
1.26894
1.33672
0.956649
1.31532
1.36088
1.05893
1.33517
1.45637
1.39065
0.816725
1.18906
1.716
1.45334
1.18393
1.39728
1.50588
1.38485
1.25673
1.0589
0.964004
1.12818
1.15625
1.45575
1.22421
1.20066
1.22881
1.43357
1.716
1.50682
1.42219
1.20564
1.00838
1.27378
1.29661
1.51967
1.49363
1.66206
1.44642
0.962756
1.28427
1.53664
1.2377
1.49731
1.42871
0.974907
1.24525
1.38016
1.64387
1.12105
1.26263
1.31544
0.973159
1.24128
1.31142
1.00116
1.39226
1.29698
0.91734
1.31197
1.09217
1.2921
1.24394
0.876741
1.09017
1.01627
1.33967
1.17326
1.08118
1.50966
1.48716
1.35948
1.09807
1.12603
1.16009
1.19393
0.995991
1.25267
1.40928
1.11559
1.08697
1.25051
1.24283
1.67779
1.60348
1.37801
1.50963
1.23914
1.16942
1.13504
1.27385
0.999422
1.27307
1.60032
1.37154
1.20348
1.06623
1.58077
1.4265
1.09916
1.43814
1.3449
1.31883
1.48579
0.981256
1.52948
1.51057
1.04301
1.00072
1.716
1.33356
1.10606
1.44901
1.14475
1.254
0.933026
1.58418
0.792417
1.12863
1.22487
1.30442
0.955078
0.852931
1.26064
1.41864
1.13783
0.739887
1.36763
1.36159
1.4289
1.19104
1.11041
1.55904
1.66748
1.40377
0.945295
1.56071
0.859154
0.766713
0.763039
1.15535
0.969729
1.4824
1.54447
1.34632
1.09163
1.67263
1.21817
0.794894
1.2475
1.51587
1.53057
1.01533
1.62692
1.19542
0.933732
1.1704
0.881969
1.31376
1.23466
0.857945
1.09101
1.573
0.936314
1.19747
1.716
1.26077
1.18396
1.2339
1.60113
1.18684
1.39538
1.5777
1.05801
1.48806
1.26452
1.6906
1.26595
1.4853
1.40679
1.13882
1.58134
1.36292
1.26627
1.3373
1.31614
1.39223
1.70926
1.63948
1.44554
1.41875
1.03662
1.1903
0.974078
1.14572
1.03575
1.12464
1.10108
1.10137
1.28016
1.34423
1.151
1.08652
1.26235
1.15012
1.38815
1.05677
1.29944
1.42216
1.47617
1.22898
1.42241
1.21433
1.0453
1.28826
0.968606
1.49883
1.33174
1.57213
1.38692
1.65058
0.803327
1.56933
1.28552
1.26415
1.716
0.678209
1.60965
0.652209
1.29044
1.21518
1.35345
1.60057
1.2764
1.27435
1.58668
0.929562
1.6491
1.16348
1.26039
1.27858
1.13532
1.16958
1.2823
1.36194
1.28191
0.852742
1.11168
1.60338
1.47328
1.34858
1.10407
0.90152
1.49022
0.941012
1.36956
1.19866
1.29851
1.18676
1.03829
1.21024
1.47862
1.06626
1.15483
1.37709
1.17789
1.36014
1.11715
1.3627
1.10705
1.22147
1.40736
1.716
1.20665
1.22711
1.36764
1.16121
1.10742
1.06028
1.28668
1.35115
1.27944
1.34671
1.33252
1.52942
1.59402
1.50483
0.88951
1.716
1.44777
0.992361
1.43155
1.00166
1.43727
1.50093
1.62483
1.37738
0.800994
0.828907
1.08382
1.11507
1.17894
1.30155
1.2504
1.46366
1.7066
1.36059
1.26073
1.5712
1.24171
1.3268
1.31436
1.26493
1.58509
1.02797
1.716
1.2757
0.885698
1.39447
1.46039
1.37598
1.174
1.17447
1.42951
1.1568
1.18968
1.16892
1.4161
1.54587
1.07189
1.25966
1.19533
1.14113
1.44658
1.12514
1.18707
1.716
1.18155
1.01784
1.46863
1.17492
1.0622
1.47917
1.34119
1.27037
1.02774
1.30453
1.14146
1.52863
0.781121
1.06914
1.49453
1.716
1.36731
1.5055
1.30129
1.45426
1.18238
1.52543
0.950965
1.08566
0.925057
1.28738
1.716
1.44619
1.26963
1.21934
1.22168
1.45188
1.48062
1.40273
1.13566
1.58946
1.60401
1.18837
0.738407
0.976374
1.42063
1.63857
0.795945
1.15606
1.33949
1.33743
1.42969
1.23201
1.36691
0.902066
0.564461
1.55472
1.62302
1.60803
1.32584
1.41414
1.1448
1.49697
1.07647
1.45253
1.6658
1.25001
1.38743
1.16052
1.16117
1.61226
1.15431
1.48003
1.1945
1.60163
1.35126
1.31348
1.55151
0.938303
1.27426
1.3127
1.37438
0.613119
1.13987
1.41533
1.39014
1.06779
1.42314
0.736349
1.46749
1.32324
1.39639
1.15888
0.926998
0.627137
1.43546
1.53922
1.16114
1.5667
1.60649
1.56156
1.29864
1.64059
0.897901
1.24188
1.57653
1.48353
1.24127
1.18627
1.00196
1.28493
0.925824
1.50399
1.34639
1.3909
1.34199
1.38271
1.44268
1.30524
1.07884
1.52001
1.45162
1.50912
1.43267
1.61417
1.716
1.31062
1.33411
1.26894
1.32124
1.24756
1.20866
1.44723
1.65432
1.36789
1.51977
1.09442
1.24479
1.11829
1.43455
0.994437
0.835396
1.50283
1.04484
1.27132
1.5848
1.49593
1.51827
0.747535
0.998859
1.51423
1.41078
1.31686
1.2183
1.28133
0.979502
0.997795
1.716
1.5188
1.67178
1.16816
1.13074
1.2486
1.37679
1.37835
1.0222
1.06495
1.51182
0.83787
1.41225
1.22262
0.94188
1.60802
1.13618
1.2207
1.6455
1.56656
1.54229
1.22559
0.996947
1.30724
1.10572
1.51056
1.62836
0.930761
1.08442
1.48348
1.62732
0.914598
1.716
0.965682
1.32564
1.70521
1.20771
0.978212
1.18444
1.38414
1.13092
1.09637
1.17382
1.3634
1.28831
1.31711
1.33034
1.30626
1.56289
1.03495
1.716
1.15101
1.70947
1.30524
1.37017
1.2407
1.16394
1.63833
1.31024
1.716
1.35686
1.03454
1.21801
1.67198
1.23949
1.3759
1.61889
1.1546
1.24424
1.52802
1.03218
1.33551
1.24739
0.922465
1.3134
1.24097
1.11872
1.18808
1.12121
1.19151
1.30287
0.990882
1.0914
1.10991
1.31794
1.58656
1.06057
0.773094
1.26328
1.28114
1.07808
1.304
0.820199
1.47815
1.14459
0.958182
0.98906
1.58592
1.40831
1.0025
1.61106
1.33653
1.08535
1.37734
1.08929
0.980286
1.36205
0.996991
1.17396
1.15179
0.786415
1.47733
1.45645
1.4828
0.452306
0.920463
1.38012
1.30503
1.11691
1.57959
1.50878
1.06121
0.845842
1.30637
1.01739
1.56155
1.07028
1.4359
1.59749
0.869196
1.50594
1.02143
0.984891
1.61299
1.51442
1.36783
1.25154
1.49784
1.21024
1.29661
1.14146
1.12713
1.716
1.3874
1.53011
0.900705
1.48351
1.29592
1.52515
1.2148
0.730819
1.48377
1.05341
1.33996
1.2418
1.37521
1.23425
1.27157
1.10069
1.05092
1.1893
1.28702
1.46342
1.16484
1.48441
1.15931
1.49625
1.716
1.20493
1.05
1.03308
1.23216
1.54649
0.93975
1.40381
1.13959
1.65439
1.31614
1.61798
1.60565
1.13163
1.18906
1.29018
1.33874
1.10257
1.514
1.33834
1.04613
1.0434
1.31341
1.37335
1.36427
0.697793
1.36587
1.17429
1.34402
1.03799
1.4271
1.51275
1.52189
1.10179
1.2586
1.2061
1.10807
1.00249
1.21715
1.22671
1.24973
1.45762
1.28192
0.952622
1.4933
0.535627
0.98344
1.47371
1.29624
1.50638
1.50742
1.44226
1.68945
1.1678
1.49842
1.42186
1.10076
1.12407
1.35469
0.737569
1.43202
1.57396
0.879007
1.25265
1.48507
1.29065
1.02824
1.00086
1.25399
1.60629
1.716
1.04763
1.37463
1.55516
1.35633
1.27708
1.14185
1.19163
1.64789
1.35653
1.02989
1.47176
1.2164
1.11034
1.716
0.974514
0.883194
1.21055
1.48716
0.553467
0.937568
1.45685
1.53959
1.66718
1.66364
1.56789
1.33072
1.13907
1.34973
1.65994
1.51746
1.66914
1.17854
1.03911
1.31935
1.38922
1.68737
0.952895
1.20713
1.14157
1.17362
1.30236
1.19758
1.37822
1.42733
1.3799
1.14077
1.43226
1.5341
1.37334
1.56979
1.03192
1.1835
1.30551
0.962764
1.68323
1.34685
1.21178
1.44523
1.21058
1.44721
1.16355
1.10273
1.66542
1.24255
1.30021
1.03931
1.11577
1.31425
1.42957
1.39906
1.16148
1.716
1.46481
1.38694
0.880982
1.08781
1.27908
1.36926
1.20375
1.46904
1.26783
1.47431
1.00769
1.37029
1.25526
1.2806
1.28706
1.07448
1.43758
1.12745
1.33367
1.61433
1.1184
1.44358
1.59076
1.41081
1.14597
1.13122
0.948158
1.30224
1.45278
1.0976
1.65729
1.25716
1.01718
0.976452
1.05059
1.40772
1.03527
1.29899
1.24393
0.832699
1.09548
1.42892
1.32656
1.62439
1.42661
1.24231
0.988549
0.976401
1.18743
1.64155
1.23851
1.37564
1.09994
1.16222
1.00532
1.38234
1.2172
1.02652
1.43251
1.04569
1.2097
1.54622
0.959528
1.37752
1.59442
1.15941
1.103
0.81845
1.13352
1.17664
1.19342
1.16303
1.09635
1.48225
1.37875
1.43741
0.981918
1.40495
1.716
1.60497
1.27128
1.25816
1.34836
1.1935
1.2583
1.34885
1.08782
1.13049
0.826828
1.58702
0.997281
0.90851
1.32426
1.64888
1.35252
1.0492
0.811767
1.716
1.40921
1.56505
1.08542
0.917431
1.08917
1.37377
1.62862
1.36975
0.91972
1.4886
1.37107
1.56675
0.87564
1.12126
1.21654
1.25082
1.64303
1.25363
1.07408
0.947301
0.770983
1.09178
1.45239
1.51501
1.48719
1.21439
1.716
1.67993
1.52496
1.18118
1.28395
0.799366
1.19859
1.012
1.5048
0.644232
0.991844
0.968414
1.31681
1.07329
0.964152
1.48213
1.55404
1.06013
1.20635
1.22449
1.43738
1.39698
1.31217
1.53169
1.43195
1.43871
1.37487
1.21576
0.986341
1.716
1.20552
1.16261
1.34648
1.54575
1.18305
1.16668
1.64048
1.31501
1.20084
1.43189
1.716
0.977583
1.29608
1.34838
1.35862
1.15086
1.29111
1.67242
1.45948
1.28978
1.23267
1.43012
1.53323
1.05432
1.48277
1.25835
1.27691
1.35486
1.42121
1.60956
1.52355
0.870756
0.980218
1.40446
1.15313
1.62122
1.11728
0.668586
1.34896
1.716
1.26174
1.18173
1.61773
1.48335
1.11088
1.28718
0.94617
0.937954
1.08698
1.21274
1.47871
1.22683
1.28698
1.14055
1.31344
0.978041
1.39237
1.41347
1.716
1.47242
0.764327
1.40373
1.29717
0.947914
1.33266
1.07197
1.42626
1.21198
1.32544
1.11224
0.968242
1.5803
1.06624
1.29489
1.47219
1.04611
1.33194
0.838325
1.13373
1.27626
1.41014
1.13186
0.885407
1.43764
1.53018
1.36036
1.27049
1.02953
1.38633
0.994353
1.50652
0.827787
1.11121
1.2068
1.1158
1.22878
0.858654
0.96623
0.999497
1.0196
1.0614
1.32069
1.32725
1.11712
1.5194
1.716
1.02196
1.54382
1.50715
1.23963
1.05205
1.09591
1.03107
1.32295
1.08854
1.17442
1.44309
1.68791
1.37175
1.62139
1.3983
0.708776
1.38848
1.40458
1.41873
1.05675
1.716
0.995354
1.31286
1.17091
1.61782
1.41022
1.47682
1.54398
1.12418
1.05988
1.19237
1.29376
1.30337
1.21979
1.51023
1.41106
1.35765
1.11612
1.17823
1.28655
1.08927
1.62831
1.15462
1.40623
1.08699
1.40629
1.03933
1.27391
1.35939
0.980699
1.16596
0.96031
0.905643
1.35004
1.43782
1.28544
1.44747
1.716
1.32708
1.33194
1.7123
1.38721
1.45978
1.02509
0.822694
1.46034
1.08814
1.06219
0.988192
1.22943
1.08026
1.20646
1.43857
1.2941
1.01589
1.21007
1.40213
1.202
1.12798
1.21255
1.04844
1.716
1.52818
1.48693
0.783487
1.07412
0.981417
1.20319
1.42735
1.25615
0.99443
1.43953
1.53911
1.11838
1.06614
0.962664
1.01489
1.03611
1.68155
1.59813
1.29891
1.42768
1.56514
1.5274
1.25609
1.20599
1.57944
1.44248
1.23155
1.28987
1.10417
1.20507
1.29412
1.22491
1.22311
1.45936
1.31401
1.61518
1.0716
1.19766
1.09485
1.1568
0.846496
1.51295
1.21753
1.0671
0.964111
1.13335
1.37007
1.16963
1.46565
1.27173
0.953719
1.58066
1.40328
1.10519
1.37284
0.95047
1.27281
1.34121
1.64522
1.10182
1.2826
1.26987
1.49881
1.46645
1.07043
1.32486
0.932812
1.55564
1.30942
1.27004
1.11781
1.30864
1.716
1.716
1.23854
0.721499
1.17506
1.26434
1.28766
1.23348
1.25949
1.52732
1.53867
1.3089
1.64298
1.10585
1.24302
0.938361
1.16375
1.716
1.36325
1.26496
0.764324
0.890916
1.38372
1.46852
1.07924
1.30962
1.51791
1.22468
1.05066
0.963962
1.16853
1.06692
1.37474
1.21427
1.05443
1.54623
1.0896
1.716
1.12502
1.41495
1.63192
0.623494
1.6377
1.21696
1.02402
1.24196
1.58859
1.716
1.48014
1.04924
1.37813
1.09112
1.43127
0.833895
1.12255
1.22419
1.14341
1.10518
1.51203
1.29763
1.30012
1.20508
1.27193
1.4888
1.35571
1.05148
1.0708
1.60165
1.48986
1.29318
1.51876
1.62935
1.18749
1.14251
1.716
1.00812
1.02038
1.01444
1.30956
1.35422
1.55477
1.15901
1.39003
1.39197
1.25963
1.5727
1.43055
1.26139
1.03041
1.52714
1.35042
1.55768
1.52927
1.4026
1.28412
1.17308
1.27673
1.46047
1.716
1.01526
1.28126
1.14034
1.37619
1.14188
1.25427
1.1195
1.19539
1.27626
1.55514
1.56319
1.04273
1.37126
1.23474
1.12916
1.25166
0.963594
1.02213
1.07843
1.18036
1.38655
1.2439
1.43042
1.30121
1.5628
1.45282
1.21699
1.20513
1.27159
1.47833
1.41508
0.71408
1.23202
0.84308
1.3993
1.33174
1.13422
1.50745
1.11643
1.42556
1.4592
1.58804
1.71303
1.47489
1.117
1.716
1.288
1.08979
1.716
1.54566
1.716
0.817396
1.58132
0.91552
1.37615
1.00779
1.46779
1.50281
1.10146
1.66129
1.3761
1.36738
1.20896
1.34412
1.37708
1.55632
1.16451
0.940563
1.716
1.49307
0.793819
1.31553
1.51591
1.13086
0.861116
1.00184
1.54366
1.62436
1.12244
1.716
1.55331
1.055
1.26236
1.32332
1.10494
1.43911
1.40501
1.22539
1.62347
1.66185
1.17736
1.51502
1.10382
1.43452
1.15934
1.42332
1.19507
1.63977
1.45397
1.39842
1.21957
1.23633
1.32633
1.48083
1.39536
0.90863
1.4047
1.64405
1.46535
1.06947
1.716
1.52707
1.02669
1.50252
1.06053
1.01274
1.07351
1.16285
1.27546
1.69926
1.23713
1.20906
1.0094
1.36665
1.54459
1.716
1.716
1.68942
1.51592
1.09479
1.08355
1.36739
1.33153
1.39979
1.12772
1.02291
1.31004
1.52863
1.12194
1.16296
1.23588
1.16955
1.53888
1.35345
1.61115
1.33931
1.13336
1.2125
1.1177
1.18067
0.918155
1.19544
1.09155
1.03759
0.855994
1.02053
1.23548
1.54371
1.11926
1.34351
1.19875
1.34625
1.17826
1.3755
1.09203
1.41678
0.809746
1.32975
0.880032
1.08511
1.09724
1.3095
1.18046
1.2181
1.06368
1.37917
1.11923
1.20294
1.46204
1.29259
1.20165
0.999306
1.1614
1.13369
1.20566
1.34009
1.25225
1.27727
1.2366
1.67062
1.716
1.08917
1.2031
0.922209
1.52162
1.716
1.12921
1.29241
1.49314
1.04787
1.64894
1.67831
1.14686
1.58529
1.42911
1.50356
1.28056
1.12342
1.32847
1.12947
1.716
0.876943
1.20924
1.23819
1.07056
0.758815
1.5106
1.716
1.25206
1.27996
1.2736
1.04717
0.91188
1.08091
1.19392
1.18145
1.50445
1.52542
1.45327
0.645375
1.38412
1.55324
1.25589
1.4677
1.31766
1.27586
1.37856
1.06091
1.23751
1.20116
1.40493
1.3266
1.26855
1.35179
1.21551
1.46425
1.11333
1.04129
1.35756
1.29719
1.56413
1.01686
1.55815
1.07706
1.37804
1.50589
0.823841
1.36683
1.61354
1.44037
0.9648
1.05984
1.48935
0.77708
1.06158
1.51238
1.09784
1.716
1.66282
1.28717
1.31154
1.37883
1.28178
1.37419
0.720021
1.716
1.39609
1.2415
1.716
1.25843
1.716
1.44387
1.28804
1.05843
1.40056
0.871062
1.716
1.13792
0.889514
1.04458
1.716
1.19368
1.14265
1.39447
1.50986
1.42618
1.10934
1.22971
0.953182
1.54899
0.966652
0.812635
1.31409
0.994021
0.91684
1.25123
0.854141
1.3188
1.18727
1.06891
1.19524
0.930855
1.716
1.68818
1.16171
1.44791
1.44252
1.23492
1.45677
1.22292
1.716
0.960597
1.47981
1.40695
1.33581
1.716
1.12635
1.306
0.90356
1.26756
1.26346
1.41685
0.979704
1.716
1.33333
1.00748
1.18674
1.16006
1.36124
1.45897
1.08929
0.739016
0.954685
1.14326
1.716
1.25856
1.29007
1.06878
1.40127
1.26129
1.28948
1.60795
1.42009
1.489
1.48268
1.14845
1.42238
1.13363
1.60534
1.16194
1.65183
1.64334
1.33983
1.25373
1.56484
1.44558
1.45293
0.754208
1.51115
1.33969
1.62874
1.19495
1.48117
1.21134
1.25923
1.22248
1.50743
1.22832
1.0639
1.55723
1.37601
1.17657
1.45209
1.10575
1.5367
1.17808
1.61515
1.37725
1.19473
1.42869
1.2797
1.31968
1.47035
1.17102
1.47106
1.30201
1.39929
1.716
1.18553
1.35978
0.836023
1.716
0.95548
1.40983
1.716
1.49883
1.39821
1.35642
0.624016
1.25182
1.34616
1.716
0.905598
1.0627
1.1458
1.716
1.27153
1.27421
0.75872
1.40687
1.28836
1.36232
1.2904
1.10437
1.46487
1.58539
1.49378
0.995615
1.20078
1.07744
1.09975
1.41703
0.965332
1.57678
1.48269
1.29794
1.43887
1.34105
1.31699
1.07265
1.47115
1.40138
1.60778
1.29948
1.60324
1.23542
1.28239
1.11896
1.58105
0.979046
1.30184
1.08035
1.47159
0.899518
1.32744
1.23203
1.34973
1.22692
1.716
1.5064
1.12652
0.877924
0.826901
1.21029
1.54331
1.06294
1.54393
1.49009
0.9793
1.41619
1.45368
1.36087
1.34319
1.01575
1.31407
1.03732
1.5057
1.18305
1.51138
1.35609
1.69381
1.46027
1.3314
1.13215
1.01257
1.53504
1.14947
1.43424
1.30956
1.52185
1.03686
1.25641
1.54556
1.10196
1.29622
0.996084
1.04517
1.01242
1.34044
1.31659
1.35569
1.20585
1.25568
1.51597
1.25989
1.6561
0.934252
1.44425
1.60363
1.20104
1.28734
1.06691
1.57281
1.28712
0.699818
1.35042
1.19992
1.20214
1.20902
1.03942
1.35228
1.71207
1.40623
1.24644
1.06627
1.32539
1.51393
1.28316
1.47035
1.45899
1.1974
1.46192
1.26811
1.38679
1.46572
1.2985
1.07744
1.07986
1.35814
1.31932
1.43578
1.28869
1.716
1.20321
1.32966
1.54953
1.06067
1.39022
0.92574
1.30261
1.19143
1.18394
1.40722
1.14104
0.951288
1.39288
1.59979
1.05449
1.43768
1.15006
1.14034
1.44342
1.29477
0.794753
1.26616
1.40488
1.716
0.92677
1.242
1.48906
1.59954
1.30147
1.60935
0.967084
1.25391
1.27224
1.48695
1.20113
1.30807
1.01881
1.49428
1.16693
1.28997
1.33876
1.40377
1.06007
1.25695
1.35475
1.41931
1.46304
1.47057
1.716
1.44147
1.1565
0.966227
1.24512
1.4004
0.739551
1.2044
1.3959
1.39367
1.33503
1.10917
1.22266
0.848664
1.05199
0.934889
1.20235
1.14759
1.66056
1.20636
1.13163
1.37324
0.534974
1.36557
1.03761
1.4559
0.998558
0.951807
1.51045
1.2692
1.51603
1.00854
1.0951
1.22044
1.25652
1.36794
1.37866
1.21186
1.384
1.36148
1.41465
1.38367
1.24165
1.34722
1.34418
1.46311
1.29487
1.19928
1.09647
1.27137
1.2345
1.35353
0.875424
1.40927
1.17938
0.946105
1.645
1.18101
1.37428
0.752987
1.2994
1.35194
1.44052
1.12954
1.39192
1.26099
1.34237
1.19822
1.18605
1.716
1.4351
0.983788
1.11422
1.55513
1.59543
1.49113
1.08244
1.52748
1.716
1.11445
1.54609
1.30408
1.27248
0.977191
1.16088
1.15398
1.70503
1.3135
1.09385
1.23406
1.6988
1.53134
1.14242
1.33305
1.35056
1.13736
1.46652
1.37147
1.14913
1.24494
1.36596
1.08739
1.10973
1.56515
0.854947
1.36625
1.52022
1.05843
0.988216
0.955267
1.18742
1.582
1.43516
1.31464
1.33019
1.716
1.14671
1.42085
1.33695
1.65085
1.55103
1.24324
1.62664
1.17972
1.30347
1.60495
1.55281
1.4098
1.68407
1.09471
1.41361
1.2455
1.07811
1.51813
1.28598
1.11657
0.790587
1.49485
1.20695
1.03462
1.36105
1.39239
1.59062
1.15095
1.11904
1.49387
1.46342
0.852898
1.28693
1.26241
1.37782
0.926992
1.03607
1.27823
0.698753
0.913747
1.54767
1.34388
1.4628
0.876165
1.19064
1.04705
1.34788
1.55795
1.31377
1.07821
1.716
1.29384
1.06602
1.24645
1.04131
1.53651
1.13998
1.28906
1.12271
1.07319
1.49346
1.57582
1.42621
1.22608
1.19955
0.981923
1.10848
0.910432
1.0652
1.11191
1.5305
1.47558
1.31757
1.18744
1.45964
1.29106
1.13947
1.63667
1.3388
1.37559
1.2238
1.65624
0.881325
1.23726
1.35253
1.35209
1.24774
1.29577
1.0748
1.40126
0.826378
1.40116
1.03951
1.14133
1.30262
1.15717
1.02502
1.31546
1.29298
1.09044
0.994128
0.939752
1.69283
1.16804
1.20833
1.716
1.40072
1.23221
1.0782
1.05346
1.61322
1.26897
1.32187
1.19187
1.07676
1.63914
1.42182
1.29034
1.2358
1.0752
1.01028
1.42252
1.27328
1.40317
1.07396
1.37781
1.62785
1.19223
0.90218
1.2788
1.03942
1.51333
1.32501
1.19748
1.31231
1.22952
1.47226
1.57916
1.03697
1.716
1.3461
1.12482
1.34012
1.33869
1.33844
1.53072
1.49087
0.892559
1.716
1.08055
1.29801
1.52955
0.915038
0.777256
0.902207
1.45575
1.12989
1.42773
1.27986
1.23994
1.23724
1.01017
1.09709
1.22655
1.54773
1.25691
1.716
1.61656
0.886135
1.55758
0.813104
1.28913
1.16779
1.54776
1.09626
1.1328
1.42338
1.19618
0.830823
1.48303
1.31082
1.24588
1.13185
1.60409
1.31687
1.58285
1.37272
1.67938
1.22493
1.06528
1.59198
1.65126
1.38285
1.4744
0.625477
0.86132
1.17711
1.14959
0.981332
1.43847
1.52886
1.34694
1.05781
0.915006
1.30411
1.26013
1.46318
1.38186
1.40958
1.06736
1.58074
1.26215
1.47053
1.22954
0.755213
1.716
1.50168
1.194
0.886604
1.1383
1.35559
1.501
1.25601
1.0556
1.51593
1.29989
1.21052
1.37102
1.2988
1.28467
1.18684
1.65275
1.716
1.20555
1.12061
1.5259
1.10583
1.49849
1.43434
1.44935
1.535
0.974597
1.49436
1.31222
1.50483
0.942418
1.15121
1.23282
0.972416
1.34279
1.5339
1.08086
1.39236
1.31438
1.24772
1.21852
1.09927
1.50944
1.15241
0.869598
1.35937
1.26239
1.07405
1.54125
1.69556
1.23972
1.21185
1.59155
1.47304
1.46287
1.45251
0.884173
1.2785
1.69213
1.2233
1.27551
1.30627
1.60486
1.24294
1.12631
0.805961
1.22211
1.58779
1.63039
1.08697
1.43501
1.44375
1.33264
1.15247
1.69515
1.41382
1.69969
1.01561
1.19734
1.39831
1.70842
1.5172
0.975692
1.22083
1.54123
0.768407
1.12658
1.03167
0.903301
1.24585
1.22321
1.08512
1.35868
1.31017
1.04249
1.15987
1.34871
1.42351
1.716
1.68125
1.28059
1.61044
1.25323
1.60484
1.3324
1.27163
1.26545
1.07962
1.38847
1.60092
1.32048
1.3801
1.34024
1.08466
1.716
1.49619
1.0868
1.38749
1.37346
1.21357
1.21333
1.01915
1.64743
0.684717
1.3378
1.55253
1.01183
1.12764
1.26202
1.15482
1.59355
1.11045
1.2034
0.733699
1.24755
1.38863
1.47006
1.33288
1.70407
1.3973
1.59301
0.68435
1.19473
1.07079
1.3528
1.07504
1.42621
1.10145
1.6618
1.46512
1.716
1.35208
1.28526
1.2571
1.64458
1.33627
1.22704
1.2188
1.24156
1.36751
1.22165
1.4402
1.44302
1.28047
1.56835
1.47245
0.961577
1.28361
1.1164
0.92626
1.30954
1.14615
1.27901
1.1792
1.43365
1.082
1.46055
1.26011
0.723143
1.04895
1.14532
0.85207
1.02806
0.805608
0.884993
1.14066
0.921698
1.64047
1.56396
1.01621
1.13552
0.999971
1.17561
1.16434
1.65186
1.34069
1.1502
1.48852
0.940592
1.716
1.43745
0.723644
0.911147
1.17812
1.59332
1.716
1.39068
1.45326
1.42098
1.1747
1.08673
0.912635
0.828309
0.918465
1.60052
1.17335
1.63278
1.47041
1.02865
1.13694
1.2194
0.994751
1.25179
1.38774
1.716
1.05406
0.62934
1.13067
1.09331
1.60267
1.0715
1.194
1.17332
1.65625
1.27639
0.878905
1.571
1.56452
1.53523
1.25735
1.32144
1.34937
1.6466
1.1157
0.920101
1.16792
1.19279
1.49377
1.51401
1.70365
1.15987
1.27643
1.14352
1.16025
1.35843
1.4826
1.24128
0.901341
1.2933
1.6972
1.6984
1.04791
0.757858
1.65394
1.07491
1.17583
1.08427
1.40227
0.956064
1.07672
0.820972
1.38778
1.47275
1.31006
1.35907
1.10407
1.05243
1.25789
0.963315
1.05783
1.10716
1.44674
1.69399
1.19926
1.60424
1.2807
0.807061
1.20159
1.58098
0.954745
1.48633
0.904729
1.37238
0.691357
1.21135
1.1901
1.34948
1.07423
1.45834
1.08863
0.858388
1.14334
1.55039
1.55974
0.634239
1.22611
0.975731
1.06565
1.02701
0.92047
1.03378
0.919643
1.46789
1.13003
1.40694
1.62737
1.43471
1.42725
1.38702
1.03346
1.23619
1.12476
1.2815
1.41244
1.53345
1.55237
1.716
1.09421
1.52246
1.46626
0.932923
1.66064
1.32167
0.95638
1.45263
1.60149
1.11606
1.33012
1.2112
1.07894
1.41388
1.30175
1.48565
1.11473
0.956692
1.10845
1.31673
1.37018
1.15457
1.49587
1.46083
1.19231
1.45555
1.0468
1.39769
1.17211
1.02954
1.7055
1.58702
1.13898
1.41262
1.37445
1.07403
1.3824
0.873691
1.01314
0.803286
1.32239
1.09415
1.40983
1.7037
1.09198
1.4065
1.21896
1.29891
1.57919
0.928358
1.36044
1.28122
1.30012
1.31316
1.56516
1.14286
1.28658
1.32299
1.25711
1.60546
1.0685
1.716
0.761544
1.65556
1.1532
1.05936
1.36653
1.11433
1.40011
1.39622
1.21954
1.14062
1.29205
1.36877
1.562
1.46142
1.06364
1.15124
1.12168
1.47629
0.965829
1.18932
1.60845
1.30443
1.41687
1.12722
1.30471
1.11664
1.25505
1.14677
0.967156
1.15944
0.952634
1.38697
1.09203
1.716
0.930074
1.10586
0.829477
1.39482
1.30926
1.45321
1.716
1.02176
1.07977
1.44806
1.41515
1.36138
1.04006
1.19157
1.0902
0.96322
1.56011
1.38047
0.787128
1.14684
1.64876
1.15762
1.28192
1.44511
1.38499
0.944321
1.31695
1.716
1.58737
1.18382
1.36633
1.22242
1.40801
1.00449
1.11203
1.03512
1.5068
1.33707
1.05693
1.04338
1.54241
1.29963
1.06968
1.47152
1.70202
0.793647
1.27005
1.30979
1.61096
1.43927
1.38833
1.1315
1.19023
1.01439
1.43062
1.25325
1.63469
1.03838
1.1434
1.09839
1.05769
1.36962
1.65581
0.921371
1.61768
1.61337
1.20811
0.975924
1.14177
1.25703
1.35815
1.37342
1.29022
1.02208
1.19425
1.32451
1.69898
1.06599
1.16026
1.52633
1.69034
1.32855
1.43185
1.27593
1.43487
0.839166
1.58532
1.54191
1.01161
1.24584
1.18403
1.6512
1.7145
1.32114
0.896365
1.54413
1.24114
1.11279
0.94507
1.47087
0.620951
1.21175
1.26708
1.33417
1.55511
1.09437
1.45092
1.33696
1.06588
1.35133
0.894268
1.43812
1.28615
1.03578
1.06928
1.39163
1.15027
1.2122
1.22872
1.34578
0.852727
1.13077
1.69693
1.57258
0.999354
1.716
1.35759
1.34916
1.41681
1.46899
1.33752
1.16866
0.92874
1.53266
1.25136
1.2462
1.02438
1.47658
1.27337
1.3085
1.26885
1.30746
0.993283
1.35028
1.53169
1.00338
1.11481
1.46693
0.975738
0.887336
1.25493
1.39998
1.36898
1.51195
1.66188
1.43048
1.43416
1.04136
1.01837
1.60453
1.18972
1.50317
0.791587
1.42471
1.3695
1.22858
1.50445
1.37238
1.716
1.716
1.20841
0.988442
1.716
1.46475
1.24445
1.0844
1.69356
1.26765
1.33873
1.27228
0.942943
1.06373
1.13662
0.849498
0.997929
1.22852
1.19962
1.50963
1.26946
1.09601
1.3321
1.15248
1.34345
1.41349
1.42543
1.33927
1.0275
0.871929
1.0294
1.30203
1.23859
1.20361
1.06966
0.910962
1.45416
0.904049
1.0477
1.50372
0.568236
1.2036
1.716
1.32809
1.17575
0.94531
1.05961
1.40992
1.05228
1.44071
1.716
1.64867
0.62289
1.716
1.1157
0.898165
1.716
1.09179
1.37395
1.16384
1.24176
1.63595
1.716
1.3928
1.12445
1.34896
1.18771
1.52872
0.941903
1.716
1.33742
1.27436
0.833342
1.26383
1.51314
1.03703
1.09415
1.30079
1.15482
1.41255
1.34316
1.38587
1.38782
1.19248
1.34613
1.25506
1.24431
1.32522
1.20732
1.23093
1.23897
1.22271
1.16368
1.16585
1.47989
1.48054
1.1295
1.62291
1.18202
1.07525
1.01332
0.989767
0.849022
0.950089
1.22429
1.2353
1.716
0.940135
1.31758
1.716
0.968878
1.12532
1.30174
1.11725
1.716
1.1963
1.02551
1.60721
1.20142
1.49996
1.27682
1.27349
1.17325
1.43124
1.07187
1.66613
1.51209
1.55828
1.30215
1.17384
1.69606
1.6782
0.895393
1.53024
1.42444
1.23
1.30364
1.18838
0.88872
1.45689
1.46109
1.50479
1.1508
1.64221
1.10018
1.64466
1.00221
0.960112
1.38935
1.47306
1.48381
1.43745
1.48631
1.46866
0.800186
1.14738
1.36247
1.37651
0.947834
1.26259
0.816738
1.05981
1.24581
1.24453
0.95018
1.20121
1.0491
1.716
1.15117
1.17313
1.716
1.46984
1.06978
1.37872
0.75332
1.15282
1.25541
1.13717
1.29058
0.979996
1.42381
1.27717
0.989668
1.11933
1.06944
1.716
1.29126
0.833915
1.1358
1.15676
1.26284
1.01556
1.11596
1.48357
1.68824
1.35204
1.716
0.952545
1.2953
0.748164
1.19462
1.02131
1.28412
1.32995
0.977572
1.35454
1.07052
0.615673
1.54313
0.72465
1.34727
1.23872
1.25206
1.54928
1.47123
1.15141
1.47515
1.19901
0.793903
1.36249
1.19082
1.0509
1.09281
1.35357
0.97048
1.17257
1.16342
1.12419
1.60228
1.41093
1.29109
1.08763
1.40159
1.51022
1.40201
1.16868
0.957697
0.944233
1.25546
1.68125
1.11044
1.33197
0.864558
1.59009
1.29948
1.32717
1.58076
1.22246
1.716
1.12067
1.37919
1.58527
1.06444
1.43471
0.814362
1.45756
1.50963
1.716
1.12805
1.08586
1.716
0.946032
1.00785
1.13061
1.23386
1.02585
1.05448
1.32046
1.27927
0.772707
1.03469
1.66498
1.32677
1.4216
1.24331
1.47705
1.29956
1.42943
1.22758
1.30407
1.09272
1.716
1.37009
1.21355
1.27724
1.32678
0.699734
1.39215
1.1264
1.27059
1.25231
1.30197
1.12336
1.45136
1.12329
1.18398
1.30211
1.27827
1.16397
1.13575
1.14745
1.27255
1.57962
1.43695
1.39651
1.02047
1.0678
1.55398
1.11727
1.716
1.18963
1.0636
1.43045
1.14353
1.04318
1.42937
1.38051
1.13965
1.20833
1.18833
1.2083
1.19761
1.24257
1.65379
1.14236
0.898374
1.29531
1.32792
1.3343
1.716
1.55582
1.64602
1.32306
1.00493
1.12599
1.45462
1.2293
0.735985
0.950037
1.10611
0.961145
1.02674
1.52736
1.26953
1.55631
1.09764
1.43671
1.49198
1.16168
0.75726
0.969961
1.11175
1.37334
1.06985
0.57438
1.26337
1.42534
1.17816
1.67059
1.39828
1.50236
1.37668
1.59169
1.34191
1.716
1.1921
1.44669
1.16314
0.865702
1.50214
1.57298
1.6943
1.27747
1.64328
1.45259
1.12056
1.54071
1.3325
1.51753
0.881297
1.46786
1.04647
1.07479
1.716
0.95226
1.09872
1.51943
1.25763
1.24402
1.25546
1.35212
1.36563
1.0871
1.42023
1.4298
1.55429
1.31842
1.16941
1.12392
1.10814
1.716
0.884441
0.884663
1.35398
0.94207
1.35918
1.12049
1.68031
1.55762
1.43786
1.14654
1.40482
1.1881
1.14213
0.826032
1.35143
0.985209
1.21964
1.07578
1.18738
1.24547
1.716
1.62311
1.19105
1.53045
1.27596
1.28878
1.43416
1.05147
1.716
0.928491
1.716
1.32394
1.55444
1.29044
1.31719
1.19768
1.35913
1.34253
1.05707
1.29043
1.25046
1.26073
0.967926
1.30298
1.04959
1.24982
1.0607
1.48721
1.42602
0.986182
1.24615
0.801282
1.48875
1.24563
1.57699
1.19266
1.46923
1.60311
1.07642
1.33205
0.867603
1.23216
1.58037
1.03015
1.13128
1.06356
1.38336
0.784819
1.32039
1.12824
1.05597
0.94627
1.05889
1.21493
1.31935
1.00851
1.5408
1.50116
1.39248
1.44134
1.30904
1.09794
1.12953
1.1073
1.52077
1.41049
1.04407
1.30485
1.23837
1.25323
1.44257
0.726134
1.00542
0.996009
1.42956
1.69983
1.36887
1.26742
1.56147
1.43314
1.61709
1.60216
1.24268
1.62591
1.5947
1.37584
1.61601
0.953805
1.02866
1.45223
0.668347
0.929952
1.3202
1.03171
1.29259
1.51847
1.70576
1.64171
1.5128
1.51546
1.14412
0.86912
1.29501
1.14888
1.17142
1.68744
1.44901
1.05033
1.37511
1.28361
1.33526
1.07404
1.32505
1.27495
1.66642
1.3001
1.17038
1.55236
1.53571
1.06807
1.0782
1.55885
1.06453
1.16513
1.26567
1.27875
1.19012
1.32717
1.18165
1.41552
1.07986
1.49655
1.26421
1.17182
1.30661
0.931348
1.16789
1.25799
1.00617
1.40792
1.28885
1.61573
1.18824
1.19244
1.51269
0.885855
1.07775
1.38781
0.959037
1.24622
1.00955
1.55144
1.28518
