0.919489
1.51421
1.04546
0.764174
0.845689
1.0487
1.31093
0.940783
1.08006
1.21098
0.668831
1.48914
0.887593
1.47364
0.559583
1.17784
1.06698
0.906196
1.01935
0.984482
0.511573
1.14698
1.08583
0.841718
1.10853
1.27176
1.0647
0.655504
1.45049
0.973135
0.774672
1.17778
0.89944
1.41868
1.716
0.844467
0.917714
0.546499
0.906536
0.470607
0.778583
1.33833
0.973583
0.948812
0.949135
0.708254
0.973377
0.761041
0.747615
1.37326
0.935418
1.26986
1.33712
1.05909
1.44127
1.43938
0.832468
0.793106
0.732357
0.498457
0.274144
0.699709
1.28367
1.716
0.989576
0.559791
1.3149
0.655483
1.64929
0.990053
1.16864
1.03164
1.28366
0.674207
0.917597
1.15028
0.625971
1.38742
0.344563
0.957737
1.10281
0.644098
0.769569
0.136952
0.978905
1.26155
1.35542
1.21923
0.852844
0.852285
1.15937
1.20026
1.35027
1.08737
0.542759
0.884305
1.62091
1.5083
1.6815
1.62911
1.06126
1.54987
0.890521
1.02439
1.716
1.02486
1.12226
1.24424
0.972947
1.19767
0.908001
1.15275
1.67334
1.32067
0.87354
1.03807
0.68016
1.17426
0.816569
0.605148
0.707274
0.718378
0.907611
0.607925
0.494799
1.25114
0.873693
0.464202
0.42938
0.909637
1.4823
0.656283
0.641657
1.26268
1.02968
1.43036
1.716
1.17333
0.790193
1.02046
1.18556
1.10426
1.25764
1.12064
0.821988
1.716
0.73768
0.0435321
1.16062
0.756173
1.53515
1.31467
0.747339
1.03655
0.872515
1.20869
0.608401
1.11813
1.19699
0.760834
0.661012
1.24394
0.618348
1.21784
1.11848
1.44689
0.608799
1.18746
1.04813
1.32268
0.77611
1.25773
1.01654
0.658148
1.27506
0.393477
1.42248
1.63896
1.12135
-0.101727
0.600794
0.578807
0.91449
1.51569
1.716
1.22866
1.02941
0.846316
0.677121
0.587805
0.601449
1.06601
1.21358
1.56486
1.33319
1.39956
1.03705
0.696625
0.899604
1.45051
0.543635
1.31805
0.800599
0.574552
1.32297
0.794378
0.711081
0.859686
0.823889
0.534792
0.73842
1.716
1.11771
1.32677
1.05484
0.946438
0.754186
1.33775
0.937784
0.907523
1.44268
0.708053
0.886476
1.49066
0.723163
0.78841
-0.0350411
0.961676
1.18649
0.484673
0.449614
0.467457
1.67405
1.16765
0.783259
0.91337
1.40901
1.69129
0.953558
1.16235
0.565265
0.572515
1.04382
1.19492
1.23792
1.47215
0.771049
0.716856
0.728295
0.776147
0.724187
0.940422
0.941095
0.766406
0.897489
0.736616
1.716
1.12926
1.56354
0.678116
1.28296
1.20916
1.49176
1.46195
1.12785
1.08154
0.994198
1.25928
0.752218
0.766634
1.41576
0.875866
0.895859
0.941576
1.716
0.912992
1.0167
0.632439
0.931514
0.608955
0.722873
0.718486
0.915076
1.1042
0.562097
1.01928
1.716
1.4925
0.921411
0.631017
0.483281
1.24404
0.937104
0.996384
1.24917
1.31465
0.797681
0.0972632
1.1965
1.32832
0.690726
1.19387
1.19383
0.679602
0.263893
1.26162
1.21266
1.24521
0.946458
1.17226
1.12913
1.34569
0.751266
0.263042
1.716
0.593795
1.35222
1.22612
0.442032
1.28129
0.709377
1.44457
0.106756
0.768931
0.214601
0.518268
0.413447
0.863298
0.682367
0.937866
1.36668
1.14939
0.630147
0.828683
1.44185
0.62726
0.765079
0.872467
1.03776
0.941865
0.97212
1.41434
1.16913
1.14542
1.28769
0.425207
1.34536
0.714271
1.14861
0.267838
1.3202
0.538681
1.17473
1.2853
1.08627
0.893359
1.16851
1.716
1.11047
1.0179
1.62173
0.974401
0.881416
1.39899
0.783834
1.716
1.56948
0.84779
1.34779
0.689729
0.905666
1.48957
1.4704
1.18966
0.894307
1.27646
0.931692
1.08598
0.895097
1.45444
1.14766
0.822493
1.63572
-0.147978
0.699269
1.6169
1.51263
1.67123
1.28143
1.33484
1.35089
1.21225
1.716
0.634791
0.891481
1.126
1.3587
1.16705
1.03668
0.934484
0.660553
0.39366
1.59225
0.960328
1.446
1.03291
0.529508
1.17482
0.367742
0.707867
1.50743
0.990979
1.52372
0.913996
1.2497
1.02348
0.85938
1.07844
1.40024
0.491388
1.07879
0.847305
1.43314
0.980845
1.17787
1.30607
0.543803
0.995296
1.57515
0.862602
1.36968
1.10895
1.38512
0.950858
1.46554
0.56252
1.0897
1.4305
-0.143359
0.515719
0.792043
1.38925
0.990488
1.20406
0.622732
1.71598
1.02743
0.785735
1.03506
0.0656912
1.19237
1.46134
1.26375
1.65881
0.605585
0.572919
1.01096
0.520264
1.52729
0.351423
1.38117
1.54952
0.20881
0.751559
0.711035
1.12436
0.831452
0.656254
0.529878
0.997573
1.44868
1.41161
0.95822
1.27439
1.42915
0.979631
1.27786
1.12259
1.47344
1.34433
1.47255
0.461974
1.01501
0.86829
1.00441
0.500637
0.544718
0.289098
1.49126
1.34161
0.815
0.433865
1.15718
1.34767
1.17409
1.06414
0.821011
1.42686
1.09114
1.28081
0.946598
1.13753
1.37042
0.737444
1.27973
0.859916
0.528856
1.22513
0.821293
0.433805
1.20339
0.838734
0.23893
1.19493
1.5997
1.13697
0.771276
0.567341
0.971399
0.767728
0.461264
1.393
0.745642
1.41424
1.41513
1.00393
0.368702
1.19067
1.18312
1.16798
0.934716
0.466659
1.05084
0.712272
0.653006
0.431645
1.14371
1.716
1.35776
0.643582
1.38867
0.873621
0.0724358
1.23681
1.23352
1.08681
0.534731
0.859701
1.14644
0.984893
0.977582
0.815588
0.947657
1.21427
0.848891
0.318676
0.616306
0.918445
0.838538
1.34623
0.57949
1.16433
0.650215
0.255067
0.836686
0.95602
0.923297
1.30689
1.48425
1.68063
0.989928
0.608402
0.584541
1.04732
1.03023
1.03555
0.785022
1.20138
0.930657
1.35829
1.26184
1.45879
0.850095
1.35445
1.716
0.756199
0.573871
1.71064
1.27459
1.0759
0.71236
1.2218
0.460599
1.33088
0.983979
1.68735
1.3534
0.935705
1.07826
1.16554
1.54202
1.716
1.716
0.430626
1.42536
0.69668
0.570918
0.663231
0.190977
1.16576
1.716
1.55377
0.952742
1.08737
0.691011
1.39595
0.745733
0.847901
0.98286
1.716
1.18725
0.418796
1.41489
0.629336
1.19526
1.15933
1.57425
1.50468
0.491755
0.895164
0.4556
1.23278
0.604357
0.45778
0.771506
1.11822
1.20134
0.846207
1.20041
1.45622
1.12162
1.297
0.896567
0.990358
1.05735
1.35049
0.870203
1.13276
0.496628
1.29848
1.10681
0.886128
0.758154
0.45818
0.658051
0.21657
1.716
0.968406
0.854995
0.949379
0.915572
1.44022
0.229633
0.917594
0.958802
0.618154
0.737405
1.02085
1.09147
1.716
0.917936
1.32792
0.942958
1.19509
1.716
1.25122
0.532633
1.01342
0.689141
1.64454
0.434582
1.38189
1.02149
0.704064
1.42373
0.765756
1.53771
0.57609
1.16631
1.17903
0.734839
1.25632
1.40735
1.06817
1.46762
1.13324
1.30385
1.33804
0.286668
1.28742
0.800537
1.29882
0.0838629
0.77602
0.898444
0.700599
1.03123
1.0365
0.913159
0.895031
0.681374
0.487106
0.498032
0.303936
0.57595
1.49682
1.10101
0.415896
0.365227
0.815523
1.67379
0.396527
1.42903
1.21184
1.30081
1.02392
1.04021
1.09355
0.931367
1.27028
0.949149
0.841226
1.04816
0.454472
0.0659387
1.716
0.047738
0.815907
1.05212
1.38451
1.31122
0.663826
0.841331
0.934323
1.19269
1.22321
0.63052
1.18016
1.13001
0.950998
1.27925
1.716
0.321906
1.10806
1.16845
0.812752
0.308742
0.697351
1.34897
1.33139
1.01785
0.866532
0.954359
0.609991
1.32521
1.4216
0.922986
1.11688
1.35019
1.69876
1.33679
0.399038
0.434951
1.40069
1.716
1.32218
1.57632
1.04444
0.967116
0.762265
0.736226
0.501408
0.869464
0.733007
1.15277
0.802504
1.07293
0.781237
0.698826
1.22861
1.23164
1.4085
1.50717
0.87256
1.41587
1.15357
0.713832
1.08148
0.922808
1.12942
0.683606
1.30229
1.34096
0.216197
1.46404
1.18791
0.74761
0.993845
1.18867
0.939954
1.04976
1.12173
1.28772
1.06471
0.81079
1.32184
1.02065
1.17387
0.573685
0.949362
1.18569
0.725106
1.4342
0.971994
0.858949
1.3864
1.03068
1.02576
0.637898
0.790811
0.346433
0.953015
1.16744
0.852648
0.450394
0.610704
0.965091
1.37786
0.9947
1.4863
0.760744
1.716
0.888984
0.810891
1.11557
1.04663
0.720587
1.49217
1.4019
1.65363
0.308823
1.35265
0.89058
1.649
1.40813
0.446708
1.50148
1.17847
0.893666
0.671225
0.613493
1.62719
1.22371
0.933508
0.53285
0.89398
1.54584
1.3223
1.16378
1.716
0.0975677
0.834169
0.231141
0.733407
1.0322
0.940965
0.607475
0.76489
1.29144
1.69364
1.30887
0.748051
1.12062
0.334779
0.928256
1.25823
1.32614
1.2587
1.62178
0.50558
1.42904
0.53506
1.57384
0.172757
0.702052
0.472319
1.61863
1.52706
1.24788
1.10116
0.633157
0.881042
0.305061
0.408099
0.858209
0.95327
1.22853
0.700564
0.847759
0.481914
1.09535
1.65156
1.57754
1.716
0.888767
0.453619
1.716
1.4842
1.23822
1.41836
0.852444
1.716
0.999001
0.858226
0.969472
0.788314
1.47094
0.56297
1.716
1.18438
0.914906
0.306324
1.716
1.29312
0.750398
1.32698
0.823197
1.18242
0.625074
0.638702
0.882347
1.716
1.25461
1.49512
0.697781
1.57351
1.31221
1.33956
1.18125
1.6363
0.269609
1.17111
1.716
0.479838
0.641057
0.70395
1.41324
0.396343
0.879153
1.08526
1.04103
0.785069
0.989346
1.12725
1.15956
1.47808
1.09358
1.716
0.800782
0.99935
0.588419
0.981267
1.33879
1.716
1.47846
1.14601
0.910496
0.630956
0.936414
0.56668
0.706264
1.716
0.87965
0.873433
1.60858
1.42172
0.629713
0.766029
0.262271
0.88674
1.33642
1.20066
1.09159
1.26528
-0.203951
0.990365
0.95076
1.49571
0.423675
1.04062
1.20266
1.12435
0.879085
1.19466
0.951859
0.845761
0.475062
0.637901
1.41435
1.34867
0.69615
0.977036
0.326247
0.791905
0.618898
1.0161
1.10941
0.520335
0.750949
0.731078
0.870026
0.0453744
0.817136
1.077
1.14436
1.07915
1.50582
0.947796
1.27234
0.648966
0.98132
1.49206
0.086048
0.980564
1.0007
0.564392
1.716
1.15687
1.48141
0.472708
1.58564
1.38926
0.839567
1.10054
0.760161
0.779366
0.845219
0.511952
1.27672
0.496651
0.80406
1.24389
0.619398
1.716
0.997834
1.09537
1.44911
1.32953
1.57718
0.943427
1.66562
0.786503
0.834595
1.716
1.61258
1.14176
1.34921
1.08861
0.880549
1.10143
1.0126
0.806385
1.5806
0.127822
0.834762
0.823892
0.824809
1.3721
1.38652
0.748927
1.17302
1.33575
1.65932
0.900969
1.05241
1.05332
1.12872
1.716
0.0162746
0.426556
1.68719
1.09546
0.99579
1.08111
1.07487
1.62902
0.959252
1.716
0.591404
1.716
0.380102
0.940761
1.2712
0.627409
1.20312
1.39268
1.33303
1.05073
0.475043
0.628049
1.03272
1.18556
0.72925
0.760388
1.00468
1.14669
0.814639
1.33209
1.716
1.58038
1.27172
1.54571
0.974582
1.31071
1.31159
1.42211
0.873575
0.787707
0.280827
1.29714
1.15231
0.905678
0.823388
1.08239
0.829447
0.712764
0.575146
1.1443
1.716
1.11128
0.723384
0.927037
1.716
1.2941
1.716
0.784455
0.459548
1.61261
1.24127
1.09132
1.2859
0.464582
1.16066
0.79403
0.622208
0.961865
1.21385
1.36617
0.572372
1.24022
1.39392
1.41188
1.16359
1.716
1.39961
0.678583
1.33414
0.547096
0.92135
0.474999
0.71094
1.0813
0.461552
1.00372
0.917168
1.31769
1.00523
1.06403
0.862296
0.679668
1.3323
0.859629
0.880922
1.34086
1.29645
0.888994
1.20925
0.181949
0.904795
0.53233
1.6067
1.34657
1.20464
1.716
0.666138
0.700848
1.23815
-0.0208458
1.27944
1.3887
0.970485
0.976993
0.704773
0.751355
1.05283
0.921508
1.6725
0.983053
1.18333
1.64958
1.30147
1.3375
0.940153
1.11282
1.38983
1.716
1.30376
1.51868
1.27908
0.737118
1.716
0.749579
1.38309
1.33216
1.43964
0.950538
0.780628
1.716
1.42421
0.6377
1.716
1.716
0.894007
1.34794
1.12924
0.995784
0.894671
0.824802
0.454835
1.49835
0.528685
0.338039
0.246437
1.4805
1.18953
0.98947
1.22732
1.04426
0.951979
0.618166
1.716
0.669951
1.4869
0.889563
1.16175
0.819864
1.62825
0.391664
0.828309
0.353667
1.17627
0.792163
1.29506
1.32682
1.08115
0.485102
0.384908
1.59011
1.1751
1.12708
1.27592
0.952528
1.24864
1.32699
1.12375
0.377577
0.623227
1.716
1.20454
0.789265
0.694241
0.619463
0.664923
1.03391
1.52042
0.902305
1.06305
0.640724
1.48557
1.17584
1.6231
1.22769
1.50297
1.35516
0.231982
0.586083
0.681035
0.642486
0.448522
0.836452
0.782497
0.925274
1.22127
1.716
1.18426
1.01848
0.568338
0.787118
1.00683
1.15506
1.60989
1.13872
1.63915
1.02146
1.41408
0.846702
1.09087
0.990641
1.11222
0.864465
1.716
0.914541
1.42217
0.901337
1.67083
1.52751
0.850807
0.606821
0.704808
0.764239
1.62777
1.1145
1.6126
0.875702
1.56812
0.985906
1.33055
0.444817
0.570933
0.802425
1.09839
0.67989
1.25271
0.827528
0.498427
1.18291
0.960538
0.600368
0.752345
0.831291
0.615895
1.45434
1.40399
1.60141
1.42376
1.22842
1.2535
0.916482
0.954177
0.495006
1.60063
0.869157
1.41388
1.46566
1.68067
0.819467
1.07838
0.529393
0.301848
0.937397
0.796536
0.583281
0.599479
1.36059
1.32527
1.32676
0.903386
0.352704
0.550559
1.02236
0.36363
1.47174
0.950843
0.680224
0.230703
0.875994
0.798355
1.44624
1.31177
0.861309
1.46141
1.32585
0.803823
1.56454
0.600334
0.810355
1.09842
1.33131
1.29794
1.37827
1.20051
1.01186
1.34413
1.26997
0.731126
0.710298
1.5593
0.255365
1.31453
0.357849
-0.195143
0.922853
0.448973
0.522812
0.709902
0.665828
1.37751
0.0836053
0.681648
0.875064
0.874491
1.716
0.802496
0.614295
1.34779
1.6746
1.05057
0.886753
0.372595
1.03272
1.22565
1.2872
1.3693
0.815488
0.976312
0.761342
1.2609
1.23766
0.443951
0.306704
1.22336
0.65013
1.22711
1.27415
1.50677
0.484408
1.28781
0.378869
1.20985
1.26315
0.835018
1.51243
0.523421
1.21693
0.36064
1.46269
0.896292
0.307218
0.389357
1.37996
0.974731
1.06928
1.61567
1.47541
1.26174
1.05611
0.390214
0.368812
1.45069
1.18806
0.856146
0.500741
1.39115
1.12832
1.05111
1.05969
1.22815
0.955621
1.23986
0.674589
0.510413
1.30311
0.40805
0.472215
0.616739
1.02678
0.98008
1.02272
0.668406
1.01772
1.18071
1.07911
1.24803
0.124203
0.766921
0.408345
0.973858
1.08919
1.18758
1.16345
0.732734
1.35304
0.885412
0.107449
1.01569
0.700026
1.33386
1.716
0.0835569
1.49032
1.28689
0.725142
1.64131
0.975636
0.478349
1.20658
0.635713
1.07115
0.21324
1.56928
1.25541
0.940233
1.0745
0.905274
0.833458
1.4853
0.773682
1.20163
0.369308
0.953909
0.978531
0.930117
0.957193
0.790782
1.1212
1.2387
0.985628
1.38055
1.22852
1.24788
0.832446
0.371388
0.205077
1.12277
1.04847
1.4569
1.17893
1.1894
0.818927
0.423171
1.716
0.874769
0.863207
0.700984
0.569437
0.451016
1.16617
0.361449
0.660644
0.753794
0.846515
1.716
0.273097
0.951283
1.69793
1.65069
0.636516
1.16409
0.732718
1.716
1.37622
0.843823
1.23393
0.093408
0.507461
0.285401
1.716
1.30107
1.19697
1.25282
1.56054
1.22156
0.955124
0.820435
1.03033
1.58369
1.12104
1.37524
1.47385
0.695924
0.660934
1.32186
1.1334
1.01682
1.43427
0.867955
0.118527
1.10874
1.08363
1.67855
0.819418
0.856021
1.00183
0.471001
0.912347
0.77127
0.575103
0.914455
1.41722
0.96844
1.19712
0.759895
1.20554
1.06162
0.9532
1.19969
1.12207
0.768665
0.954296
1.66758
0.613252
1.44126
0.807627
1.28925
1.19398
1.716
0.918358
0.801395
0.724641
0.639895
1.61617
0.0640027
1.15138
0.895201
1.716
1.23715
1.37557
1.3598
0.394838
0.896593
1.41039
1.27498
1.66172
1.716
0.972024
1.23568
1.63185
0.556028
0.386253
1.23781
0.509849
0.438347
1.47767
0.920164
1.18195
0.913352
0.83588
0.987989
0.690634
1.05968
1.19091
0.713342
0.457361
1.24088
0.684468
1.53145
0.7451
1.716
1.716
0.92451
0.99917
1.19433
1.01781
1.41413
0.0513304
0.757026
1.24024
1.04972
0.647322
0.0978372
1.36629
1.21345
0.547898
1.1968
1.15189
1.12081
0.333429
1.37998
1.06273
1.61109
1.56047
0.901839
0.540608
0.916329
1.36073
0.376296
1.45836
1.23675
1.04117
1.5375
1.26381
1.64617
0.619549
0.618585
0.737324
1.1821
1.02851
0.827926
1.716
0.399756
0.888737
1.51406
0.0875677
0.691246
1.67604
0.750618
0.944227
1.48266
1.15018
0.225457
0.806137
0.893617
1.15872
0.873596
1.64105
0.99563
1.65551
0.568105
1.43497
0.761771
0.770149
1.02861
1.23915
1.39501
1.24802
0.80353
1.71284
1.06655
0.752696
0.579443
1.25668
0.455702
1.04132
0.916069
1.19933
0.711691
1.716
1.36064
1.716
0.64381
1.64604
1.01969
1.06573
1.18233
1.07318
0.308698
1.36746
1.39013
0.280868
1.27489
1.55953
1.49153
1.27798
0.918918
1.716
1.15679
0.931585
1.2914
0.545336
1.44284
1.11973
0.689325
0.629984
0.340455
0.057216
0.429881
0.845327
1.716
0.945296
0.890343
0.984982
1.42997
0.855067
1.716
0.789284
0.615834
0.433874
1.65441
1.33699
0.844098
1.4692
0.950365
0.815504
0.527175
1.12233
0.114366
0.992833
1.19701
0.974272
1.27856
0.757543
1.25823
0.688575
0.170598
0.967056
1.716
0.957016
1.11223
1.53164
1.06005
0.528342
1.28094
0.774237
0.994607
1.53011
1.11126
1.0031
1.20384
0.703187
0.926809
0.516249
0.75601
0.838493
1.09932
1.716
0.897565
0.890053
0.777791
1.716
0.833858
0.902087
1.40578
1.5301
0.596419
1.27009
0.0448067
0.875566
1.45078
0.540875
0.903937
1.1137
0.175222
1.19671
0.95339
1.70164
0.521133
1.21292
0.420179
1.27962
0.738367
0.733759
1.48617
0.521695
1.09662
1.716
1.1166
1.27013
1.716
1.14252
1.68637
1.15662
0.83689
1.20098
0.882719
0.89693
0.582411
0.657191
0.9334
1.716
1.27634
1.27448
0.819202
0.549383
0.356917
1.55812
0.603836
0.708424
1.65863
1.30379
1.2623
0.910813
1.25206
1.33631
1.16533
1.716
1.28961
0.992767
0.750403
0.666729
1.20363
1.716
1.29018
0.775718
1.45302
1.04881
1.3126
1.04996
1.61409
0.455498
1.33807
0.565173
1.66249
0.968446
1.15604
0.697238
0.212714
0.352015
1.716
1.35313
1.50043
1.02961
1.19723
0.862294
1.23382
0.342202
0.872638
0.957519
1.02696
0.700777
1.21874
1.57226
0.895781
1.31028
0.344049
1.2037
0.606011
1.53632
1.58766
1.09514
0.780896
0.622409
1.47085
1.29236
1.716
1.50712
1.5845
0.890427
1.52636
0.965255
1.22723
0.73296
0.585807
0.501582
1.43753
0.785662
1.716
0.640288
0.6306
1.03265
0.93361
1.05947
0.95714
0.924484
1.25834
0.603554
0.953527
0.941361
1.24679
0.433707
0.719288
0.841797
0.809554
1.30986
0.971053
0.461701
0.529433
1.50606
0.880147
0.857225
1.43134
1.04914
0.79311
0.919329
0.547559
1.03248
0.449258
0.781443
0.182053
1.13628
1.53274
1.28516
1.716
0.183112
1.20377
1.716
0.698249
0.867567
0.377517
1.59031
1.03259
1.24892
0.719604
1.52565
0.753436
0.823874
0.958331
1.05027
0.942128
1.54772
1.19759
0.999827
0.675917
1.2734
1.50416
1.716
1.61085
1.13147
0.775953
0.73512
0.987278
0.953672
0.995734
1.33308
0.570697
0.0840597
1.3566
0.827895
0.561823
0.866498
0.412128
1.07445
1.09707
0.885446
1.56756
1.43063
1.05906
0.817069
0.437616
1.33247
0.657764
1.716
1.23225
0.696271
1.62544
0.913107
0.179588
0.734905
0.834862
0.884943
0.825829
0.65725
1.09083
0.321694
1.0807
0.978671
1.47202
1.23661
0.687975
0.785184
0.996251
0.672625
0.747951
0.954513
0.237018
0.932834
0.666113
0.451078
0.809242
1.51064
0.361155
0.90989
1.58599
0.779274
1.65869
0.530197
0.827334
0.956595
0.704235
1.1687
1.52202
1.52455
1.41601
1.08479
0.793336
0.126317
0.869166
0.522717
0.866766
1.35473
0.427647
1.45591
1.48734
0.780095
0.84444
1.19296
1.34452
0.936311
1.14706
0.793054
0.505125
1.15376
1.23904
1.00676
0.811702
1.06113
0.632391
1.55862
0.620678
1.17557
0.829495
1.28055
0.997453
0.802184
1.64153
-0.0545135
0.573089
1.4258
1.04022
0.407121
1.20436
0.415535
1.63213
1.15973
1.14607
0.788396
0.865697
0.876248
1.60629
1.01761
1.00216
1.0282
1.14845
1.38658
0.663048
0.678854
0.295842
1.716
1.1397
1.5641
1.36341
0.134458
0.564089
0.410124
0.753763
1.09299
1.151
0.777449
1.14656
0.926599
1.2655
0.973958
0.69112
0.661034
1.23602
1.67908
0.376798
1.716
0.473019
1.60514
1.00525
1.06256
1.37027
1.716
1.44661
1.26768
1.44653
0.819578
0.903957
0.698346
1.716
0.790656
1.06854
0.714243
1.57684
1.14669
0.826233
0.948476
1.65588
0.637831
1.716
1.2868
1.14771
0.571855
0.972058
1.06907
1.11719
0.488741
1.06779
1.01401
1.54254
0.68096
1.10536
1.18512
0.984498
0.758108
0.956681
0.74845
0.857709
0.777313
-0.191897
1.05471
0.938659
0.880112
0.452336
1.31461
0.199341
0.761349
1.43904
0.575648
0.690606
0.881426
1.44362
1.24507
0.763745
1.716
0.943777
1.04041
1.41118
0.884757
0.872587
1.716
1.38413
1.45781
1.07552
1.66352
1.05811
0.622227
1.10318
0.859161
1.63115
1.00666
0.5403
0.703826
0.925239
0.690091
0.645714
0.71113
1.15441
1.05645
1.19526
0.337129
1.61305
0.817451
0.513596
0.901321
1.06096
1.716
0.978378
0.638009
0.483682
1.23805
1.38115
1.2045
0.889653
1.06085
1.21667
1.34307
0.382507
0.79459
1.56029
0.457999
1.17702
1.63047
0.686395
1.25946
1.43311
0.868465
0.926085
0.61644
0.719863
0.962026
0.846617
0.701723
0.697374
0.745655
1.23744
1.44964
0.468265
0.932602
1.50107
0.589936
0.905674
1.26118
0.833561
1.14965
0.947823
1.25591
0.712269
0.581758
0.605149
1.41489
1.1626
1.17119
1.02619
0.726695
1.34286
1.23377
0.667586
0.164328
1.09762
1.05448
1.716
0.292066
1.04128
1.31919
1.18691
1.61312
0.888625
1.48401
0.879653
0.833401
1.29192
1.23504
1.49478
0.857396
0.831708
1.48692
0.82863
1.44291
1.36006
1.42982
1.1037
1.36149
0.405372
1.64579
0.870965
0.945239
0.880437
0.714344
1.42344
1.01249
0.666967
1.13078
0.855397
0.894602
1.08018
1.15847
0.661075
0.939392
1.716
1.53532
0.698049
1.38439
1.16343
0.780031
1.45533
0.539102
0.739718
1.02364
1.716
1.35765
1.11106
1.21708
1.09682
0.967062
1.30998
0.961144
0.756815
1.28612
0.81587
1.4644
0.730974
1.39504
0.766723
1.4073
1.66641
1.30266
1.03194
1.35956
1.67222
1.34521
0.530608
1.11263
1.00813
1.05617
1.21014
1.08013
1.07313
1.716
1.29716
1.04628
1.2914
1.716
1.45979
0.795521
0.901242
1.15587
1.12114
1.716
1.66478
0.513842
1.21993
1.1373
0.951747
0.717965
1.27285
0.683448
1.716
0.509206
0.806409
0.696131
0.374297
1.47563
0.982074
1.32508
1.10288
1.44732
0.672816
0.597342
0.920809
0.316901
0.988891
0.910971
1.66667
1.05053
0.801275
0.238204
0.61251
0.24181
0.733855
1.33544
1.38295
1.04586
1.716
0.329131
1.69788
1.46232
1.70745
1.07317
0.827692
1.716
0.87355
0.608961
0.277825
0.187238
0.907246
0.563671
0.307079
0.649985
0.641915
0.871036
1.36342
0.473292
1.716
1.11591
1.098
0.849464
1.17006
0.719391
1.24983
0.659867
1.43154
1.13658
1.39189
1.1218
0.368187
0.874962
0.637656
1.18095
0.456987
1.62889
1.716
0.753848
0.660013
1.37097
1.5944
0.832021
1.27415
0.680305
1.41966
1.35022
0.757019
1.12425
0.97275
1.26028
0.489213
0.367889
0.659352
0.671044
0.439885
1.09586
0.792969
1.22541
1.27068
1.09652
1.44733
-0.0206639
1.07886
0.822878
1.40394
0.696986
0.855629
0.897562
0.916635
0.54821
1.00354
0.691412
0.979098
0.464607
1.01432
1.59501
1.66755
0.858203
1.33431
0.836962
0.800325
1.13513
1.36448
1.716
0.709749
1.16101
0.618108
-0.317668
0.680056
1.5126
1.69702
0.842421
0.714018
1.01203
1.32558
1.60175
0.425226
0.819048
1.45837
1.32608
1.17098
1.08356
0.841065
1.30806
1.69032
0.429041
0.89616
1.47284
1.46583
1.7023
0.825479
1.05537
0.813454
0.794093
1.21181
0.109578
1.35054
1.24121
0.542515
1.716
0.779993
1.28418
1.19514
1.716
0.906191
0.968472
1.10093
1.00044
0.992062
0.920098
0.515646
0.428085
0.564496
1.23241
1.689
0.580397
1.28245
0.707906
1.18074
1.19159
1.67086
1.23326
0.978463
0.642429
1.16488
0.855469
0.843109
0.825665
0.48678
0.701641
1.0266
0.916525
1.18591
0.449643
1.2889
0.539865
1.39922
0.497733
1.12229
1.1411
-0.158112
0.548023
1.01827
1.3074
1.30602
1.23438
1.19071
0.824034
1.12351
1.15374
0.428569
1.37805
0.779336
1.716
1.25102
0.977984
1.47605
1.05048
0.962616
1.42338
1.42813
0.380999
1.40337
0.916756
0.923038
1.17346
0.756525
0.529919
0.307711
0.982778
1.39464
1.11912
1.08622
1.02454
0.942651
0.908604
1.43976
1.12161
0.890113
0.947939
0.688452
1.23168
0.241144
0.901706
0.970192
0.263738
1.17194
1.41943
1.716
0.734313
0.78764
1.4406
0.685276
1.11131
1.716
0.49636
0.903538
1.10018
0.864633
0.68583
1.07171
1.29649
1.40761
1.15706
1.50692
1.41175
1.1388
0.683644
0.962937
1.26458
1.00241
1.443
0.537518
0.55758
0.996974
0.858322
0.987998
0.704026
1.36365
0.645831
1.3717
0.238082
1.26732
1.716
0.63812
0.455088
1.6638
0.730133
0.551356
1.716
1.06998
0.604865
1.07125
0.866236
0.847212
0.453544
1.56832
1.31651
1.31641
0.801365
0.76323
1.05258
0.903163
0.863087
0.412021
0.508385
1.50837
0.790525
1.11819
0.937372
0.258685
0.892412
0.733459
1.03037
1.28722
1.05653
0.619361
1.36013
1.716
0.15382
1.24511
0.518544
1.09649
0.951107
1.09476
0.813171
0.763556
1.18184
1.35227
1.43257
0.853005
1.08601
1.37238
0.691454
0.353835
0.232394
0.829452
1.10941
1.21901
1.28137
0.633957
0.485414
1.1756
1.2372
1.32595
1.38072
1.1837
0.902906
0.718181
0.491772
1.57701
1.66558
0.505592
1.03616
0.867385
1.27173
1.56754
0.296917
1.60946
1.23922
0.977478
0.907373
0.82078
1.43457
1.64602
0.719997
0.989432
0.949598
1.32025
0.254456
1.5024
1.17318
0.67374
0.0874398
0.967362
0.895121
0.822315
0.455448
0.843216
0.831565
1.07647
1.14897
1.11085
0.823566
-0.045593
1.13092
1.18893
1.04771
0.624851
0.446843
0.940191
1.66802
0.858895
1.1311
0.766889
0.852882
1.19879
1.28974
0.657946
1.13882
1.21175
0.553932
0.650991
0.958718
0.879098
0.794935
0.956459
1.26225
1.03575
1.1227
0.526327
1.15662
1.66812
1.716
0.440413
0.604403
0.76452
0.679471
1.11571
0.664122
1.716
0.657617
0.92877
1.40305
1.54708
0.752789
1.35284
0.940052
0.630378
1.28049
0.790171
1.14149
1.56259
1.02936
0.819663
1.3737
0.923775
1.44013
1.01654
1.22473
-0.0563509
1.66042
1.1658
0.591667
1.23603
1.41966
1.58477
1.716
0.356655
1.33225
1.12788
0.395579
0.97401
0.664666
0.921834
1.16526
0.5424
1.00969
1.10693
0.699744
0.727397
0.954688
0.852681
0.164725
0.433962
1.11699
1.5749
0.727969
0.774331
1.716
0.969382
1.716
0.868626
0.786727
0.457169
1.25438
0.818689
1.32364
1.44128
1.35075
0.673248
1.17366
1.25857
1.27455
1.51337
0.64083
0.995287
1.57435
0.73631
1.32072
1.14629
1.61265
1.1152
0.855137
1.716
1.32482
1.08796
1.641
1.0242
1.23868
0.89943
1.43573
1.06601
1.2584
0.629352
1.716
0.963808
1.64081
1.2725
1.57022
0.668826
0.833553
1.03969
1.20389
1.02838
1.17232
1.21267
1.33421
0.902384
0.559889
0.841695
1.38491
0.995381
0.867281
1.17368
1.66322
1.17028
0.931735
0.913456
0.893161
1.32706
0.282107
0.137038
0.516606
1.66788
0.944788
1.716
0.877201
0.700168
1.1693
0.896307
0.830067
0.519359
0.53981
1.716
0.687469
1.1895
1.67537
0.87828
0.0377949
1.19198
0.998779
1.43297
0.882848
0.950503
1.56726
0.510641
1.00346
0.87156
1.30787
0.97466
1.3544
1.45921
1.716
1.264
0.402092
0.45216
1.27896
0.755524
1.41766
1.00786
1.58719
0.705904
1.321
0.52603
1.00641
1.38317
1.27039
0.57517
1.04804
1.08996
1.37372
0.920787
1.4128
0.930056
0.584652
1.58247
0.932859
0.886764
-0.184518
0.719
0.664448
0.923061
1.46867
1.716
1.39439
1.45296
0.684627
0.832276
0.869411
1.35771
1.00678
1.0116
0.760251
1.09103
0.287675
0.957643
0.551014
0.691109
0.637341
0.907401
1.65018
0.870512
-0.159774
0.483406
0.670833
0.577054
1.35201
1.07334
0.645645
1.716
0.920755
0.983597
0.272436
1.29874
1.45033
1.34594
0.526555
0.92277
1.2006
1.47315
0.856789
0.0356373
1.02744
0.567048
0.969621
0.717813
0.399588
0.990443
1.716
1.28067
1.06873
1.716
1.19786
1.35455
1.508
1.17854
1.0683
1.18067
1.03798
0.783719
1.46157
1.18554
0.272888
0.874749
0.911604
0.700743
0.588493
0.845197
0.458627
1.17185
0.946338
0.501502
1.57197
1.08272
0.889751
0.89665
0.979374
0.133414
1.42713
1.4048
0.942167
0.430679
0.938898
0.689093
1.10682
1.11251
1.09137
0.579076
1.23295
0.898712
1.26543
0.676314
1.2089
0.756506
1.013
1.37345
1.16595
0.579542
0.808298
0.253688
1.15514
1.716
0.902905
0.939746
1.51324
1.716
1.48411
0.955762
1.27118
1.41855
1.11439
0.601258
1.50949
0.611594
0.415695
1.25725
0.924353
1.48639
1.34137
1.12864
1.35947
0.409381
1.32258
0.4826
0.900095
1.07419
-0.0339573
0.762934
0.191846
0.756321
0.787457
0.914784
0.502098
0.231976
1.06587
1.02705
1.10476
0.917975
1.69482
1.36656
1.38195
0.260534
1.1316
0.695159
0.686874
0.739505
1.22559
0.811083
0.568592
1.03991
1.3518
0.653889
1.70898
0.436097
0.897226
0.258156
1.10959
1.716
0.8638
1.00927
0.753887
1.18461
-0.101607
1.716
0.972953
1.35141
1.66584
0.990167
0.909567
0.85456
0.553474
0.992489
0.515023
1.0649
1.2299
1.26629
0.727136
1.28317
1.40708
0.906306
1.4978
0.59059
0.869511
1.36902
0.957656
0.661089
0.966796
1.16311
1.716
1.34261
0.87129
1.0815
0.498296
0.640653
1.45079
0.85548
0.989467
1.13213
0.365325
0.325371
1.36924
0.735212
0.724365
0.880434
1.58557
0.873438
1.70393
0.480611
1.44149
0.929998
0.976819
1.716
1.12103
0.951251
0.644171
0.887212
1.68994
0.808258
1.27976
1.17462
1.716
0.60357
1.716
0.699537
1.00106
0.180079
0.853561
1.716
1.1956
1.00998
0.815499
0.804227
1.37447
0.24738
1.20718
1.716
1.09836
1.29769
0.904273
1.18581
1.13201
1.61962
1.04018
1.06576
0.100594
1.13827
0.839386
1.19694
0.870949
0.915636
0.50896
1.66173
1.30875
1.00983
1.18498
0.805654
0.79677
0.608886
1.716
1.50177
1.31327
0.901223
1.04085
1.26946
0.796229
0.805772
1.07959
1.45111
0.968787
0.90131
1.13912
0.441417
1.30999
1.30179
1.59036
0.922334
0.479126
0.643613
0.831205
0.839597
1.55107
0.651295
0.622444
1.716
0.365493
1.13912
0.965826
0.559643
1.51001
1.27722
0.824349
1.46051
1.24825
0.966979
1.51283
0.696222
0.985847
0.539386
1.18528
1.46164
1.11394
1.716
1.716
1.35744
1.40861
1.23855
1.47975
0.57901
1.44345
0.950549
1.4978
1.716
1.55472
0.668896
0.343978
1.20079
1.03195
0.689716
0.84594
0.90085
1.4038
1.28471
0.921589
1.13604
0.833716
0.909744
1.50607
1.09945
0.480409
0.715205
0.927149
0.762304
1.62213
1.716
0.850344
1.23656
1.716
1.1464
1.45245
0.620195
1.17741
1.60002
0.928325
0.675386
0.897925
0.478696
1.29433
1.42565
0.929089
0.885429
1.03685
0.290662
1.28388
1.31014
1.35281
1.19091
1.45776
0.644422
1.69547
0.608154
0.421454
1.0904
0.92716
0.614322
0.968967
1.38921
1.04435
1.28768
1.5217
0.863639
1.20964
0.364927
1.09295
1.716
0.946254
1.0063
0.514085
1.214
1.36707
1.10094
0.839123
1.26892
1.04521
1.17917
1.58963
1.716
1.4319
1.14962
1.1162
1.27818
0.976359
1.27189
0.620776
1.12626
1.2812
1.28284
1.12988
0.555393
0.763145
1.46526
1.31577
0.765482
0.276532
0.875424
1.50579
1.03412
1.21838
1.00678
0.932845
0.949617
0.301418
1.03589
0.864651
0.561459
1.3174
0.0966771
1.25796
1.52348
0.282953
1.08256
1.716
1.21529
0.67481
1.61609
0.927644
0.763013
0.813533
0.198678
0.857186
1.45335
0.788338
1.42769
1.21294
1.1157
1.1978
0.945428
1.29215
1.41315
0.929316
1.02605
1.52935
0.70853
1.36286
1.66665
1.716
1.716
0.805358
0.86281
0.869937
0.831409
0.514915
1.03953
1.16806
0.705259
0.528815
1.32238
0.811578
1.23873
1.24536
1.3117
1.00706
1.31743
1.26771
1.49236
0.91335
0.91685
1.08543
0.59709
1.30158
0.894308
0.849674
0.522262
0.518131
1.716
0.769926
0.866279
1.67889
1.31411
0.869757
1.27604
1.15706
1.18621
1.54098
0.682165
0.691214
1.1936
1.46465
-0.344194
0.903777
0.852689
0.419248
1.01938
0.853589
1.15787
1.15667
0.721298
1.716
1.56777
1.58599
1.56043
1.70322
1.01862
1.00865
1.21645
0.976899
0.918167
0.776266
1.17056
1.716
1.34473
1.56598
1.24626
1.22191
1.58297
1.22067
1.16719
1.55021
0.711412
0.452552
0.04524
0.154971
0.257836
0.849103
1.57967
1.00067
1.1318
0.821627
1.38525
0.991999
1.23602
0.88364
0.263608
0.617948
0.0210964
0.925201
0.858517
0.62058
0.595541
1.40521
0.84333
1.716
1.19284
1.52915
0.837982
1.20573
0.781536
0.751336
1.22894
1.716
1.104
1.08947
0.497791
0.426365
1.30462
1.36897
0.983244
0.604054
0.739017
1.16929
-0.401106
1.06963
1.56983
0.501195
1.3654
1.12838
0.406252
0.824147
0.767762
0.350451
1.23926
0.726059
0.697423
0.385126
1.18287
1.11947
1.07217
1.11299
0.902073
1.5411
0.748312
1.13493
1.58771
1.12536
1.41681
1.716
1.12045
1.716
0.887084
1.716
0.59219
1.09416
1.57485
1.42604
0.987643
0.923267
1.07169
0.935739
1.21246
1.22178
0.873971
0.648357
0.987359
0.532918
0.567481
0.768486
0.671902
0.79487
1.06833
1.24762
1.20332
1.01597
0.491405
1.49839
1.1255
1.40789
1.05371
1.54923
0.251591
1.04752
0.667031
1.35914
0.916921
1.05466
0.870464
0.339776
1.31697
0.355189
0.721563
0.758353
1.43385
0.90428
0.865667
1.16832
0.577395
0.815525
0.901732
0.970549
1.05953
0.711085
0.685176
1.42998
0.973374
0.883963
1.45859
1.52307
1.42543
1.71562
0.470853
1.07596
0.509342
0.747589
0.485348
0.675266
0.698758
0.861705
0.514044
1.36678
1.67079
0.788691
0.493065
0.291136
1.54898
1.24435
1.05424
1.42404
0.535739
0.948147
0.41828
1.11423
1.25921
1.13322
1.31354
0.895168
1.34802
0.888904
0.683305
0.64513
0.930504
0.636167
0.673045
1.2726
1.716
0.819973
1.25542
0.757626
0.76517
0.387723
1.04135
0.704811
1.32065
1.23819
1.04999
0.470473
1.59354
0.541615
1.25637
0.379997
0.720216
1.31296
1.57903
1.23993
1.36129
1.02071
1.06423
1.65479
0.814786
0.782864
1.45146
-0.0890556
1.24971
0.575432
1.18981
1.09372
1.61062
0.65212
1.59528
1.42263
1.33276
1.716
0.697074
0.785465
1.47199
0.175063
1.30469
1.16302
1.15965
1.36535
0.299271
0.844245
0.555043
1.25253
1.28435
1.45926
1.23165
1.29849
1.37614
1.08684
0.458924
1.46604
0.763344
0.731026
1.50813
1.39498
0.983387
-0.0137735
1.29009
0.64151
1.04165
1.40113
1.716
0.599649
1.28823
1.57502
1.41442
1.25237
0.844136
0.311005
1.04328
1.716
1.716
1.14242
1.15578
1.49808
1.12676
1.44523
0.92277
1.01748
1.12051
1.12114
0.656664
0.627942
1.3024
0.836038
0.692749
0.476508
0.992968
1.03485
0.673456
0.581681
0.142159
0.757368
0.841871
0.472408
0.494251
0.881032
1.48651
0.63604
1.00083
0.714921
1.17823
1.39056
0.652453
1.28719
0.726143
0.183446
1.24551
1.36597
0.600461
1.16667
0.951427
1.04857
1.05326
0.895037
0.595246
0.750007
1.25545
1.55322
0.75794
1.08044
0.680513
0.877857
0.540524
1.16063
1.67552
0.71709
1.24025
0.74253
1.1369
1.13813
0.831201
1.67314
1.15548
1.45292
0.677335
1.48542
0.852026
1.45933
0.686466
1.58314
1.52209
1.48459
0.946513
1.404
-0.122918
0.729905
1.716
1.17393
1.716
1.3497
1.278
1.33638
1.32767
1.25308
0.29286
1.65741
0.357951
-0.0478918
1.16247
1.41877
1.02444
0.486498
1.24231
1.34434
1.08257
0.470829
0.746872
1.40585
0.833426
1.58865
1.13861
0.732261
0.751869
1.43336
1.19808
1.17125
1.06357
0.821576
1.59576
0.96209
1.33595
0.827429
1.05661
0.766948
1.53289
1.6677
1.41841
0.74178
1.13706
1.45006
0.865558
0.412651
0.645246
1.70978
1.51819
0.959096
0.73326
0.628301
1.07123
0.960585
0.485292
1.4043
1.36691
1.15505
1.36234
1.5754
1.47368
0.627789
0.892338
0.383839
1.716
0.783081
1.55733
0.845067
1.46689
0.912922
0.640518
1.02015
0.665221
0.679167
1.55345
1.57422
1.61667
0.927017
1.51479
0.839084
1.20684
1.08954
0.85437
0.918545
1.04292
0.896727
1.12761
1.15875
1.25658
1.15901
0.782708
1.58462
1.1806
1.23203
1.11852
1.08095
1.30518
0.181523
1.716
0.793423
0.6125
1.2905
1.35129
0.961373
1.716
0.706971
1.22097
1.12757
1.49462
0.91813
0.464256
0.825145
1.103
0.505249
0.652772
0.722568
0.949362
1.55478
1.47016
0.622257
1.11336
0.996086
0.537744
1.1823
1.15462
1.716
0.902981
1.68571
0.487471
1.25333
0.702445
1.65385
1.54204
1.07369
1.15745
1.716
0.919368
0.825393
0.961041
0.815682
1.19228
0.987447
0.302723
0.588178
0.954025
1.19713
1.716
1.44254
0.802977
0.974483
1.30309
0.828596
1.21764
1.16983
0.97208
1.18906
1.41345
1.42543
1.09986
1.43456
1.05107
0.653013
1.29777
0.323761
0.994903
1.716
1.65979
1.42946
1.18213
1.44251
0.979064
1.1206
1.45889
1.19938
0.742707
1.28128
1.41787
0.915673
0.926073
1.3415
0.357688
1.35374
1.48962
1.14524
1.43046
0.803968
0.510591
0.749324
1.05334
0.726926
0.609008
1.3573
0.249293
1.27746
1.27888
1.716
0.745004
0.906421
0.544159
0.889407
0.916938
0.277114
0.81594
0.460016
0.906623
1.62632
1.32788
0.781453
0.513376
1.12517
1.46746
0.914355
1.04491
1.01278
0.771297
1.29941
1.47648
1.24773
1.19
0.442965
1.66999
1.14127
1.25423
1.26343
0.655598
0.19154
0.878933
1.46072
0.852999
0.191322
0.94538
1.07987
1.19651
0.795393
0.902883
1.36357
0.557782
0.809269
1.51265
0.786869
1.12868
0.698489
1.08673
0.288387
1.07146
1.23632
1.00425
1.10157
1.56049
0.489049
0.596655
1.43216
1.16423
1.04929
0.830399
0.76658
1.01059
1.05884
0.595123
1.46574
0.931395
0.543254
0.559981
1.25632
1.05522
0.575497
1.40748
1.29358
1.31464
1.10618
1.33476
0.976817
1.48723
1.22344
1.23135
0.949552
1.03519
0.79746
1.14469
0.89561
1.21717
0.740874
0.99362
1.67813
0.735456
1.21468
0.110958
1.6688
0.680828
1.53805
1.40691
0.546168
1.08679
0.96341
0.397152
1.08785
1.30119
1.5556
0.894701
1.14838
1.2937
0.732632
1.04299
0.651116
1.12255
0.882974
1.33626
0.658823
1.716
1.36598
0.561328
1.18907
1.59199
1.43887
0.528722
0.335005
0.515374
1.21203
0.784569
1.4197
0.930056
0.971124
0.912708
1.4681
1.18456
1.09843
1.40569
1.23672
0.827528
0.782145
0.414506
1.26811
0.955679
1.21008
0.826178
1.49752
0.518151
0.31251
1.43987
0.64245
0.744011
1.02836
1.57337
1.31229
1.24967
0.830799
1.28247
1.14259
0.831093
0.920268
1.00008
1.34384
1.716
1.07224
0.609914
0.720537
1.716
0.890717
1.37846
1.02874
1.58632
0.993903
1.41421
1.13995
1.30379
1.1002
1.38298
0.866679
1.37558
0.927916
1.34788
1.18954
1.13481
0.95854
1.16807
1.54643
1.716
1.04417
0.483534
0.432071
0.530435
1.58004
0.54716
0.994268
0.4674
0.97485
1.3194
0.939735
1.11182
0.786684
1.07475
0.632468
0.753662
1.10611
0.675739
1.716
1.29448
1.40351
0.782858
1.14393
1.38704
0.617558
0.446016
1.06782
1.23383
0.565627
1.13704
1.24276
1.716
0.880145
0.661979
0.930075
0.669265
0.819423
0.664063
0.939429
1.04146
0.500489
1.46469
0.682551
1.26613
0.292328
0.539473
0.745971
0.930219
0.919901
0.9135
0.988961
1.03086
0.759139
0.845836
1.10822
0.740638
1.13758
1.01464
0.988556
0.771028
1.30014
1.29281
0.251509
0.716356
0.708252
0.341456
1.25273
1.31443
1.20132
1.21359
1.27742
1.04278
1.06596
1.27721
0.507579
1.33564
0.931658
0.756764
1.36696
0.851521
0.608074
1.56598
0.137979
0.938228
0.975295
0.708455
1.45961
0.611641
0.863405
0.569956
1.17292
0.611068
1.03062
1.3969
0.850705
0.950262
0.986099
1.11234
0.962686
1.07963
1.3985
1.43409
1.45762
0.0969115
1.33877
0.714606
1.23633
0.545875
1.51331
1.14626
1.45216
1.6221
0.905379
0.955496
0.99896
1.31792
0.824348
0.956208
1.03448
0.339843
0.422265
1.42521
1.20208
0.77511
0.390384
0.698292
0.768693
1.716
1.10773
1.0528
1.57185
0.720937
0.898896
1.0144
0.504263
1.4568
1.08828
1.32773
0.544523
0.294704
1.36671
0.67533
1.04731
1.07031
0.737019
1.20927
0.878152
1.22168
0.899599
0.985484
1.0985
1.23454
0.891042
1.18491
0.632473
1.68309
1.5649
0.95253
0.890631
0.823764
1.716
0.397143
0.906823
1.10394
0.903162
0.562745
1.03092
1.10191
1.21654
1.71524
1.22047
1.11151
0.844758
1.12441
1.28144
1.09103
1.46303
0.87205
0.901506
1.20655
1.0629
0.983837
1.15068
1.38675
1.00604
0.396958
0.519405
1.35936
1.33102
0.273155
1.0532
1.12598
1.716
0.193822
1.56488
0.539884
1.25451
1.40142
0.19743
0.498071
0.718402
1.40745
0.526109
0.073395
1.04508
0.505369
0.917936
1.0835
0.333884
1.12471
1.33361
0.890783
0.754284
0.699906
0.702542
1.0979
1.25516
1.11383
0.382263
1.42964
1.27361
1.716
1.14609
0.558999
1.06081
1.1163
1.26764
1.70732
1.06779
1.17091
1.35729
0.717143
0.904891
1.716
1.44799
0.913827
1.10013
1.09599
0.857306
0.838459
0.585818
1.15214
0.61365
1.54686
0.175633
0.216765
0.23725
0.902707
1.22481
0.908095
1.17052
0.995127
1.05344
0.875681
1.22694
1.02695
0.988981
1.07709
0.953715
1.24441
1.32882
1.37117
0.722001
1.10106
1.26796
1.3514
1.3267
0.969359
1.0151
0.729399
1.42019
1.28751
1.26135
0.996281
0.597465
1.3339
0.255386
1.20193
1.30184
0.930301
1.10509
0.710626
0.605522
0.655944
1.4088
1.716
0.499992
1.08204
1.59697
1.45159
0.813197
1.0726
1.04053
0.645649
0.911843
1.28677
0.38109
0.693309
0.632941
0.913476
1.11574
0.932644
0.415214
0.762254
0.888931
1.50256
0.809757
1.07276
1.12459
0.740413
0.520695
1.32248
1.68693
0.796762
0.349373
1.36247
1.3871
0.925819
0.589583
0.892775
1.16538
1.2186
1.716
0.898089
0.839195
1.2631
0.750078
1.40586
1.51147
0.934831
0.953283
1.04117
1.23925
1.24641
1.64963
1.25612
1.18816
0.726552
0.518131
1.11097
1.02321
1.05646
1.08045
0.513043
0.627487
1.02711
0.899437
0.940626
0.945396
1.21012
1.06081
1.61142
1.27909
1.61429
0.811383
1.38819
0.404956
1.716
1.02224
1.27945
1.31537
1.03146
0.279064
0.90126
1.10851
0.81555
0.835894
0.794184
0.725981
1.16731
0.864559
1.48556
1.23884
1.26308
0.87799
1.32481
0.418613
1.00101
0.387579
1.00895
1.05573
0.99272
1.06806
1.14743
1.22027
0.95714
1.26034
0.845145
1.0045
1.716
0.962125
0.606158
0.77095
0.362319
0.709222
1.02743
1.31876
0.420327
1.42968
0.699232
0.633121
1.39103
1.30205
1.25722
1.08768
1.35395
0.822435
0.567076
0.763161
0.574234
0.712841
0.85724
1.01433
1.22875
0.946021
0.90687
0.6978
1.52137
0.696889
0.537584
1.31529
0.307427
1.2162
0.872286
0.910569
1.17411
1.40777
1.716
1.716
1.43988
0.129456
0.935343
1.42419
0.889758
0.91289
1.26827
1.47406
1.71178
0.80015
1.43492
1.68492
0.578554
1.58362
1.45742
1.23999
1.716
0.234917
0.736394
1.64671
1.16946
0.594651
0.800761
0.241364
1.16852
0.707834
1.60652
1.39319
1.54533
1.08483
0.964856
1.50733
0.791341
0.96966
0.956705
1.22833
0.833966
1.07261
0.302159
0.517942
0.428584
0.784841
0.734721
1.56199
1.22533
0.625074
0.509455
0.708461
1.13496
1.07027
1.26654
0.804241
0.875545
1.05248
0.527665
1.21191
0.24698
0.920059
0.911099
1.01645
0.485369
1.24726
0.353641
1.716
1.716
0.817598
0.694236
1.29625
0.739523
0.573136
0.854637
1.41538
0.774266
0.420069
0.522104
0.573238
0.951483
1.43609
1.60532
1.716
1.12516
1.06274
0.442757
1.37787
0.971954
1.48739
0.934169
0.266766
0.634786
0.222487
0.76576
1.716
0.742803
1.39582
0.791012
0.471318
1.2189
0.810836
1.46703
1.716
0.950146
0.605546
1.6018
1.716
0.649811
0.958406
1.2972
1.716
1.07339
0.833396
0.28121
0.744459
0.80642
0.426733
0.694312
0.626128
1.03279
1.49512
1.28968
0.137887
1.38685
1.46375
0.908467
0.91546
1.0633
0.0010563
1.1468
0.677226
1.716
1.50583
0.252246
1.09555
0.883486
0.551415
0.813983
0.839839
0.639594
1.34165
1.11859
0.629411
0.866096
1.27547
0.527339
0.905718
1.08812
0.428438
0.852109
1.30717
0.685866
0.328872
0.0219472
1.44304
1.67183
0.756284
0.565297
1.16469
1.59019
1.19837
0.978924
0.834956
0.907229
1.716
1.36119
1.50963
0.727713
0.961427
1.35923
1.27604
0.893297
0.894537
1.2904
1.43715
1.25682
1.33958
0.906681
1.22376
1.17284
0.98043
0.653495
0.789397
0.791
1.2388
1.716
1.39372
0.829343
0.884882
0.921146
0.999559
1.02928
1.716
0.673412
0.951781
1.716
0.823742
0.93755
0.701469
1.06432
1.25426
1.40627
1.21089
0.757068
1.33958
1.52111
0.604517
1.21768
1.44232
1.716
1.29267
1.00733
0.897653
0.907512
0.448259
1.36359
1.00606
1.00904
1.38955
0.594981
1.41864
0.700803
1.716
0.350252
0.676671
0.443204
0.752879
0.741322
1.44753
1.12275
0.574628
1.11162
0.590476
1.25832
1.47964
0.31702
1.01378
0.605406
1.68043
1.59353
0.380831
0.957751
0.918786
1.15196
0.640038
0.745481
0.792251
1.716
0.713143
1.27898
1.46849
0.257043
0.948015
0.890626
1.07841
1.48975
0.91602
0.653687
1.144
0.970583
1.02433
0.807585
1.15623
0.835666
1.22864
0.298631
0.572581
0.679424
1.62333
1.16659
0.78328
0.622132
0.980315
0.973039
1.716
1.04182
1.13457
1.716
1.27104
1.16828
1.09942
1.09683
1.5499
1.716
0.700249
1.31881
1.27623
0.673656
1.02107
1.17703
0.281281
0.650451
1.01086
0.663516
1.46049
0.397174
1.47207
0.933977
1.00058
0.831568
0.863493
1.09282
1.36537
0.8662
1.44519
1.716
0.362398
0.189864
1.716
0.788752
0.914106
1.09029
0.975296
0.306762
1.00216
0.551436
1.13953
0.889728
0.652232
0.690089
1.716
1.35711
1.04347
1.29271
0.905159
1.03052
1.64916
0.401017
1.12081
0.325806
0.990044
1.11937
1.64971
1.13677
1.29235
1.60414
0.803636
0.879484
0.145844
1.07479
1.05358
1.49048
1.716
0.700769
1.24831
0.374854
1.40717
1.25597
0.843159
0.578092
1.52877
1.34303
1.10768
1.1
0.743838
1.40466
0.927582
1.36628
1.33075
1.54815
1.33706
1.716
0.996825
1.07495
1.44785
1.08491
1.25801
1.716
1.20823
0.532358
1.61499
0.892947
0.385902
1.0526
1.45575
1.14033
0.601507
0.93787
1.33407
1.27172
1.17957
0.993234
1.01332
0.565144
1.37384
1.16717
1.26473
0.774066
0.986665
0.580749
0.855531
0.33701
0.754933
1.29677
1.38837
1.1848
1.22876
1.15498
1.09234
0.791652
1.03596
0.782501
1.20395
0.154113
1.10032
1.51971
1.27729
0.372632
1.17652
1.27054
1.57313
0.990287
1.13858
0.768848
0.581158
1.17667
0.769264
0.667883
1.32352
1.15963
0.68226
1.2332
0.239902
0.966688
1.04256
1.51944
0.971482
1.42204
1.28954
1.16047
1.21724
0.343764
0.733525
1.47044
0.0101701
0.828838
0.665023
0.408992
1.67426
1.17141
0.718088
0.952732
0.9912
1.60014
0.647901
0.794496
1.03703
0.744383
1.06278
0.887866
0.938958
1.01987
0.709909
1.70307
0.909335
1.55003
1.716
0.484379
0.594023
0.922067
0.960076
1.716
1.3911
0.962997
1.36658
1.32092
1.27418
1.57423
1.07494
1.64253
0.22728
0.647801
0.438999
1.21645
1.46698
1.07365
-0.17441
1.43258
1.14532
1.716
1.01602
0.689565
0.965377
1.716
1.30059
1.00926
1.08319
1.08586
0.601886
1.68581
0.715288
0.962611
1.28258
1.39365
1.45601
0.931726
1.59484
1.10464
1.23672
0.718125
1.23548
1.06338
0.977199
1.5401
0.965842
0.993987
0.600737
0.87906
1.16593
0.882346
1.13016
1.0085
1.60385
1.09162
0.738887
1.11327
0.930006
1.716
1.46301
0.109882
1.54172
1.34306
1.716
0.436075
1.716
1.10492
0.948112
0.63375
1.4509
0.966775
0.983305
1.37202
1.26859
0.893597
1.04787
1.32145
1.16154
1.03682
1.67885
1.50443
0.712704
0.732817
1.14509
1.43009
0.966235
0.508943
0.780626
0.779018
1.25213
1.46972
1.57146
1.07005
0.773963
0.452827
0.901116
1.716
0.293301
0.736364
0.775308
0.765544
1.43994
0.759324
0.702884
0.61657
0.469509
1.38449
1.32257
1.22108
1.03582
1.53223
1.36684
0.924974
1.22641
0.937743
0.654165
1.38936
0.968769
0.464364
0.687564
1.41331
1.19413
1.21375
1.22388
0.890389
1.29944
1.03595
1.30612
0.518477
1.5984
0.81108
0.64469
1.15655
1.1286
0.833302
0.198447
0.566884
0.947039
1.34852
1.00103
1.23531
1.57679
0.64919
0.51344
1.716
1.44589
0.985475
0.308713
0.752919
0.487582
0.992937
1.02279
1.11299
0.862456
1.0161
0.847641
1.07397
1.22199
1.26995
0.856838
1.12486
0.619408
0.812321
0.864523
1.25637
1.15266
1.45332
0.99475
1.01316
0.550399
1.0674
0.312682
1.14176
0.763263
1.15364
1.20071
1.31172
1.716
1.10929
0.942372
1.04578
1.01369
1.17788
0.883589
1.15465
1.46247
0.565024
1.716
1.13995
1.31568
1.42007
1.45183
0.96799
1.09813
1.20961
0.896056
0.825134
0.928844
1.716
0.578013
0.690935
1.17272
1.03926
1.21342
1.48249
0.806825
1.26285
1.36538
1.42675
0.643394
1.2915
1.45866
1.716
1.716
0.344457
0.818985
1.716
0.925544
0.950254
0.710364
0.621734
0.822713
0.813037
1.02942
1.46331
1.21751
1.25277
1.06551
1.06877
1.54501
1.5039
0.709355
0.970353
1.1202
1.10782
0.664274
0.67944
1.04405
0.670369
0.607074
0.406642
1.23592
0.180528
1.00346
0.796518
1.4612
0.47392
0.76775
1.25268
0.665529
0.65592
0.854889
1.26163
1.49776
0.764986
0.727679
0.535086
1.53312
0.922229
1.716
1.35457
1.44439
0.946004
1.09507
0.680378
1.27623
1.53184
1.06434
0.434579
1.3791
0.329858
0.772055
1.37227
1.15302
1.13317
-0.27608
0.954365
0.66009
0.990337
0.965238
1.448
1.17929
1.11278
1.28429
0.74512
0.861982
1.18753
1.29713
0.621246
1.53114
1.716
1.50106
1.716
1.10855
1.5525
1.13001
1.30957
0.908904
1.69813
0.846775
0.741025
0.0748301
1.3487
0.355839
0.877257
0.616087
0.913681
1.6122
0.682667
1.716
0.477286
0.77116
1.44818
1.20338
0.3728
0.562036
1.46624
1.06017
1.02049
1.716
0.791289
0.862046
1.00443
0.600166
0.772149
1.01903
1.4857
0.892869
0.687982
1.69426
0.994564
0.691747
0.339736
1.09271
1.11133
0.990646
1.04709
1.39889
0.107962
1.0391
1.70597
1.5552
0.674606
1.1462
0.952617
1.02544
0.613955
0.764
0.663201
0.839089
1.716
0.842784
1.12107
1.12546
0.92378
1.25768
1.5093
1.1895
1.56924
1.28008
1.1034
0.795832
0.912914
1.47159
1.45709
1.00017
1.36154
0.709896
1.37835
1.10858
0.60153
0.747394
1.12854
1.50261
1.5381
0.243954
1.10718
1.06902
0.647882
0.953732
1.716
0.498817
1.33868
0.88857
1.25546
1.16549
0.921532
1.18126
1.70611
1.59277
0.519884
1.32185
1.19851
1.05361
1.66017
1.30432
1.20202
0.991172
1.19397
0.640272
1.30409
1.02426
1.10669
1.33107
0.71933
0.715952
1.12883
0.950404
1.67516
0.980379
0.756882
0.834256
1.3178
1.31938
1.28194
0.867165
1.59108
1.11088
1.06513
1.67104
0.603667
1.716
1.12114
0.797149
0.884307
1.61407
0.941608
1.00718
1.39464
0.387328
0.865066
1.36639
0.960341
1.21016
1.53135
1.19512
0.223805
1.5471
0.770661
0.418194
1.23747
0.8444
1.03447
1.34987
1.68639
0.661395
0.733331
1.38441
0.90795
1.19353
1.02587
1.42129
0.812217
0.479671
1.54643
0.451617
1.2912
1.5093
1.3943
1.02548
1.716
0.835763
1.15184
1.716
1.04799
0.600285
0.700494
0.675438
1.00473
0.955695
0.919437
1.1075
-0.0533984
1.11534
1.6033
1.07176
1.13377
0.82643
0.352798
0.980245
1.09727
1.37184
1.13707
0.498006
1.02117
1.49852
0.471947
1.4317
0.960404
1.44351
1.18167
0.997272
1.14847
1.19296
0.898603
1.00162
0.984328
1.07315
0.53099
1.02439
1.12552
1.03143
0.866519
0.827032
0.663341
0.31743
1.16811
1.716
1.05811
0.426973
1.06954
1.54367
0.767195
1.18065
1.49595
1.52278
0.154738
0.966583
0.700173
0.834085
0.970228
1.30884
0.6586
0.961219
0.608223
0.923756
1.31861
1.38743
0.661606
0.730018
1.15276
1.08657
0.942277
0.913322
0.930158
0.706836
1.58056
1.55226
1.30458
1.62862
1.23755
0.986558
0.753504
1.05631
1.19538
1.6091
0.540549
1.716
0.80362
1.716
0.951391
0.650571
1.35769
1.36904
0.971328
1.26049
1.17705
1.0132
1.716
1.12704
0.875071
0.905224
0.707238
1.2994
0.923271
0.699725
1.30555
1.2416
1.22158
1.2044
1.34715
1.45698
1.33829
0.613078
0.664796
0.983832
0.778689
0.711712
0.648705
1.716
1.17542
0.86488
1.34533
0.842626
0.163222
0.843481
0.454559
0.971819
1.02121
0.660385
0.247274
1.18945
0.394137
1.28814
1.54683
1.27498
0.349353
0.955207
1.03259
1.34855
0.696147
0.643404
1.50252
1.47063
0.79329
0.916671
0.168365
0.725406
0.962849
1.07877
1.04747
1.38732
0.878681
1.26902
0.875294
0.947595
1.33566
0.914737
0.40156
1.25956
1.04224
1.14295
0.641044
1.716
0.83125
0.756829
1.716
1.26969
0.540557
0.639924
0.931611
1.64609
1.716
0.606306
1.34639
0.574224
1.20786
0.769224
0.65331
0.856704
0.783516
0.536722
0.948676
1.03793
1.36624
1.28399
1.1356
0.650806
1.2867
0.997577
0.619695
1.47456
1.716
0.562001
1.06917
1.3002
0.707856
1.17322
1.18153
0.218042
0.617478
0.953385
1.32593
0.732827
1.3429
1.15966
0.96037
1.16904
0.594026
1.10537
1.19377
1.0745
1.15021
1.37711
0.497189
1.35385
1.30976
0.458956
1.716
1.12968
1.03367
0.645884
1.1987
0.731592
0.513939
0.831031
0.945255
0.469136
0.423089
0.767729
1.62805
1.27865
1.14303
0.759563
0.498009
0.825919
0.80168
1.05315
0.519157
1.54911
0.702949
1.01128
1.41943
1.43814
1.28148
0.490677
1.05676
0.29546
0.505408
0.932531
1.5395
0.55237
1.20643
0.331769
0.722666
1.28201
1.02386
1.00935
0.726807
0.206089
1.22104
1.24034
0.583119
0.56162
1.56055
1.01773
1.38685
0.747187
1.37152
0.550209
1.11405
1.20337
1.21452
1.10294
0.998004
0.694444
1.52642
0.879781
1.37555
0.504535
0.93668
1.12922
1.31875
1.16686
1.06469
1.58316
1.05652
1.45302
0.787277
0.637196
1.13378
1.37399
0.800119
1.43382
0.794184
0.614634
1.39033
0.92535
1.50419
0.874262
1.09017
0.792415
1.54711
0.920106
0.674397
1.08376
0.119103
1.01898
1.31186
1.49836
1.49052
1.54969
0.661896
1.716
1.097
1.30038
0.852708
0.981292
0.692785
0.894822
1.33944
1.5588
1.04399
1.5024
1.716
1.05533
0.455934
1.716
1.29572
0.571007
1.1961
1.47538
0.940345
1.05958
1.14602
0.944417
0.969863
0.713279
1.42106
1.36107
1.0255
1.6266
0.922281
1.43124
1.39391
0.657156
0.352141
0.582414
0.807184
0.971217
1.10008
0.886456
1.716
0.225405
0.609133
0.478908
0.713022
0.942359
1.01322
0.142685
1.29122
1.15968
0.95839
0.458739
0.795393
0.868752
1.37357
0.800525
0.982441
0.579726
1.5181
1.26338
1.29873
0.766607
1.485
0.919479
0.926765
0.954837
0.753698
1.15617
1.32002
1.716
1.24459
0.492393
0.886294
1.33641
0.890233
0.741797
1.05072
1.09513
0.85691
0.609118
1.25536
1.53525
0.688637
1.50781
1.00303
1.60082
0.873599
0.917072
0.431839
1.43931
0.516622
0.523206
0.894588
1.5582
0.608766
1.27448
1.33457
1.2113
1.36055
1.23645
1.31963
1.39656
1.19936
0.997323
0.922344
0.910568
1.34549
1.21332
0.825962
1.08187
0.392837
1.07135
0.68118
0.566256
0.725891
0.602592
1.3118
0.875609
1.08805
0.744618
1.32017
1.29309
0.738424
1.15848
1.63234
1.58714
0.937883
0.601779
1.25642
1.40208
0.735586
0.440779
0.409938
0.789125
0.750251
0.692597
1.35992
1.27291
1.71185
0.910507
1.0044
0.455877
1.41149
1.22249
0.375681
0.438286
0.971256
1.52405
1.56114
1.02391
1.16053
0.456046
0.73123
1.28328
1.716
1.4445
1.716
0.581078
1.10454
1.50899
0.561072
1.18978
0.974133
1.39452
1.21836
0.898127
1.21955
1.19847
1.41242
0.504658
0.473227
0.490599
1.01542
1.62846
1.55135
1.716
0.834882
0.363697
1.4768
0.976997
0.713646
1.45153
0.667792
-0.0549355
1.03044
0.789292
1.716
1.11874
1.00464
1.01119
1.51123
0.561133
1.27571
0.369266
0.974812
0.856172
1.16463
1.49491
1.34476
0.185279
1.00272
0.897874
1.29401
1.06844
1.61226
1.14482
1.30359
0.496892
1.4893
0.532607
1.10032
1.25385
1.28238
1.0225
1.37138
1.00446
0.681017
1.00751
0.0995169
1.63251
1.41083
1.18864
0.854993
1.13405
1.16247
1.21081
1.716
0.0346882
1.716
0.873524
0.958495
0.4947
1.56292
0.670931
0.406924
0.997254
1.03382
0.386294
1.58433
1.17464
0.995772
0.981498
1.3175
1.03394
0.767484
1.54022
0.940806
1.14415
0.725227
0.386819
0.0898429
0.557945
1.55854
1.08783
0.43766
1.08513
1.35711
1.23999
1.17167
0.40429
1.20739
1.13356
0.791113
1.716
1.52065
1.392
0.890161
1.45728
1.33626
1.33227
0.425619
0.969559
1.20855
1.10172
0.857594
1.04013
0.868179
0.558944
0.927551
0.835022
0.986107
1.55561
1.00668
1.14356
0.92344
1.40672
0.655113
0.863934
1.34828
1.01531
1.53164
1.20876
1.17713
1.716
0.63822
1.00671
1.09532
0.233599
1.44693
0.826627
0.630999
1.60766
0.737901
0.791854
0.49809
0.894008
0.834797
0.856906
1.62614
1.4304
0.960502
0.847804
0.332975
1.40185
1.54724
1.3675
0.885913
0.706064
1.21743
0.334126
0.677236
0.637723
0.725172
0.599359
1.07687
0.989099
1.16613
1.30111
1.15772
0.709143
1.27221
1.716
0.584103
0.391758
1.05177
0.720273
0.80428
0.974901
1.65412
0.493462
0.444006
1.60903
0.815276
1.41287
1.28214
1.13351
1.716
1.28858
1.19855
1.38702
0.36774
1.00089
1.1003
0.702365
-0.103788
1.20074
1.01572
0.835923
1.20692
0.870849
0.444874
0.73843
1.11064
1.13947
1.35659
0.330741
0.907227
-0.0752881
1.52406
0.41796
1.04829
0.329877
0.905343
0.418439
1.147
1.01306
1.4271
1.67271
1.28658
1.716
1.18072
1.46635
1.14957
0.115857
0.589627
1.36054
1.1902
1.24581
1.52798
1.716
1.17459
0.6886
1.19241
0.21913
1.01783
1.38033
1.716
1.09759
0.335394
0.934176
0.805883
0.703589
0.26959
0.536906
0.348099
1.39288
1.32904
1.20946
0.965466
0.729312
1.28931
0.273973
0.934103
0.820211
0.563154
0.671012
1.716
0.798748
1.29848
0.614509
0.83296
0.955045
0.856958
1.70132
1.0191
1.44391
0.99319
0.967782
1.12349
0.587823
0.5955
1.716
0.913799
1.25608
1.61278
0.388019
0.858174
1.716
0.684928
1.4041
1.31603
1.30937
0.326138
0.527551
0.65963
1.23538
1.04099
1.716
1.51022
0.146559
1.28063
1.13032
1.29448
1.11635
0.657839
1.05198
0.582359
1.06801
0.79062
1.14801
0.706327
0.977944
0.557749
1.41121
1.14744
1.67659
1.08693
0.986222
0.487578
0.749555
1.25294
0.848024
1.57139
0.990647
1.01551
1.40401
1.48178
1.28906
0.962544
0.667185
1.25985
1.07041
1.43441
1.38189
0.567293
0.494986
0.268753
0.659389
1.30598
0.374024
1.18684
0.518321
1.53015
0.607274
0.728258
1.20771
0.810283
0.919516
1.36148
1.09551
1.10909
0.964607
1.31045
1.61664
0.845816
1.55727
1.716
0.774641
0.79566
1.09268
1.401
1.25896
1.11917
1.17936
1.31613
0.730577
0.336378
0.619605
0.799295
1.21218
1.57262
0.765286
1.37826
0.588028
1.24828
1.25384
0.915622
0.990857
0.992774
0.758114
0.812396
0.403902
0.266549
0.768632
0.596395
1.25994
1.11132
0.0795964
1.41144
0.792137
0.991154
0.673314
1.716
1.36814
0.392491
0.680229
0.504919
1.39669
0.758455
1.716
1.61329
1.08456
1.0282
0.69578
0.896023
1.46531
1.47071
1.59018
0.447422
1.26964
0.748012
0.5407
0.858085
1.24045
0.872806
0.579939
0.74124
1.38984
0.827506
0.901322
0.818606
1.58725
1.716
1.17088
0.992715
0.301419
0.766313
1.19595
1.20797
1.43969
1.51982
0.999984
0.97874
0.931423
1.55971
0.442921
1.24366
0.355894
1.37057
0.186457
0.392913
0.891944
1.17285
0.667374
1.38378
0.986851
1.25802
1.716
0.360746
0.387338
0.873941
1.31014
1.52883
0.766613
0.713923
0.680472
0.730587
1.17399
0.178489
1.18029
0.86012
1.32494
0.827334
0.93076
0.838736
0.0733359
1.60005
1.716
1.17731
0.733928
1.11161
0.522887
0.392
0.938882
1.51855
1.44312
1.37153
1.29947
1.12493
0.484491
1.55271
1.19465
0.742491
0.834871
0.616186
0.890376
0.933454
0.458255
1.04505
1.14275
0.742933
0.417049
1.52412
1.0634
0.588934
0.868518
1.36019
0.455641
0.601398
1.48528
0.785526
1.04442
1.30115
0.940314
1.0421
1.27171
0.67909
1.37265
1.01409
1.63352
1.02432
0.896909
1.08968
1.19737
0.898217
0.837827
0.492722
1.04331
0.934832
1.07377
1.27087
1.32621
0.959008
0.750732
0.82531
0.607108
1.43865
0.794472
1.59487
1.34395
0.737363
1.22012
0.520024
1.03404
1.1706
1.0243
0.688119
0.579541
1.31456
0.575268
0.547499
0.778509
1.38743
0.792129
0.293257
1.44414
0.627334
1.53708
1.5715
0.409814
0.992874
1.22833
1.06093
0.839842
1.00365
0.806931
1.6749
1.47345
0.674792
0.421694
0.751516
0.56322
0.979924
1.03289
0.62834
0.85231
0.216496
0.914303
0.901102
1.07672
0.963335
0.588449
0.0298845
0.668412
1.0083
0.138287
1.40627
1.5115
1.71532
0.94668
-0.0421691
1.24409
0.688959
1.10221
0.659682
0.848898
1.40246
0.569049
0.754126
1.11888
0.934748
1.14665
1.49096
0.243731
0.732206
0.878791
0.582911
0.937607
1.27733
1.3792
0.517153
1.26117
1.22415
1.14439
0.465142
1.09286
0.601723
0.0361691
0.533742
0.711989
0.718896
0.650941
1.32791
1.37949
1.20887
0.320815
0.443564
1.716
0.674976
1.03494
0.735833
0.643835
1.25079
1.12494
1.17316
1.04915
0.992183
0.543274
1.51497
0.743619
1.24851
0.228849
1.39663
1.716
1.28534
1.716
1.30996
1.716
0.948083
1.1207
0.641996
0.791342
1.66439
1.12685
0.74654
0.84057
1.03312
0.606308
1.716
1.57748
0.941764
1.35399
0.676783
0.611535
1.32546
1.26491
1.33559
1.35755
1.5145
1.38844
1.43822
1.716
0.736329
1.50525
0.611927
0.0173351
0.429045
1.716
1.11974
1.4599
1.56849
1.24118
1.30754
0.853007
1.29584
0.981419
1.49913
0.680612
1.08379
1.10856
1.34271
0.422946
0.722267
0.52879
1.2293
1.1259
0.482768
0.300981
0.745437
1.34472
1.23627
0.44459
0.448339
0.605206
0.925145
1.39683
1.24568
0.843292
1.46409
1.11687
0.290303
1.716
0.998098
1.49314
1.51167
1.55266
1.17472
1.04232
0.533515
1.67928
0.551622
1.26369
0.894172
0.222238
0.614547
1.50313
0.865801
1.03713
0.587544
1.68885
0.0445815
1.31451
1.09797
0.730642
1.17985
0.981956
0.708601
0.935874
1.65216
0.508634
0.72927
1.17927
1.50389
0.662683
1.57167
0.521103
1.24674
1.32371
0.639717
1.67931
1.26415
1.21182
0.810613
1.44855
0.604141
1.06385
0.964355
0.700768
1.55708
0.513498
1.07163
1.29478
0.985988
0.544105
1.41288
1.03236
1.1022
1.22891
1.31023
0.693792
0.37695
1.427
0.307517
1.16542
1.07248
1.00671
1.08754
1.0973
1.62027
0.974269
0.746121
1.1937
1.00282
0.281351
1.26776
0.873183
0.429715
0.944364
1.6338
1.28525
0.594415
1.35729
1.32924
0.458066
1.30562
0.910731
1.19003
1.44172
1.25637
1.716
1.56646
1.54836
0.769563
0.787398
1.716
1.09525
1.07073
1.01916
1.68175
0.612996
1.00537
1.716
0.884301
1.11868
0.815701
1.0592
0.435593
1.716
0.483789
1.37461
0.149747
0.630768
1.43488
1.6459
1.13451
0.797909
1.17932
1.43487
1.06359
1.37121
1.15813
0.56412
0.479313
1.716
1.57792
0.531857
0.97517
1.20449
1.32741
0.795891
1.54533
1.40318
1.25926
0.699439
0.250167
0.980214
1.18512
0.794374
0.359154
0.348051
1.24548
1.1734
0.898693
0.590421
1.40035
0.509897
1.54789
1.42968
0.822079
0.869245
1.08927
0.670717
0.430259
1.01843
0.636935
1.01402
0.402723
1.21624
1.29916
1.49671
1.27233
1.13036
1.40899
1.59321
0.812072
0.538234
0.0738116
0.54896
1.41903
0.743376
1.45766
0.33677
0.749178
0.871864
1.35427
1.42246
0.639946
1.08771
1.15544
0.36614
1.05726
0.696102
1.20848
1.11613
1.716
1.19814
0.897707
1.39323
0.987115
0.967555
1.07973
0.885908
1.66852
1.10657
0.21724
0.799029
1.716
1.14248
1.31036
1.05763
1.49843
1.10781
0.933576
1.43362
0.853901
0.71813
0.340351
1.24983
1.33337
1.62882
0.81032
0.701342
1.13352
0.877385
1.44632
0.854669
1.17734
0.961655
1.3258
0.841446
1.00607
0.822297
0.812389
1.30916
1.15517
1.2867
1.47413
0.948279
0.875928
0.446355
1.07115
1.34729
0.805827
0.786199
0.574651
1.22862
0.177364
1.46486
1.55162
1.22497
0.790899
0.876272
0.9886
0.862249
1.69587
1.23547
0.93792
0.892759
0.765334
1.05793
1.19536
0.848382
1.19241
1.40667
0.790804
1.0595
0.598197
0.794291
1.02788
1.06261
0.920651
1.14747
0.534869
0.73055
1.22178
1.22328
1.50611
0.877862
1.39248
0.475677
1.716
0.972033
0.577815
1.34171
0.786624
1.49518
0.742123
0.80854
0.678698
0.965329
1.716
1.30862
0.822745
1.56876
1.04457
0.788624
1.06534
1.1103
1.00998
0.602406
1.15671
1.07535
1.25881
1.35746
0.452308
0.444608
1.22091
1.60709
0.800163
0.792257
1.22579
1.51046
1.20773
0.706575
1.31832
1.60031
0.703812
0.561223
1.716
0.824428
1.05207
0.991827
1.34796
1.02455
0.521614
0.915207
0.690054
1.12483
0.74904
1.31212
1.27228
0.783923
1.24581
1.37501
0.534276
1.04506
0.952002
0.456698
0.949264
0.422764
0.145121
0.687232
0.824496
1.28685
1.16817
0.678232
1.2424
0.617863
0.792844
1.62263
0.833831
0.714658
0.914091
1.14555
0.857682
0.921108
1.03774
1.34465
1.19888
0.494155
1.716
0.901926
1.25966
1.328
0.75636
1.01671
1.01213
0.53212
1.716
0.810032
0.583617
1.716
1.01049
1.12233
1.20657
1.16863
0.868126
0.980874
1.19209
1.42971
0.964119
0.877061
1.38098
0.549739
0.882034
-0.109937
1.37522
1.55613
1.3208
1.716
0.972701
1.51657
1.35197
1.57338
1.41326
1.26225
0.77469
0.268141
1.17199
0.574437
1.716
0.416992
0.458643
1.5892
1.45059
1.34912
0.751509
0.370271
1.29363
1.10044
1.45377
1.38207
1.35629
0.925994
1.0004
1.06747
1.03891
0.895365
0.0266151
0.750607
0.956267
0.897409
1.4339
1.58347
0.973543
0.56245
1.02
0.79673
0.99109
0.411318
0.898144
0.800221
1.22183
1.26094
1.09615
1.49767
0.727065
1.716
1.2966
1.24308
0.960905
1.03515
0.937727
1.66151
1.42324
1.66789
0.906866
0.870216
0.586761
1.27308
0.781195
1.07917
0.579677
1.63967
1.48076
1.52319
1.47292
1.16168
1.50757
0.586583
0.337375
0.698302
0.723242
0.904864
0.467305
1.43749
1.02353
1.44618
1.42719
1.61593
1.45984
1.29573
1.24686
0.478535
0.928458
0.864259
0.625165
1.21267
0.729497
0.543296
0.937929
0.780608
1.26219
1.36966
0.722076
0.886027
1.716
0.405053
1.28552
0.524901
1.51628
0.940014
1.1061
1.03239
0.657196
1.41028
1.716
0.242846
1.09685
1.41141
0.776594
1.23053
1.06686
1.2715
1.37265
0.9709
0.844348
0.302145
0.253907
0.546636
0.804596
0.166499
0.888913
0.649592
0.724887
1.09329
0.167856
1.06371
1.1981
1.00053
1.55346
0.281783
0.881084
0.824279
1.02711
1.01334
0.696712
0.581075
1.17804
1.4894
1.11812
1.03201
1.716
1.23586
1.55311
1.17597
0.699047
1.60409
0.901866
1.716
0.809581
1.1058
1.716
1.16225
0.855341
1.09251
0.49262
1.716
1.27226
0.624306
1.716
1.59925
1.29601
0.477058
0.369304
1.32569
0.563309
0.793981
1.09742
1.37345
0.446386
1.02605
1.01451
1.2655
1.51935
0.698938
1.37103
0.419826
1.18702
0.382305
1.67046
1.35827
0.838681
1.18111
0.509052
0.899842
1.48848
1.08666
1.10275
0.444874
0.518495
0.852154
-0.0353975
1.39211
0.888526
1.55567
1.21507
1.47277
1.27825
0.884721
1.09671
1.00155
1.5796
0.837946
0.480947
1.05512
1.44619
0.779483
0.870119
1.33503
0.553232
1.57408
1.40211
0.640475
0.545937
0.782867
1.52542
0.911792
0.761475
0.906656
1.41439
1.46323
0.557517
0.713579
1.17995
0.687654
1.54534
1.57956
1.39908
0.48593
0.848351
0.589472
1.193
0.358679
1.05527
0.856765
0.931421
0.887968
0.877071
1.14045
1.31406
1.66746
0.855053
1.1148
1.40623
1.08805
1.34899
1.21514
0.865421
0.886722
0.408185
1.39953
1.18946
0.454293
1.18791
0.42003
1.46714
0.771386
0.959465
0.695621
0.486745
1.04867
0.692933
1.716
1.36393
1.06426
0.830679
0.266726
0.460111
1.12727
0.425144
0.823128
1.40288
1.57516
0.617015
0.297108
1.18104
0.89267
1.61399
0.850526
1.48141
1.46905
0.956404
0.917444
0.519854
1.42953
1.23436
1.20806
1.06851
0.560259
1.16454
0.869497
0.607437
1.36734
0.355854
0.828486
0.938421
1.3454
0.818973
0.591562
0.718214
0.708298
1.20979
0.493805
1.36562
0.317821
1.52341
0.736757
1.716
0.573463
0.934317
0.4818
0.96696
0.992096
1.47398
0.697939
1.48658
0.953846
0.871504
1.65959
1.71403
1.15584
0.606003
1.32889
0.791185
0.667233
0.883852
1.51687
0.0404218
0.949405
0.767425
1.30221
0.441757
1.03361
0.593012
0.670129
1.3086
1.24781
1.716
1.04466
1.07781
1.21636
0.92499
0.760896
1.31991
1.716
1.57286
0.583943
1.43109
1.35267
0.169166
1.24158
1.24688
0.718147
0.94083
1.11355
1.18693
1.28431
0.905834
0.393987
1.01727
1.24057
0.680491
1.44075
1.44264
0.917507
1.716
0.1949
0.849365
0.889626
1.51202
0.352896
1.13364
0.930688
0.809054
1.0678
0.700964
1.28119
1.60335
0.588597
0.771801
1.716
0.675779
1.14082
1.35048
1.3471
1.07315
1.53051
1.62625
1.01483
1.21387
0.828156
1.34188
0.620133
0.335774
0.824577
1.02266
1.27239
1.08755
1.50079
1.07929
1.716
1.71107
0.649499
1.64464
1.61313
1.17266
1.10749
1.07288
1.35451
0.760102
1.23483
1.03188
0.386151
1.37832
1.15657
0.817976
1.11348
1.208
1.27278
1.38881
1.11527
0.862254
1.413
1.12191
1.67489
1.44644
0.901787
1.08892
0.713426
0.579884
1.6319
1.07941
1.64832
1.0494
1.23316
1.716
0.976938
1.33748
1.05963
1.47635
1.22273
1.07697
0.867067
1.05973
0.375342
1.16279
0.979889
1.716
1.58929
1.10223
1.35972
0.735627
0.840646
0.519936
1.01694
1.00008
1.6279
1.716
1.44147
0.717551
0.876178
0.664762
0.911433
0.903959
1.14428
0.971515
0.712664
0.839275
1.42083
1.34219
1.14684
1.03132
0.383296
1.10138
0.814656
0.950429
1.38259
1.53166
0.581634
1.24526
1.29612
0.750102
0.908147
1.09321
0.276541
1.08723
0.489707
1.02675
1.31987
0.820386
0.436189
0.607694
1.19199
1.06638
1.45887
0.416901
0.256077
-0.0672123
1.11642
1.39032
1.41685
1.03572
0.989916
1.20274
1.20665
1.06251
1.22619
0.832171
0.365701
0.389574
0.904543
0.814909
0.452078
1.0216
0.497109
1.716
1.08714
0.941215
0.718651
0.753382
0.994531
1.16996
1.152
1.53987
1.04256
0.527756
0.976615
0.497672
0.968054
0.849157
1.38585
1.42991
1.17369
1.53201
0.837081
-0.0634587
1.01392
0.459604
0.931273
1.0328
0.592795
1.70115
0.806757
1.716
1.3822
1.25822
1.52467
1.55748
1.65166
1.15035
1.08169
1.25015
0.601833
1.37385
1.16922
0.568255
0.6402
1.3372
0.84566
1.19562
0.752391
1.501
1.11395
0.93631
1.17515
1.4964
0.383372
0.331532
0.809173
1.40901
1.03382
1.64025
1.25
0.34212
1.01014
1.57353
1.14424
0.877913
1.36158
1.4118
0.758155
1.02421
0.807713
1.31698
1.34592
1.10954
1.42512
0.763124
1.54771
0.659188
1.15344
0.695423
0.70275
1.37762
0.627122
0.433902
0.642793
1.43548
1.24035
0.954084
0.318605
0.425565
0.93521
1.21074
1.39716
1.02998
1.46027
0.930367
0.211269
1.27595
1.08043
0.666472
1.0797
1.01122
1.29438
1.19663
0.819086
0.929612
1.21695
1.09099
0.881408
1.0513
0.747019
0.795939
0.738815
0.889958
1.20643
0.495807
0.689544
1.3455
1.19502
1.03662
1.35227
1.30143
1.09025
1.13731
1.23436
1.29561
1.01025
1.34097
0.874585
1.0163
1.64476
1.09562
0.80799
-0.248859
0.944253
1.716
1.55501
0.849027
1.39756
1.04612
0.87973
1.3194
0.828777
0.777019
1.03874
1.716
0.962865
0.999925
1.716
0.968126
0.48616
0.00697611
0.570815
0.685106
1.42825
0.249244
1.22918
1.43642
0.774994
0.429079
0.381945
0.813006
1.24184
0.443444
0.824323
0.889747
1.716
1.44973
1.23839
0.340752
1.07492
1.29096
1.17795
1.04645
0.691278
0.622561
0.636911
1.01621
1.29859
1.02798
0.426295
0.579483
0.859107
0.597078
0.708128
1.716
1.09575
0.675611
0.621257
0.90912
0.637358
1.53458
1.19173
0.562365
1.63279
1.57598
0.540478
1.24437
1.24956
1.18433
1.43688
0.572425
0.270286
0.384542
0.657118
0.798406
1.00404
0.658123
1.38305
1.17281
0.970012
1.716
0.837642
0.730064
0.909468
1.16607
1.03193
0.63513
0.812086
1.43789
0.588541
1.39541
1.14028
1.27735
0.894914
0.846266
0.374994
1.23317
0.644006
1.40462
1.17717
1.00442
1.23894
0.816882
0.905191
1.061
1.09767
0.737394
0.591521
0.686904
1.50196
1.26314
1.55331
1.3766
1.52526
1.21862
0.98033
1.4535
0.914744
1.716
1.14286
0.858661
1.52088
0.685775
1.47267
0.897912
1.04896
0.817106
1.37632
1.01329
1.45806
1.11671
1.23337
1.20381
0.841883
1.10828
0.876467
1.5028
0.57862
0.94385
0.225687
0.279532
0.994702
1.02446
0.727316
0.769737
1.46545
1.1576
1.23074
0.947792
0.733004
1.5445
0.852787
1.07645
0.763214
0.955199
0.639996
0.992272
1.33743
1.11867
1.10879
0.841298
0.444384
1.27653
0.434408
0.907611
0.958472
0.926404
0.893839
0.499934
1.68584
0.405604
0.482655
0.779013
0.960925
0.604475
1.53714
0.886601
1.48959
1.17308
1.04297
1.34939
0.743265
0.854045
0.791141
1.35834
0.76054
0.230378
1.23991
0.745209
0.964104
1.02912
1.50095
0.475568
1.20343
1.47006
1.716
0.747153
1.24973
0.823048
1.05825
0.76116
0.212807
1.26939
1.68834
1.19625
1.22142
1.23109
1.11419
1.21953
1.57707
1.13685
1.2236
0.747929
1.11522
0.73744
1.47208
0.895751
1.50097
0.974456
0.844046
1.2471
0.229392
0.753043
1.07202
0.484762
1.02914
0.796589
1.31211
1.00166
0.669131
0.493645
0.798633
0.539481
0.686122
0.502448
1.23546
0.781882
1.63945
0.873458
1.716
0.71813
0.525786
1.70745
1.716
1.32656
0.868267
1.64831
0.64174
1.43918
0.521883
1.33198
0.608999
1.14786
1.20182
0.93373
0.695584
1.01943
1.45164
1.31518
0.676192
1.32661
1.24634
0.970595
0.879004
1.04002
0.74791
0.573515
0.995137
0.85675
1.39088
1.57099
1.42921
0.515368
1.58869
0.852786
1.716
1.43105
1.10223
1.03102
0.805932
0.416904
1.5643
0.250849
0.56212
1.16846
0.857349
0.986732
1.68856
0.770374
1.4469
1.39575
1.02301
0.680778
1.03411
1.04157
0.393512
1.14495
1.30582
1.716
0.5898
0.902442
0.43107
0.582658
1.19442
1.04261
0.516802
0.657491
0.593305
1.50322
1.46614
0.146013
1.716
0.274567
1.55716
1.35843
0.569596
0.64997
1.52791
1.13447
0.940085
0.866126
1.33364
1.716
0.386492
0.826415
1.26935
0.683102
0.715648
0.270259
0.648248
1.67531
1.38812
1.4508
1.07047
0.711295
0.474431
0.818307
0.472491
0.529282
0.639573
1.54222
0.938173
0.561838
1.39847
0.996292
1.33973
1.03985
1.54717
0.890965
1.43478
1.11284
1.02353
0.720199
0.610085
1.23255
1.716
1.15603
0.903464
1.39824
1.14731
0.953546
0.449829
1.23923
1.31355
1.42259
1.02915
1.45525
0.66112
0.734121
1.48196
0.915974
0.527004
1.3243
1.00429
0.408514
1.08209
0.891217
1.35802
1.1752
0.170952
1.03148
0.74315
0.58458
1.08925
1.716
1.0404
1.3476
1.69035
1.31546
1.08436
0.601129
1.38528
0.582412
1.33892
1.33251
0.354413
1.49779
0.925092
0.96044
1.5001
0.633186
0.34588
1.3127
0.730072
1.29263
1.44675
1.08815
1.50218
1.716
1.18993
0.745379
0.943154
1.59078
1.33112
0.938834
1.52829
0.937502
0.853355
1.36156
0.582286
1.36027
1.09936
0.812562
0.597755
1.11439
0.812048
1.16142
1.3209
0.307255
1.09049
1.25054
0.53937
1.24915
0.602791
0.929136
1.08753
1.37839
1.19743
0.643447
1.22809
1.04297
1.04478
0.783095
0.825568
0.698805
1.36892
0.482955
0.94157
0.84366
0.802712
1.07549
1.28255
0.679371
1.04463
1.16359
1.06985
0.856474
1.33914
-0.156777
0.54768
1.13073
1.716
1.31197
1.48689
1.46419
1.33069
0.87891
0.543648
0.498711
0.863032
1.57701
1.58513
1.25112
1.11847
0.766259
0.534927
1.43139
0.883564
1.03013
1.58166
1.08428
1.14135
1.23739
1.716
1.14647
0.935422
0.643447
1.20001
0.730027
1.40068
0.663856
0.400803
1.30211
1.33003
0.966563
1.03206
1.51415
1.06914
0.661988
1.52482
0.678548
1.1703
1.49324
0.903124
0.998818
1.50768
0.473796
0.502321
1.11924
1.14534
1.00204
0.6673
1.38329
0.96814
1.07438
0.674846
0.588902
1.14655
1.41878
1.11604
0.919704
1.18086
0.249531
1.32634
0.617994
1.4585
1.19546
1.13105
1.35777
1.02245
0.96349
0.946545
0.529041
0.638146
1.29552
1.716
1.12791
1.14597
0.769616
0.748938
1.716
0.735123
0.19808
1.52513
0.864348
0.827975
0.927953
0.983941
1.23962
0.484254
1.38834
0.877202
1.16461
1.02489
0.42738
0.448424
0.334705
0.550061
1.33281
1.27383
1.716
1.05152
1.51916
0.733323
1.31036
1.02018
0.322853
1.716
0.845011
1.00301
1.23124
1.06492
1.49018
1.58959
0.777339
1.18789
0.664565
1.21735
1.08515
1.21572
1.50672
1.27785
1.09887
0.425832
0.651927
1.48741
1.23606
1.60296
1.1854
0.599992
1.08305
1.60287
1.46859
1.33842
0.764691
0.849441
0.820058
0.798686
0.834325
0.826398
1.14851
1.49602
0.804663
0.221766
1.28719
1.02222
0.177364
1.11418
1.05932
0.73018
1.50453
1.31799
0.830385
0.956362
1.49815
0.648312
0.763603
1.66249
0.278822
1.23588
0.75556
0.664009
1.3618
0.914639
0.849556
0.980759
0.397844
0.780048
1.11943
1.32187
1.34197
1.13881
1.24751
1.19324
1.48918
0.939992
1.20421
0.459296
1.18909
1.05522
1.39348
1.01202
1.03802
0.453137
1.31134
1.25168
0.622207
1.10166
0.339665
0.884457
1.27049
0.580804
0.623162
0.923167
1.34933
1.60642
0.953536
0.618095
0.7183
0.637953
0.567588
1.33222
0.486262
1.13116
0.450356
0.862916
0.866261
1.14838
1.46823
0.489599
0.705699
1.17916
0.811801
0.91838
1.37446
0.89283
1.56084
1.3731
0.144114
0.887567
1.11992
0.526155
1.57481
1.20206
0.295823
0.654366
0.378881
0.775299
0.544342
1.17918
1.41103
1.44054
1.48377
0.385272
0.048951
0.919395
0.314676
0.455225
1.32108
1.58058
1.11436
0.0293823
0.540925
1.26031
1.02732
0.296438
0.357359
0.807454
0.218289
0.957172
0.851314
1.2719
1.26288
1.26054
0.845575
1.35145
0.760636
0.689334
1.10579
1.716
1.36473
0.89915
1.00081
1.19723
1.29555
1.17445
0.575981
0.918341
0.9808
1.716
1.15532
1.30767
1.18528
1.02312
0.411453
1.01007
0.715151
0.795874
0.958189
0.759917
1.39122
0.850593
0.687882
0.995803
0.859376
0.577673
0.187868
0.550302
1.68738
1.51017
1.716
0.513353
0.175643
1.55433
0.788439
0.907415
1.716
1.66304
0.584663
0.717689
1.1775
0.760113
1.00464
0.671443
0.87508
1.69289
0.735038
0.951907
0.901275
0.910058
0.900789
0.50271
1.09132
0.876948
1.18973
0.34719
1.00026
1.27603
0.84663
0.842886
0.406807
0.97193
1.51372
1.31883
1.05191
0.849457
1.43933
1.33912
1.13161
1.1588
0.844159
0.623334
0.291035
0.648982
1.23965
0.315951
0.784429
0.890039
0.981409
1.43444
0.407577
0.789404
0.460921
0.996975
0.34666
1.1917
1.57241
1.32078
1.45249
1.47718
0.972381
0.452066
0.423011
0.57351
0.694605
1.26697
0.788056
1.39825
1.10968
0.421854
1.19053
1.716
1.21447
0.627653
1.24214
0.615048
0.977172
0.824166
1.716
0.844049
0.110281
0.642334
0.972713
1.03924
0.0329097
0.983317
1.11171
1.07058
0.926229
0.684741
1.1898
0.761387
1.61019
1.01987
0.717061
0.793999
1.716
0.722366
0.546569
0.77138
1.12941
0.735607
1.61161
1.21727
0.870907
1.45458
0.865217
0.679166
1.43687
0.635432
0.490681
1.39671
1.48518
0.478016
1.12607
1.19405
1.71282
0.482938
0.423361
0.755969
0.270472
1.33665
0.417885
0.956637
1.3469
0.584748
1.40674
0.799204
1.1594
0.950495
1.13453
1.10155
1.16607
0.514357
1.52782
1.2153
1.16761
0.985954
0.451581
1.25202
1.716
1.15645
0.545506
1.6089
1.19654
0.31899
0.82812
1.30835
1.16366
1.716
1.06356
1.16289
0.63583
0.944313
0.810523
0.36301
1.18249
1.716
0.380251
0.772148
0.999047
0.714471
0.27153
1.37369
0.968033
0.608082
1.1487
1.37662
0.97435
1.10537
0.385593
1.25175
0.962795
0.613843
0.906426
1.11002
1.03089
0.570138
0.864979
0.608174
1.28484
1.716
1.22853
1.11448
0.664083
1.6217
1.39569
1.36434
0.762894
0.968437
1.34403
0.560337
1.23452
0.795098
1.14589
1.05014
1.39217
0.902865
0.545517
1.60772
0.579055
1.15877
1.326
1.23381
0.80177
1.33614
1.33417
1.15175
0.789891
0.661124
1.60685
1.62588
1.04647
0.992086
0.787096
0.963684
0.375017
1.26239
0.891937
1.52058
0.752358
0.510991
0.664642
1.2531
1.34992
0.954305
1.27208
1.30634
0.731775
1.716
1.56883
0.818845
0.830305
1.00042
1.55355
1.61435
1.31195
0.994497
1.45692
1.43642
1.21237
0.356416
0.904051
1.2919
0.608037
1.185
1.41581
0.632532
1.43665
1.08157
1.45894
0.148513
0.518099
0.608053
1.13309
1.54668
0.940299
0.449564
1.0468
0.7266
0.662302
1.39486
1.14057
1.23305
0.355553
0.848273
1.716
1.4879
1.13247
1.53133
0.826941
0.909485
1.23457
-0.158692
0.261255
0.682526
1.36058
1.46793
1.11731
0.820867
1.28834
0.450495
0.427879
0.919778
1.57097
0.891304
1.716
1.42305
1.32418
1.09236
1.26651
1.22912
0.788444
1.5823
0.599911
0.72352
1.34889
0.484823
1.41826
0.725514
1.11583
1.46683
1.0449
1.716
0.267575
0.734977
0.66998
1.04921
1.07436
0.650015
0.905567
0.0507101
1.01057
0.48858
1.00284
1.38741
1.12959
0.572317
1.04631
0.922561
1.716
0.74843
1.18962
0.495891
1.12985
1.02997
0.962716
0.902175
0.855141
1.64276
1.00112
1.16495
0.128451
0.885644
0.478887
1.22054
0.99956
1.35597
1.44914
1.50962
1.06625
1.0773
1.35571
0.750489
1.08425
0.860386
1.38132
1.0698
1.59061
0.691849
0.68694
0.816686
1.04817
0.961496
1.45007
0.611071
1.2325
0.764162
0.999228
0.994192
1.16522
1.07739
1.01751
0.924952
0.957376
1.31423
1.2496
1.20889
1.18566
1.70597
1.22978
1.02008
0.773015
1.52417
1.42993
1.06001
1.13596
1.01815
1.55771
0.79641
1.37253
1.56618
0.688642
0.802838
1.19957
1.33162
1.14946
1.01393
1.122
0.54462
0.673771
0.969503
0.701605
1.40841
1.20515
1.06524
1.716
0.607984
0.683049
1.19332
0.821219
1.1028
0.661816
1.66004
1.02079
0.852229
0.430124
0.917367
1.09494
0.265958
1.24786
0.837289
0.919003
0.952468
0.980093
0.274853
1.35666
1.3028
0.28064
0.704609
1.716
1.04246
1.4845
1.32761
1.01744
1.52158
1.26968
0.627703
1.46017
1.17565
1.00831
1.32588
1.35523
0.779985
0.864542
0.820257
1.34452
1.0205
0.760438
0.817204
0.764212
0.841176
1.2192
0.43747
0.46098
0.68028
0.482385
1.22219
0.922665
1.56538
1.15922
1.34143
0.904844
0.783558
1.46226
0.677108
0.69033
0.839615
0.916762
0.804883
1.38263
1.56519
1.25648
0.780305
0.948212
1.41199
1.24395
0.394318
1.20853
1.1747
1.59344
1.33632
1.716
0.514868
0.948521
1.65397
0.834337
1.05224
1.40082
0.902544
1.10785
1.50296
0.595289
0.589839
1.01161
0.719059
1.70632
0.727019
0.820709
0.979589
0.850673
1.716
0.777123
0.645414
1.0807
1.15896
1.27086
1.07706
0.836853
1.02146
0.705804
0.322631
1.24319
1.716
1.03292
1.716
0.925544
1.38579
1.07076
1.35721
1.14251
0.914524
1.38946
0.950011
1.13151
1.30901
1.10334
1.13766
0.530556
1.54316
1.07123
1.2909
0.990971
1.58347
0.920799
0.457318
1.25318
0.625223
1.10096
0.800913
1.08057
1.23315
0.247393
0.812501
1.65025
1.19117
0.78458
1.716
1.25831
0.761043
1.27022
1.04049
1.04217
0.598357
0.884146
0.584109
0.393212
0.619041
1.716
1.06023
0.893444
0.888694
0.898354
0.585692
0.939156
0.906364
0.920889
0.788939
1.51602
1.1888
0.604589
1.24151
1.32679
1.12058
0.929854
1.29357
1.01751
0.403129
1.716
0.959392
0.912134
0.802506
1.04767
1.06671
1.09475
0.464189
1.10055
1.28076
1.33501
1.38266
1.45236
0.946309
0.548626
1.31863
1.47758
0.774669
1.23604
0.885863
1.46825
0.221517
0.445012
1.716
1.58096
0.589877
0.220372
1.31388
1.05491
0.584849
0.993054
0.888619
1.04341
-0.0498454
0.921566
1.12788
0.656704
1.64408
0.403097
0.972067
1.09656
0.929028
0.861397
1.07056
1.42381
0.692455
0.487949
0.420721
1.28916
0.89022
0.677025
0.849185
1.3329
1.41426
1.24702
1.32814
1.0261
1.03939
1.44243
0.532679
0.54308
0.847574
0.868266
1.13987
0.757571
1.13924
1.31697
1.71505
0.836371
1.43168
0.948269
1.23494
0.537262
1.17399
1.22529
0.670676
0.739799
0.538687
1.58341
1.00359
1.7132
1.02121
1.08789
1.30613
1.58343
1.05737
0.368575
-0.20675
1.02675
0.763061
0.37234
0.854442
0.928978
1.26298
0.783209
1.70445
1.19443
1.03674
1.53505
0.40464
0.762788
1.03089
0.849247
1.18362
0.939383
0.279716
0.986577
1.58385
1.57798
0.280567
1.04148
1.04923
0.547234
1.4214
1.14594
0.190771
0.576882
0.79214
1.06221
0.445658
1.29331
0.770025
0.347828
0.815719
1.68246
1.716
1.42221
1.35905
1.23898
0.503976
1.27486
1.65891
1.21124
1.18899
1.03358
0.352335
1.04672
1.37039
0.674915
0.817224
1.34681
1.20309
1.27207
0.70617
0.349997
1.12772
0.608348
0.594017
1.57076
1.27633
0.6998
0.716223
0.932209
1.716
1.716
0.676486
0.403606
1.4859
0.662848
1.01979
1.29299
-0.0363741
0.324353
1.10967
0.373307
0.842875
1.07802
1.16722
0.965242
0.165275
1.12976
0.62524
1.58115
0.958883
0.956691
1.40332
1.20642
0.288021
0.805371
1.01279
0.761283
0.809216
0.52723
0.910508
1.30699
0.923718
-0.031305
1.3456
1.23975
1.716
1.16153
0.6634
1.25031
0.806123
1.16056
0.581468
1.71335
0.681991
1.716
0.858916
0.541029
0.847742
0.717831
0.449486
1.31907
1.03839
1.36134
0.268619
1.716
1.26953
1.716
1.13958
1.10943
0.531989
1.41137
1.69881
1.01684
0.579876
1.5961
0.735671
1.33045
1.5819
0.426206
0.88863
1.09564
1.38639
0.711955
0.760206
0.903293
0.696415
0.710622
0.643147
0.771741
0.740791
1.0522
1.21489
1.11287
1.0342
0.382749
1.31757
1.09494
1.716
0.963359
0.775679
0.650303
0.855787
1.26449
1.44292
0.686712
0.948245
1.49887
0.357729
1.42831
1.716
0.827872
0.546497
0.591919
0.934297
-0.0556421
1.19549
0.407481
0.102776
0.881225
0.346577
0.679879
0.407687
0.900149
1.02581
0.715498
0.562036
1.716
0.946484
0.918454
1.24913
1.20802
0.492063
0.825368
1.16672
0.706862
1.12436
1.69075
1.60017
1.68912
1.716
0.672408
1.30541
0.67385
0.916402
1.55606
1.2621
1.11206
0.990394
1.54874
0.836107
1.61669
1.59011
0.582796
1.0601
1.30072
0.325597
1.6516
1.27155
1.30563
0.863659
0.964162
0.665126
1.33193
1.716
0.37661
0.466027
0.812987
1.16812
0.879435
0.134465
1.16085
0.649156
0.381362
0.435675
0.459982
0.65555
1.63672
1.716
0.3134
1.11976
1.61151
1.0577
0.228867
0.812313
0.49753
1.15042
0.896749
1.43766
0.392052
0.596723
1.07512
0.390893
0.660781
0.476043
0.710683
1.32268
0.887031
1.49854
0.993559
1.03809
1.03883
1.18546
1.00113
0.884838
0.821743
0.878252
0.959291
0.801738
0.788983
1.13092
0.37766
0.823563
1.26469
0.546634
1.39814
1.33369
0.814958
1.10065
1.716
0.744511
1.06229
1.716
1.16297
1.37125
1.24834
0.325973
1.15699
1.14273
1.46329
0.688803
1.02318
0.784322
1.1387
0.957217
1.53859
0.998539
0.576743
1.10199
1.24241
0.58195
1.02733
1.17359
1.3328
1.06903
0.861663
1.22662
0.108614
1.47089
0.421181
1.24415
1.41151
0.979697
0.642338
1.05619
1.716
0.710241
0.956878
1.37476
0.692423
0.90247
0.92609
0.945572
1.33484
1.26393
1.716
0.827339
0.943056
1.23564
0.933039
0.50852
0.988603
1.6269
0.721298
0.616048
0.395981
0.776556
0.74273
0.707756
1.20041
0.909584
0.631861
1.42725
1.29531
0.498775
1.45737
1.2592
1.33467
0.509637
0.999073
1.08978
1.2317
1.16892
0.643893
1.54249
0.329315
1.19023
1.56781
1.02835
0.890258
1.02353
1.26582
0.985573
0.166839
0.591909
0.621443
1.23592
0.646187
0.84543
0.400535
1.06397
1.59797
0.892329
0.432116
-0.0301257
1.05275
1.49861
1.6049
1.12911
0.956516
0.690478
0.601431
0.673944
0.913899
1.70516
0.628872
0.984156
0.700653
0.350851
0.0795516
1.012
0.521856
1.20869
0.972091
1.27788
0.428638
1.04415
0.910003
1.1749
0.955255
1.716
1.39361
0.805474
-0.150922
1.32386
1.1664
0.36212
0.732788
1.63661
0.721389
0.697029
1.27636
0.88012
0.772488
1.16977
0.657165
0.675164
0.0967389
1.64502
1.00414
1.51069
0.495445
1.09951
0.679091
1.00238
1.36918
1.04877
0.936323
1.48397
0.861058
1.20091
0.530436
1.1645
1.187
1.6187
1.2496
1.1178
0.441778
1.39358
0.633583
0.993959
0.924305
0.771854
0.221801
0.654869
0.848855
0.97058
1.00523
1.02052
0.671412
1.23239
1.18783
0.705469
0.968656
1.13447
0.565743
1.54049
1.3736
1.02373
1.66059
1.17686
1.09879
0.859997
1.52239
1.716
0.410734
0.669288
1.37785
0.659552
0.107745
0.413291
1.54445
0.998832
0.706036
1.33589
1.33137
1.08197
0.663749
1.716
1.2823
1.716
0.672221
1.03735
0.906165
1.25558
0.745148
0.751149
1.32201
1.44433
0.745894
1.26855
0.821994
0.0797179
1.56425
1.02725
0.374495
0.912374
0.792793
1.33166
1.38946
1.67661
1.52157
1.3931
1.58484
0.257838
1.32682
1.25782
1.16421
1.30582
0.878359
0.916479
1.1333
1.25115
1.27519
1.39296
0.979892
0.650156
1.43732
1.716
0.982064
0.968257
0.562586
0.601931
1.67603
0.539845
1.59338
0.784176
0.943407
0.548818
0.878759
0.917262
0.674391
1.01682
1.39339
1.12561
1.14958
0.177722
0.930548
1.19961
0.681053
0.710051
1.1324
0.784613
0.466047
1.50194
1.14756
0.405799
1.71573
1.08693
1.20332
0.602616
1.09216
1.09598
0.87118
1.10471
0.778809
1.02767
1.21941
0.64498
1.58943
0.994725
1.40165
0.995504
1.26178
1.08339
0.318867
0.282367
1.21492
1.25714
0.973023
1.19665
1.02185
1.67936
1.13558
1.50826
1.21575
1.26036
0.937018
1.39997
1.716
0.820848
1.3413
1.31826
0.735886
1.716
1.28356
0.754115
0.720434
1.32718
1.716
0.918819
1.10104
0.641958
1.65473
0.8128
1.30536
1.716
0.833189
1.25682
0.548421
1.30453
1.00528
1.43098
1.16171
0.753296
1.22465
0.530785
0.696689
0.228369
0.887722
0.808796
1.43415
1.28246
0.822293
1.67189
0.857772
0.734744
0.794281
0.954932
0.0855548
0.913804
0.421985
0.346892
1.17752
1.716
1.54315
1.30887
0.819662
1.62474
1.55384
1.09727
1.66372
0.71248
0.966778
0.619732
1.29093
1.63214
1.30715
1.09971
0.953592
0.8598
1.20163
1.04243
0.903224
0.760627
0.391541
0.427035
0.742274
1.716
0.7158
1.11637
0.758578
1.44827
0.957478
0.863738
0.713171
1.03285
1.58256
0.767062
1.716
0.579506
0.642054
1.03463
0.695829
0.575009
1.0076
0.22866
1.716
0.868595
0.639596
0.745555
0.378603
0.961496
0.695195
0.930932
0.885441
1.01164
1.14086
1.47165
0.556212
1.17926
1.716
0.45728
0.819144
1.07716
0.922055
1.29128
0.824271
1.50689
0.743612
0.982609
1.23868
0.673311
1.5349
1.18386
0.286385
0.975174
1.32184
1.61549
0.832817
0.850727
1.46121
0.607052
1.716
0.714865
0.580032
0.512353
0.986989
1.31221
1.42056
1.716
1.70992
1.1247
0.640988
1.25414
0.852648
1.09927
1.33621
0.60784
0.83297
1.37158
1.48052
0.291593
0.71602
1.716
0.277049
1.61224
0.859224
0.791097
0.90989
0.130705
1.17805
1.22758
0.779584
1.47928
1.43322
0.474977
1.53815
1.25352
1.18025
1.28379
1.716
1.61215
1.34157
0.982511
0.973442
0.686639
0.986751
0.333429
1.22893
1.17788
1.03265
1.04497
0.849707
0.75695
0.886145
0.549115
1.40591
1.15497
1.32877
1.716
0.88617
1.36705
1.42098
1.40696
1.17778
0.505248
0.233597
0.543339
0.990345
1.41493
1.16669
0.849221
0.86732
1.56939
0.923778
0.91027
1.25237
1.66676
1.27578
1.10453
1.04324
1.15019
1.2015
1.34943
1.26951
0.645511
0.600129
1.32811
0.816216
1.48892
1.11241
0.704389
0.566484
1.716
0.346229
1.08343
0.805966
0.838236
1.03546
1.52458
1.716
0.950392
1.26752
1.716
1.0603
1.10734
-0.0391211
0.850533
0.577811
0.948447
0.521071
1.45014
1.47004
1.07064
0.638829
0.78283
1.39043
1.34859
0.857326
0.941245
1.06353
0.552222
1.37164
0.259539
0.97832
0.714043
1.03695
1.47613
0.833951
0.927768
0.774125
1.01908
1.16504
1.41498
1.716
1.20784
1.39003
0.864275
0.720496
1.19731
1.716
1.36439
1.43884
1.09384
0.350491
1.5774
1.69773
0.526488
0.856488
1.60499
0.535345
0.451756
1.13513
1.48654
1.3885
1.06747
1.19408
0.298741
0.993754
0.815259
0.529685
1.716
0.711816
0.158957
0.921516
1.47567
1.2242
0.0332264
0.786004
0.617382
0.600441
1.47064
1.61514
1.55137
1.04888
1.20898
1.40349
0.365211
1.53864
0.88166
1.716
1.23793
1.51931
1.03913
1.716
1.11811
1.716
1.18506
1.2216
