105.554
101.416
99.321
107.019
100.575
106
102.233
104.924
102.043
100.878
99.0485
106.18
100.449
102.119
106.121
103.616
100.558
100.72
105.493
101.486
100.354
100.077
103.267
100.006
101.072
105.403
108.208
101.17
101.967
101.18
102.44
104.024
103.467
101.171
106.002
105.844
102.061
105.799
102.142
103.722
100.475
106.628
104.924
100.241
101.157
100.933
99.7011
103.428
103.347
108.272
101.102
100.52
102.164
101.18
103.896
101.547
103.844
100.881
99.9291
101.62
106.585
101.274
104.755
105.114
103.161
99.5548
100.286
102.41
98.8572
106.767
102.241
100.916
100.034
99.3696
101.459
99.7075
104.444
101.185
101.005
101.759
102.709
100.362
100.829
99.4553
101.87
101.472
101.962
106.044
103.179
106.888
106.317
106.837
100.181
105.614
100.087
106.696
107.524
100.904
105.337
98.8175
99.6362
105.335
100.765
101.532
99.6964
102.168
105.9
107.535
100.819
103.733
103.909
102.971
106.169
99.4016
100.35
101.831
104.174
104.606
106.266
101.498
102.181
99.3941
98.7812
102.545
98.8469
100.871
102.031
106.32
99.5144
99.5499
103.34
99.1672
105.469
101.145
104.688
101.569
102.274
99.7812
99.9733
102.06
99.1213
100.057
104.61
101.7
102.965
101.252
102.788
100.96
100.397
106.237
107.421
103.57
100.166
100.57
104.895
100.509
105.867
101.391
103.345
103.157
99.8715
104.101
99.1037
107.61
101.989
100.087
105.884
106.691
101.89
105.362
103.347
102.351
105.437
101.838
105.481
102.652
100.85
105.863
109.389
107.058
99.5628
102.578
102.901
100.08
105.499
99.1501
105.937
102.83
101.605
100.642
106.84
104.31
100.989
99.7673
108.239
101.792
98.9448
103.564
100.814
100.595
98.7107
105.893
100.989
105.226
103.447
101.346
102.94
99.9825
108.775
