1.88614
1.5925
1.85132
1.46289
1.74565
1.43179
1.54174
1.62623
1.37219
1.66313
1.5682
1.737
1.62151
1.35006
1.51889
1.44301
1.6968
1.56087
1.53627
1.64896
1.65947
1.79807
1.74939
2.01703
1.58571
1.55882
1.35925
1.48148
1.23215
1.79218
1.71884
1.75106
1.35509
1.7022
1.92793
1.40278
1.42358
1.55561
1.70244
1.37573
1.88287
1.47213
1.73509
1.5675
1.46401
1.89254
1.70257
1.56994
1.60229
1.49587
1.51961
1.47065
1.91771
1.4789
1.91668
1.42646
1.68636
1.45765
1.88961
1.68153
1.49793
2.01703
2.01703
1.93549
1.5707
1.49369
1.52129
1.53582
1.45576
1.40973
1.66405
1.40015
1.68009
1.62967
1.34277
1.95349
1.28742
1.35912
1.59153
1.46326
1.49028
1.52136
1.54636
1.59494
1.71803
1.78196
1.81368
1.27286
1.63298
1.56826
1.43472
1.54736
1.69893
1.46236
1.95024
1.64429
1.69134
1.47733
1.76353
1.59201
1.44136
1.45812
1.43534
1.62931
1.7263
1.43795
1.58668
1.55124
1.7317
1.3667
1.39917
1.34107
1.4863
1.4046
1.53416
1.88252
1.4051
1.40033
1.69003
1.86714
1.73165
1.61524
1.75674
1.59684
1.57469
1.57171
1.27146
1.44632
1.91449
1.46904
1.5381
1.70055
1.60047
1.28633
1.58896
1.50223
1.56341
1.57693
1.55245
1.78658
1.62883
1.62878
1.56266
1.33478
1.64755
1.28818
1.4872
1.52127
1.61403
1.71246
1.66348
1.57026
1.55901
1.42478
1.59303
1.48791
1.79679
1.70324
1.66057
1.67318
1.61868
1.80968
1.53892
1.57844
1.69674
1.69586
1.87801
1.19474
1.32232
1.53159
1.49992
1.32317
1.49736
1.54297
1.6646
1.48042
1.80095
1.6003
1.7922
1.94452
2.00915
1.65372
1.67676
1.64237
1.4061
1.35895
1.6114
1.68627
1.34635
1.94149
1.57851
1.43204
1.22923
1.91968
1.40195
1.72274
1.62605
1.64468
1.64824
1.39329
1.70081
1.74268
1.35281
1.35205
1.52749
1.47862
1.48958
1.39485
1.64353
1.56904
1.47097
1.71832
1.76529
1.72372
1.55521
1.44304
1.40129
1.27579
1.90883
1.80262
1.47268
1.46803
1.46895
1.84141
1.47904
1.8029
1.70523
1.45267
1.80584
1.50751
1.60235
1.64062
1.50417
1.63568
1.6907
1.29539
1.81327
1.95018
1.66177
1.71177
1.90782
1.73783
1.70487
1.55541
1.63238
1.75385
1.60664
1.75432
1.66143
1.45211
1.75247
1.63641
1.64184
1.59373
1.90141
1.83744
1.69907
1.8195
1.81527
1.44016
1.61555
1.472
1.83019
1.42625
1.52529
1.82355
1.86177
1.62884
1.92679
1.58554
1.73162
1.39354
1.49942
1.73109
1.82045
1.81087
1.69011
1.66441
1.56722
1.47928
1.78465
1.64078
1.78953
1.47885
1.74671
1.62274
1.7853
1.46209
1.56596
1.51271
1.76642
1.89636
1.63673
1.44932
1.34637
1.62368
1.89076
1.9278
1.68387
1.3973
1.56985
1.56426
1.87236
1.46236
1.86564
1.41221
1.72151
1.38343
1.28977
1.73804
1.58902
1.60424
1.72557
1.18142
1.60543
1.45391
1.77524
1.23092
1.71596
1.15892
1.67641
1.62129
1.61276
1.50579
1.71343
2.01703
1.68759
1.39248
1.60524
2.01703
1.74739
1.61797
1.57746
1.32612
1.63376
1.70592
1.66036
1.5932
1.75269
1.39668
1.55779
1.40192
1.5546
1.47155
1.4883
1.61338
1.65816
1.72561
1.66998
1.6313
1.75514
1.44035
1.53511
1.59438
1.85141
1.36799
1.51042
1.5281
1.54051
1.36709
1.54153
1.35386
1.7925
1.87571
1.63656
1.6669
1.68815
1.63239
1.42528
1.77122
1.68712
1.28319
1.7285
1.40582
1.62403
1.5436
1.52586
1.50202
1.72752
1.34922
1.66956
1.64868
1.74219
1.61409
1.73866
1.5299
1.70945
1.37224
1.55466
1.44211
1.87631
1.75012
1.77713
1.57745
1.67012
1.41205
1.633
1.52428
2.01703
1.62839
1.71303
1.45882
1.54486
1.82438
1.6963
1.6037
1.73814
1.85148
1.48297
1.5842
1.68036
1.59259
1.49102
1.61777
1.52825
1.44358
1.81911
1.38119
1.90428
1.61092
1.38278
1.61068
1.84475
1.54054
1.42363
1.61673
1.61918
1.73284
1.20782
1.4217
1.49049
1.49506
1.62219
1.53844
1.82805
1.72343
1.66852
1.95378
1.66965
1.77607
1.6785
1.68111
1.68627
1.70379
1.59331
1.4599
1.58285
1.59858
1.59068
1.78531
1.37066
1.66091
1.36189
1.72124
1.64002
1.78952
1.6093
1.68714
1.78283
1.18113
1.33938
1.69447
1.63319
1.8469
1.43573
1.70417
1.57938
1.59639
1.69293
1.71432
1.57455
1.75804
1.51721
1.60382
1.24488
1.46048
1.39089
1.80113
1.57896
1.39282
1.67436
1.45835
1.67781
1.69086
1.68853
1.5503
1.62438
1.67313
1.17146
1.61831
1.84513
1.75757
1.67197
1.56812
1.54519
1.71476
1.701
1.65483
1.67598
1.625
1.74209
1.61205
1.84214
1.45629
1.8615
1.54979
1.56903
1.53346
1.57241
1.25239
1.805
1.54005
1.82245
1.65788
1.63014
1.28884
1.63393
1.51821
1.30555
1.60013
1.87032
1.64157
1.80432
1.57204
1.51721
1.36819
1.67047
1.80233
1.31591
2.01353
1.54497
1.76971
1.59056
1.60258
1.54379
1.71659
1.59089
1.61064
1.42949
1.88502
1.90963
1.36686
1.52372
1.62709
1.36903
1.93959
1.23668
1.49788
1.47506
1.82246
1.51319
1.33438
1.59847
1.455
1.57495
1.47414
1.581
1.74347
1.49768
1.66122
1.47309
1.36531
1.45495
1.61061
1.68345
1.38986
1.69876
1.74682
1.81465
1.56547
1.49528
1.61123
1.70608
1.57698
1.64451
1.78122
1.74333
1.66541
1.66706
2.01703
1.63756
1.68774
2.00989
2.01703
2.01703
1.82464
1.48845
1.63648
1.40538
1.12606
1.67067
1.46585
1.71272
1.40903
1.69462
1.62022
0.945359
1.39954
1.62588
1.58811
1.76057
1.59077
1.78258
1.74702
1.65188
1.73717
1.60876
1.57258
1.59807
1.60676
1.35881
1.42739
1.20143
1.38327
1.39278
1.33995
1.61879
1.47601
1.59784
1.51157
1.65272
1.57868
1.55741
1.45228
1.55447
1.58648
1.78021
1.29934
1.73497
1.95205
1.98501
1.6658
1.65529
1.63284
1.57955
1.72705
1.59717
1.48938
1.76071
1.69439
1.46797
1.58723
1.52905
1.4747
1.55264
1.39281
1.68194
1.51016
1.50779
1.7005
1.57159
1.97125
1.37597
1.50708
1.21163
1.67688
1.80248
1.44487
1.44837
1.31906
1.97647
1.59368
1.65885
1.48776
1.80072
1.563
1.74304
1.80209
1.62491
1.67821
1.77445
1.40744
1.65476
1.53131
1.62506
1.59558
1.66077
1.29635
1.64076
1.57868
1.78327
1.44004
1.53081
1.63924
1.30474
1.47282
1.58963
1.7341
1.57544
1.74068
1.83084
1.34852
1.73043
1.54667
1.94045
1.67409
1.67874
1.45884
1.32971
1.32493
1.56265
1.56437
1.32668
1.55878
1.6645
1.5504
1.68257
1.82516
1.62274
1.89945
1.49239
1.3586
1.9384
1.57123
1.75812
1.96067
1.71689
2.01703
1.62977
1.44324
1.50353
1.39833
1.75667
1.58939
1.73474
1.91036
1.73608
1.79652
1.7743
1.87303
1.58894
1.92649
1.52768
1.8455
1.65443
1.41961
1.61711
1.65232
1.6882
1.47461
1.54544
1.5407
1.55881
1.27469
1.77371
1.8807
1.56412
1.6299
1.65759
1.66679
1.80858
1.48901
1.29268
1.3881
1.48219
1.59851
1.82916
1.71223
1.47428
1.65849
1.48494
1.73238
1.67534
1.53919
1.38897
1.50061
1.61866
1.77317
1.47386
1.45111
1.52407
1.76687
1.75087
1.38548
1.78201
1.58425
1.68209
1.77867
1.60202
1.76223
1.65653
1.7057
1.57903
1.30524
1.68386
1.59285
1.40526
1.37067
1.80749
1.78987
1.73638
1.90561
1.38683
1.52062
1.82701
1.32423
1.44803
1.95721
1.48329
1.75595
1.54753
1.59703
1.80136
1.71503
1.64884
1.41808
1.28508
1.44898
1.47033
1.04195
1.52901
1.46855
1.41828
1.62845
1.47239
1.74137
1.42832
1.80242
1.48527
1.52886
1.4085
1.54206
1.39444
1.639
1.61807
1.7427
1.55325
1.61387
1.72341
1.55356
1.50571
1.89962
1.44501
1.32934
1.50227
1.53394
1.55306
1.42584
1.56022
1.87425
1.85381
1.51718
1.97775
1.51976
1.43868
1.66357
1.60621
1.55471
2.01703
1.58962
1.81222
1.78799
1.71422
1.75508
1.33876
1.33619
1.69453
1.31147
1.54163
1.45198
1.84006
1.79022
1.83227
1.63088
1.54242
1.4762
1.82755
1.47917
1.84196
1.38334
1.64228
1.55433
1.64361
1.85822
1.78845
1.73678
1.47291
1.46998
1.38023
1.36484
1.62477
1.53497
1.58517
1.90721
1.32005
1.62001
1.30885
1.57268
1.73629
1.58982
1.61827
1.54961
2.01703
1.63847
1.53798
0.98674
1.59194
1.66944
1.57879
1.59357
1.73285
1.62673
1.67404
1.56854
1.53737
1.14265
1.75241
1.46137
1.3572
1.50797
1.54665
1.66941
1.66499
1.56897
1.89224
1.68548
1.5995
1.43494
1.63231
1.78718
1.8103
1.45737
1.84312
1.76741
1.62884
1.93735
1.49237
1.55082
1.70764
1.42627
1.31059
1.7223
1.30219
1.52013
1.39995
1.68581
1.48161
1.60734
1.31835
1.82428
1.46687
1.65551
1.7279
1.60281
1.74789
1.29394
1.51119
1.48966
1.70383
1.57615
1.85636
1.48525
1.54113
1.64678
1.55723
1.61918
1.78915
1.62152
1.63744
1.43352
1.33484
1.4175
1.50605
1.5508
1.2378
2.00058
1.51954
1.30503
1.63989
1.69464
1.66467
1.64052
1.51661
1.42178
1.44099
1.42034
1.69499
1.79306
1.75121
1.48187
1.70534
1.26709
1.756
1.50962
1.70319
1.58488
1.77723
1.40675
1.46569
1.32598
1.58493
1.32814
1.56629
1.83705
1.45934
1.63009
1.45231
1.59668
1.25432
1.89429
1.76737
1.33936
1.54581
1.7173
1.72583
1.48624
1.7108
1.56193
1.71162
1.70714
1.38276
2.01703
1.70112
1.75936
1.88759
1.53687
1.73981
1.91696
1.656
1.20672
1.8193
1.72228
1.56026
1.30799
1.65644
1.60997
2.00509
1.8016
1.63547
1.55723
1.52508
1.53162
1.47338
1.47919
1.85985
1.91996
1.56291
1.85344
1.58049
1.46609
1.73598
1.57274
1.92916
1.57322
1.43408
1.58496
1.58852
1.59529
2.00621
1.45607
1.62025
1.24661
1.76617
1.45538
1.38503
1.73399
1.78273
1.53103
2.01703
1.68506
1.59826
1.5221
1.30711
1.62667
1.62583
1.34179
1.36611
1.587
1.83497
1.54649
1.64972
1.78546
1.38679
1.52785
1.63626
1.72805
1.81736
1.48006
1.62618
1.44074
1.05551
1.74825
1.76621
1.36431
1.6343
1.60028
1.52995
1.68237
1.92054
1.51807
1.78181
1.84682
1.46734
1.5535
1.71868
1.75667
1.90599
1.61563
1.46662
1.40566
1.54713
1.5105
1.37475
1.40293
1.51957
1.58492
1.60451
1.42547
1.24676
1.44528
1.68692
1.56511
1.82484
1.5249
1.54121
1.61223
1.54929
1.55266
1.4117
1.70226
1.4972
1.24719
1.38525
1.72005
1.63625
1.23723
1.81311
1.63784
1.30468
1.53521
1.58557
1.41795
1.54121
1.3712
1.94015
1.70219
1.5193
1.49733
1.74357
1.75199
1.35718
1.28116
1.49345
1.42283
1.67565
1.5249
1.53195
1.83104
1.38828
1.61197
1.76652
1.48249
1.39448
1.65583
1.81429
1.57384
1.01694
1.69962
1.90292
1.23579
1.80412
1.43109
1.63234
1.77559
1.60377
1.4022
1.22395
1.63735
1.48195
1.57556
1.96641
1.26612
1.78062
1.73141
1.79943
1.68643
1.744
1.8021
1.85415
1.65407
1.72925
1.71565
1.91797
1.50382
1.67244
2.01309
1.25575
1.51347
1.46629
1.28853
1.79013
1.68035
1.74163
1.56418
1.6808
1.67343
1.45567
1.92525
1.63059
1.68133
1.61475
1.63772
1.39215
1.62514
1.55009
1.87694
1.92274
1.73148
1.72506
1.61765
1.47362
1.97986
1.45166
1.64818
1.81846
1.82779
1.67425
1.67871
1.83428
1.55035
1.30353
1.77589
1.63893
1.73155
1.57215
1.5835
1.29905
1.87827
1.57446
1.64703
1.6142
1.74673
1.66345
1.56031
1.59821
1.31418
1.50634
1.44
1.56501
1.3157
1.69607
1.57669
1.63507
1.46469
1.66876
1.63605
1.49036
1.5051
1.96208
1.26291
1.67274
1.59783
1.35623
1.64653
1.72436
1.74559
1.42354
1.63911
1.43594
1.39094
1.28407
1.69072
1.63009
1.67603
1.83273
1.68101
1.81775
1.33453
1.71517
2.01703
1.84945
1.54146
1.38307
1.86568
1.60235
1.59739
1.59966
1.65282
1.558
1.56404
1.59352
1.585
1.4637
1.66102
1.74145
1.75907
1.82898
1.61668
1.53358
1.6322
1.22518
1.58557
1.76737
1.47583
1.61834
1.62677
1.6345
1.76779
1.72215
1.52135
1.37844
1.34707
1.5954
1.58032
1.55834
1.77407
1.28162
1.38058
1.48747
1.5042
1.64106
1.58445
1.41624
1.54033
1.21179
1.27139
1.27012
1.36358
1.40592
2.0156
1.32793
1.65027
1.56821
1.59805
1.50712
1.36397
1.98364
1.65656
1.86819
1.50271
1.69275
1.73431
1.2966
1.53282
1.46644
1.37565
1.64825
1.62269
1.61887
1.75385
1.80636
1.15399
1.54039
1.43448
1.69188
1.79853
1.58913
1.49937
1.7068
1.66626
1.72793
1.29277
1.49794
1.42716
1.45254
1.56846
1.79183
1.43186
1.51572
1.81616
1.45657
1.59639
1.70555
1.48954
1.43366
1.68687
1.55384
1.62378
1.57683
1.61823
1.39196
1.28456
1.57694
1.62099
1.49444
1.94516
1.62738
1.60147
1.8387
1.71028
1.54547
1.48969
1.51031
1.66137
1.65881
1.73381
1.46953
1.53928
1.49962
1.44594
1.55739
1.98069
1.69612
1.79688
1.7606
1.49894
1.77341
1.75613
1.81335
1.52295
1.82755
1.60759
1.58351
1.61697
1.89157
1.88178
1.69176
1.64625
1.68565
1.53328
1.47018
1.60456
1.62153
1.5341
1.88919
1.61096
1.54061
1.56368
1.50196
1.66145
1.33875
1.82237
1.61381
1.43569
1.49086
1.41172
1.51989
1.83114
1.36141
1.55805
1.84283
1.75945
1.68943
1.57472
1.4217
1.71575
1.49578
1.72858
1.69262
1.32168
1.59173
1.74879
1.72953
1.82279
1.64305
1.34667
1.40297
1.71068
1.56068
1.65364
1.69926
1.35296
1.68149
1.74065
1.53339
1.28761
1.65932
1.77473
1.63355
1.66105
1.49928
1.4605
1.28383
1.67359
1.84141
1.6407
1.56426
1.65272
1.84194
1.65696
1.78052
1.17946
1.51983
1.88666
1.50617
1.78875
1.72526
1.62223
1.59546
1.57946
1.65293
1.7697
1.63661
1.63907
1.80033
1.37431
1.5746
1.77963
1.86848
1.29306
1.69036
1.6776
1.72762
1.47627
1.39647
1.14855
1.66308
1.46959
1.71985
1.51722
1.47307
1.14321
1.52159
1.4453
1.41314
1.91268
1.87308
1.49294
1.7505
1.45024
1.75729
1.9708
1.52424
1.46185
1.2896
1.26961
1.90442
1.52296
1.69645
1.60326
1.5583
1.71231
1.70488
1.5931
1.798
1.74627
1.68658
1.37485
1.43798
1.41418
1.43402
1.82112
1.54592
1.74927
1.70196
1.54959
1.3688
1.82974
1.69062
1.67084
1.59703
1.54708
1.79516
1.49159
1.62147
1.8089
1.80119
1.44064
1.4047
1.59822
1.6621
1.61746
1.62551
1.48896
1.51437
1.78407
1.73614
1.68061
1.37793
1.53825
1.38156
1.7182
1.42079
1.9595
1.48095
1.48626
1.37329
1.74491
1.38728
1.67011
1.64171
1.43987
1.22364
1.60683
1.67854
1.74294
1.59762
1.66197
1.21807
1.64036
1.24138
1.91535
1.55335
1.7533
1.81165
1.82748
1.53335
1.65639
1.86317
1.78551
1.86087
1.46842
1.57057
1.75085
1.36156
1.66034
1.54206
1.39703
1.45937
1.41471
1.49426
1.25503
1.29961
1.74243
1.31246
1.67431
1.47386
1.65127
1.62773
1.70931
1.61938
1.7906
1.62358
1.6121
1.63343
1.25821
1.82465
1.73164
1.34355
1.62914
1.39828
1.51976
1.61028
1.61442
1.91759
1.63366
1.80523
1.60629
1.63584
1.56119
1.6986
1.70337
1.25973
1.86782
1.55367
1.79314
1.58794
1.7088
1.72197
1.69263
1.64634
1.54814
1.73592
1.80493
1.82782
1.73291
1.85135
1.55644
1.43206
1.47491
1.8969
1.92106
1.89509
1.54295
1.42504
1.70717
1.61725
1.92701
1.82947
1.7882
1.40509
1.59339
1.56406
1.72797
1.7929
1.39892
1.69438
1.6955
1.59577
1.2475
1.84025
1.19955
1.85212
1.85747
1.55351
1.56698
1.5262
1.66769
1.39826
1.39884
1.76484
1.52901
1.32466
1.74968
1.69388
1.69449
1.39971
1.99085
1.65409
1.67548
1.84418
1.67442
1.59609
1.61482
1.47451
1.40716
1.68889
1.57675
1.56463
1.54482
1.58265
1.7815
1.78522
1.66398
1.29991
1.63056
1.48528
1.4164
1.60225
1.51599
1.53019
1.68092
1.72007
1.42689
1.36771
1.71404
1.55892
1.68269
1.64452
1.45536
1.37901
1.69584
1.72423
1.57728
1.72023
1.67222
1.68993
1.80133
1.66375
1.5947
1.59234
1.4642
1.49591
1.82599
1.69703
1.50249
1.32486
1.51023
1.38532
1.69825
1.82165
1.4337
1.89728
1.62009
1.70735
1.91893
1.5244
1.58756
1.93166
1.45397
1.55037
1.40277
1.66803
1.53321
1.52841
1.57225
1.73889
1.51819
1.51579
1.63422
1.60589
1.75215
1.60361
1.87206
1.98139
1.86331
1.49657
1.63281
1.87304
1.6568
1.32648
1.70186
1.80468
1.64569
1.64139
1.70678
1.83346
1.42725
1.74624
1.91399
1.66065
1.41824
1.77082
1.65214
1.63549
1.55107
1.64095
1.6688
1.82581
1.72132
1.33776
1.64171
1.59788
1.6255
1.62968
1.74475
1.67129
1.77216
1.83182
1.57114
1.81351
2.01703
1.62594
1.87732
1.82113
1.60365
1.6138
1.58339
1.35001
1.72734
1.5082
1.76013
1.54441
1.92396
1.59623
1.50581
1.48412
1.55945
1.48445
1.48692
1.48181
1.69606
1.4824
1.59476
1.26292
1.35108
1.50996
1.65529
1.7147
1.47847
1.44442
1.92009
1.60295
1.79553
1.16309
1.33725
1.74717
1.7155
1.55208
1.48148
1.79509
1.39037
1.65868
1.59438
1.36109
1.29729
1.47609
1.69629
1.53685
1.9754
1.6756
1.49536
1.8203
1.87804
1.63299
1.69089
1.59826
1.75886
1.67864
1.41495
1.44224
1.52602
1.59285
1.50498
1.54953
1.65329
1.64256
1.68666
1.58879
1.26336
1.91675
1.48118
1.44897
1.56008
1.63385
1.49246
1.65884
1.47349
1.74679
1.61732
1.43565
1.62447
1.99368
1.45753
1.64372
1.69761
1.72481
1.34697
1.37468
1.67151
1.49294
1.57084
1.52144
1.7233
1.38993
1.76537
1.29385
1.43852
1.29813
1.55732
1.40803
1.56143
1.92968
1.2671
1.6517
1.55167
1.43459
1.80176
1.53659
1.81949
1.3981
1.5797
1.6088
1.47752
1.7026
1.60994
1.69464
1.78355
1.65293
1.58209
1.55802
1.58869
1.51498
1.43051
1.642
1.74768
1.32666
1.50719
1.37929
1.82917
1.54773
1.40354
1.60287
1.47973
1.5597
1.64638
1.59849
1.30688
1.62297
1.80325
1.69846
1.84819
1.87183
1.71663
1.75234
1.12953
1.37836
1.92298
1.25814
1.61276
1.51939
1.63426
1.60037
1.9058
1.60332
1.50174
1.76798
1.36725
1.50368
1.39962
1.79662
1.71871
1.46825
1.46202
1.79331
1.54186
1.77252
1.64261
1.37167
1.49379
1.53922
1.71564
1.83139
1.5742
1.54072
1.4028
1.69509
1.63348
1.6614
1.60217
1.73376
1.43257
1.66521
1.3263
1.37529
1.43082
1.70052
1.74241
1.42643
1.55732
1.6927
1.73085
1.47805
1.73714
1.29062
1.61438
1.62163
1.46006
1.4631
1.65172
1.4094
1.79655
1.78106
1.62238
1.54836
1.20381
1.3939
1.48366
1.81381
1.44253
1.32787
1.69737
1.6634
1.41537
1.84993
1.50766
1.17973
1.45814
1.47976
1.48176
1.84252
1.47127
1.77483
1.60892
1.40192
1.66558
1.74628
1.25564
1.69468
1.65688
1.67179
1.45198
1.46742
1.53842
1.50228
1.6535
1.65712
1.60764
1.94376
1.85148
1.8078
1.62353
1.34862
1.45116
1.46534
1.3252
1.51426
1.76958
1.35357
1.43891
1.67472
1.85836
1.59768
1.33153
1.49818
1.82036
1.60673
1.40746
1.40378
1.49066
1.44374
1.57899
1.57533
1.46621
1.72483
1.48468
1.30931
1.73287
1.67829
1.73386
1.46539
1.74193
1.80082
1.63483
1.83591
1.76836
2.01234
1.67625
1.41864
1.36255
1.50412
1.51016
1.66024
1.37982
1.5998
1.60314
1.42151
1.70025
1.81015
1.66514
1.51655
1.58592
1.88516
1.61385
1.58126
1.63184
1.48042
1.5179
1.50739
1.59376
1.76234
1.7394
1.83257
1.64802
1.55336
1.587
1.30951
1.84913
1.39472
1.61197
1.98929
1.23765
1.22589
1.55603
1.77673
1.73219
1.77733
1.98017
1.93651
1.77204
1.59287
1.96318
1.46578
1.78917
1.37003
1.50327
1.83295
1.55357
1.33676
1.41473
1.50079
1.55782
1.67329
1.67627
1.50608
1.7634
1.80751
1.21276
1.74127
1.49491
1.28441
1.70124
1.86267
1.49659
1.59781
1.83464
1.60966
1.80604
1.44097
1.71709
1.43532
1.73641
1.72716
1.32837
1.40019
1.83466
1.41134
1.59409
1.42896
1.51191
1.41665
1.73039
1.58983
1.62496
1.46194
1.2599
2.01703
1.29596
1.66435
1.41595
1.20824
1.47659
1.74598
1.23912
1.56323
1.87571
1.78915
1.57411
1.48729
1.54629
1.53322
1.65586
1.31852
1.72702
1.75678
1.37072
1.63437
1.51361
1.13734
1.77282
1.43827
1.42075
1.39708
1.79042
1.78998
1.25621
1.6525
1.61245
1.6323
1.62865
1.65406
1.49101
1.55829
1.67176
1.79241
1.46449
1.68796
1.42174
1.6232
1.78019
1.09368
1.73285
1.40251
1.56714
1.32074
1.50621
1.70263
1.80214
1.32211
2.01703
1.7447
1.7292
1.95482
1.51077
1.58267
1.69133
1.5103
1.52921
1.51992
1.59275
1.64287
1.67324
1.58131
2.0004
1.3599
1.82391
1.60225
1.6911
1.46246
1.60249
1.67946
2.01703
1.28455
1.60498
1.3445
1.24401
1.45704
1.63879
1.42025
1.74662
1.72491
1.88095
1.63022
1.51965
1.41309
1.53036
1.38336
1.75158
1.35276
1.55553
1.50684
1.51964
1.2779
1.64676
1.77612
1.49692
1.78213
1.46508
1.44149
1.67786
1.81661
1.43198
1.61526
1.49219
1.61052
1.73432
1.51907
1.72513
2.01703
1.79587
1.27898
1.65766
1.5326
1.71899
1.65067
1.45927
1.66995
1.21343
1.43011
1.5078
1.89085
1.88812
1.65989
1.55235
1.49638
1.39586
1.42196
1.83091
1.37454
1.17637
1.37555
1.78869
1.7442
1.79375
1.49909
1.62516
1.55943
1.70017
1.92054
1.50501
1.58326
1.80074
1.67916
1.7268
1.52117
1.5579
1.26397
1.63655
1.44551
1.43046
1.9268
1.699
1.34931
1.73085
1.8084
1.4719
1.9547
1.50574
1.61375
1.58205
1.74056
1.64076
1.60535
1.33996
1.46735
1.38531
1.51469
1.40715
1.74541
1.69056
1.66043
1.61509
1.5899
1.52541
1.26446
1.48675
1.45086
1.3547
1.5181
1.74609
1.28744
1.50698
1.38509
1.52285
1.59428
1.60423
1.52994
1.42135
1.52871
1.43683
1.51888
1.62189
1.71586
1.50438
1.66143
1.31091
1.35834
1.65557
1.44135
1.7629
1.5013
1.39818
1.25281
1.70223
1.38694
1.98257
1.60772
1.40342
1.8101
1.02462
1.60614
1.74471
1.4265
1.26074
1.86994
1.29412
1.57229
1.50202
1.86009
1.53065
1.82009
1.71961
1.58133
1.54009
1.67844
1.68038
1.92376
1.95792
1.7424
1.92272
1.55594
1.9057
1.88214
1.62088
1.71123
1.57379
1.3268
1.67525
1.60108
1.74065
1.66841
1.70014
1.522
1.63771
1.55509
1.78694
1.60298
1.92845
1.39499
1.33157
1.53981
1.64625
1.59492
1.44931
1.44563
1.48292
1.67415
1.44803
1.37274
1.53597
1.66621
1.5712
1.41132
1.54479
1.77296
1.85789
1.49401
1.58611
1.55463
1.56966
1.69413
1.60817
1.63739
1.70109
1.48801
1.39704
1.92301
1.43112
1.78131
1.34894
1.741
1.60424
1.61837
1.74672
1.90041
1.60748
1.54532
1.46478
1.38662
1.44153
1.88206
1.54995
1.95334
1.64959
1.74812
1.66599
1.61247
1.56036
1.69523
1.67441
1.60099
1.57544
1.68963
1.83137
1.45506
1.49651
1.84097
1.4571
1.16317
1.667
1.18297
1.46101
1.7513
1.58331
1.98584
1.54858
1.45602
1.61242
1.67649
1.44443
1.58469
1.4565
1.66565
1.8343
1.55451
1.28022
1.19152
1.78937
1.48664
1.78822
1.57661
1.5084
1.7965
1.84387
1.38994
1.48526
1.47059
1.58697
1.46001
1.83609
1.55936
1.40326
1.68457
1.52136
1.76763
1.5782
1.71121
1.44155
1.58988
1.51323
1.6426
1.80544
1.57428
1.68717
1.50294
1.5988
1.52776
1.56689
1.61797
1.14321
1.91582
1.43413
1.72469
1.60082
1.7215
1.4836
1.6403
1.69847
1.24302
1.84675
1.35265
1.61901
1.3601
1.21792
1.62077
1.75352
1.84717
1.73573
1.76812
1.79654
1.66635
1.34789
1.67949
1.30916
1.70474
1.67464
1.45971
1.58538
1.45578
1.38324
1.48171
1.71239
1.48253
1.75153
1.67413
1.95229
1.81232
1.83685
1.37343
1.68082
1.73103
1.57787
1.73623
1.90746
1.35542
1.88835
1.6427
1.58578
1.5707
1.62516
1.45209
1.48769
1.45189
1.37341
1.56473
1.52293
1.4847
1.59999
1.49412
1.35226
1.46103
1.72467
1.79886
1.44855
1.78666
1.4275
1.81968
1.37742
1.66826
1.43893
1.45606
1.50014
1.62862
1.82526
1.40632
1.80579
1.62373
1.79812
1.64322
1.80466
1.58326
1.55042
1.47579
1.77148
1.66902
1.64987
1.63677
1.88902
1.2506
1.60592
1.48656
1.56526
1.70498
1.59974
2.01703
1.84319
1.11796
1.65972
1.75636
1.48744
1.46914
1.90425
1.77867
1.45648
1.76452
1.5502
1.16692
1.75595
1.38619
1.62505
1.64879
1.51519
1.72571
1.45086
1.331
1.35595
1.82044
1.6985
1.76526
1.61202
1.53378
1.2628
1.32383
1.52092
1.9139
1.58375
1.51064
1.51035
1.19844
1.47746
1.4613
1.76052
1.74505
1.53917
1.55026
1.61259
1.44304
1.73757
1.42444
1.50283
1.71648
1.59573
1.34389
1.73085
1.82757
1.87749
1.63289
1.33827
1.5395
1.5286
1.6628
1.57415
1.54444
1.94768
1.63801
1.80193
1.43627
1.31537
1.40265
1.89538
1.12485
1.06282
1.70789
1.73322
1.28508
1.74521
1.65909
1.25309
1.65975
1.41805
1.87458
1.54103
1.38278
1.50334
1.72718
1.60384
1.75182
1.51332
1.43543
1.33077
1.69616
1.75322
1.6446
1.91613
1.66791
1.48674
1.71784
1.52226
1.54361
1.52469
1.72456
1.70756
1.48622
1.65484
1.67877
1.88231
1.60741
1.47205
1.55332
1.5958
1.41611
1.65829
1.58072
1.91521
1.40932
1.62314
1.61679
1.15585
1.52424
1.70867
1.91881
1.62541
1.61569
1.67912
1.30232
1.72162
1.69713
1.46848
1.38769
1.53849
1.74685
1.66427
1.75187
1.43831
1.34162
1.30278
1.63081
1.58447
1.60572
1.68407
1.8601
1.65038
1.24571
1.53705
1.96798
1.69971
1.58543
1.80219
1.55409
1.6501
1.45148
1.58314
1.43974
1.66306
1.52759
1.88528
1.69102
1.16106
1.47148
1.95104
1.69421
1.69139
1.826
1.66043
1.29692
1.50682
1.53066
1.93443
1.62009
1.68089
1.58802
1.41658
1.74393
1.47745
1.43589
1.68671
2.01703
1.44219
1.60764
1.78227
1.39415
2.01703
1.57774
1.42425
1.72501
1.43435
1.57602
1.85098
1.99222
1.63339
1.6582
1.29888
1.59388
1.46501
1.28481
1.6732
1.6542
1.82267
1.76211
1.7394
1.71053
1.79333
1.35144
1.18308
1.8157
1.32449
1.46533
1.49607
1.78431
1.50526
1.58203
1.22859
1.58523
1.70848
1.32736
1.9029
1.75019
1.90696
1.58131
1.60233
1.68148
1.57694
1.39008
1.69165
1.86517
1.49016
1.72987
1.47968
1.45068
1.475
1.15429
1.6819
1.39153
1.56562
1.98471
1.63363
1.05695
1.51186
1.37656
1.73467
1.49294
1.6095
1.55896
1.5104
1.85906
1.55988
1.52437
1.68283
2.01703
1.49669
1.64544
1.47798
1.62716
1.7352
1.66875
1.54154
1.52272
1.60136
1.7372
1.63961
1.90756
1.59487
1.65013
1.56366
1.60325
1.73071
1.56905
1.63616
1.65474
1.40806
1.68137
1.63265
1.41237
1.46428
1.41403
1.42003
1.69887
1.43523
1.53743
1.83043
1.38421
1.86391
1.62984
1.38404
1.58766
1.93623
1.91891
1.74775
1.55459
1.33762
1.48403
1.62056
1.85341
1.59275
1.63038
1.41764
1.54016
1.60434
1.65124
1.49668
1.5301
1.45954
1.3433
1.86262
1.49223
1.66451
1.71182
1.67455
1.71957
1.48846
1.47809
1.50142
1.49562
1.46974
1.46498
1.45562
1.38714
1.65396
1.65953
1.60984
1.6547
1.63082
1.53104
1.87089
1.75959
1.27755
1.41801
1.51141
1.59105
1.423
1.78598
1.19571
1.41224
1.59098
1.33924
1.25816
1.56371
1.81462
1.89074
1.52504
1.69067
1.68363
1.57954
1.36711
1.52061
1.24535
1.653
1.63509
1.40818
1.8404
1.28356
1.62931
1.51704
1.56919
1.47937
1.70799
1.43728
1.63222
1.26682
1.7775
1.7488
1.64879
1.52885
1.74273
1.75495
1.53985
1.78199
1.55246
1.79381
1.37888
1.6532
1.79186
1.66239
1.8793
1.57944
1.38808
1.61126
1.44117
1.55257
1.66677
1.71301
1.77692
1.71428
1.49675
1.95145
1.48935
1.61257
1.2871
1.67814
1.76232
1.66223
1.33214
1.21523
2.01703
1.46081
1.63905
1.56507
1.473
1.2198
1.30447
1.72464
1.5398
1.50228
1.45407
1.23205
1.86574
1.55689
1.79526
1.47001
1.40194
1.79654
1.3889
1.71079
1.41201
1.76193
1.56181
1.69555
1.73001
1.7088
1.62557
1.34963
1.6021
1.45672
1.61618
1.65051
1.53651
1.4622
1.47508
1.85765
1.41168
1.72098
1.58745
1.44914
1.50798
1.56748
1.26487
1.53572
1.49465
1.60787
1.891
1.62145
1.60275
1.55824
1.59263
1.54783
1.57034
1.82013
1.29849
1.79426
1.41578
1.45479
1.6331
1.58675
1.41087
1.60789
1.54
1.63304
1.56286
1.84497
1.43022
1.40187
1.56941
1.43794
1.47905
1.7124
1.49814
1.57437
1.89379
1.35725
1.54303
1.60198
1.70948
1.87897
1.5284
1.84952
1.48197
1.69303
1.41552
1.92366
1.48806
1.43289
1.57295
1.48943
1.71884
1.21868
1.25872
1.77592
1.62104
1.51817
1.72013
1.81989
1.57216
1.41325
1.67705
1.74892
1.35383
1.54088
1.52216
1.56497
1.33722
1.70821
0.92049
1.65092
1.63968
1.53598
1.49585
1.45937
1.79582
1.89027
1.36185
1.54569
1.46412
1.59985
1.43271
2.01703
1.76095
1.58173
1.79874
1.58096
1.73518
1.46369
1.52031
1.73416
1.33218
1.55071
1.74953
1.79542
1.38769
1.40908
1.57741
1.49969
1.69658
1.17257
1.62341
1.46465
1.5045
1.70322
1.80798
1.63167
1.48805
1.92693
2.01703
1.86268
1.5824
1.60524
2.01703
1.79009
1.64282
1.81969
1.4783
1.65933
1.6257
1.76435
1.50205
1.5647
1.59267
1.15604
1.54902
1.50722
1.62943
1.40033
1.29004
1.76259
1.3845
1.88142
1.54882
1.45949
1.80693
1.4448
1.63486
1.87191
1.45678
1.4151
1.79429
1.63458
1.66108
1.7871
1.40042
1.67519
1.69213
1.43763
1.4018
1.50608
1.74597
1.56971
1.90396
1.7257
1.30558
1.74299
1.88438
1.77597
1.53729
1.55478
1.66592
1.54051
1.65323
1.35577
1.58299
1.58465
1.7717
1.31464
1.63516
1.77598
1.54713
1.45737
1.40596
1.1379
1.84671
1.35085
1.65799
1.40492
1.458
1.34075
1.55642
1.31827
1.65966
1.55629
1.59527
1.58891
1.86658
1.59182
1.97141
1.47572
1.55659
1.40384
1.48073
1.43083
1.55955
2.01298
1.31208
1.74624
1.50115
1.7255
1.46739
1.48231
1.39895
1.46228
1.64638
1.15925
1.63869
1.90584
1.45675
1.5689
1.70383
1.81742
1.69353
1.88271
1.7062
1.86325
1.55251
1.64449
1.90033
1.58563
1.64976
1.77311
1.70428
1.54927
1.26261
1.70348
1.47241
1.55997
1.55571
1.38535
1.65555
1.38313
1.34873
1.55
1.37264
1.64439
1.8004
1.39682
1.65571
1.51989
1.52153
1.88546
1.93735
1.76556
1.59401
1.61945
1.70922
1.52856
1.60037
1.70321
1.65271
1.31773
1.4815
1.46893
1.35025
1.36107
1.14861
1.49703
1.58724
1.85722
1.48757
1.39046
1.63542
1.30007
1.56489
1.71522
1.59293
1.59586
2.01703
1.31466
1.50015
1.61799
1.59273
2.01703
1.86506
1.56656
1.66127
1.54574
1.6097
1.4318
1.8031
1.30552
1.55898
1.46793
1.296
1.51778
1.32738
1.59135
1.70681
1.80958
1.46451
1.43738
1.86215
1.77483
1.41804
1.45832
1.5681
1.66807
1.59705
1.69748
1.68226
1.60757
1.48354
1.64055
1.4403
1.13998
1.98308
1.51639
1.76295
1.5015
1.6368
1.68246
1.57588
1.48391
1.49597
1.65959
1.61062
1.67958
1.76061
1.70332
1.59925
1.81404
1.47856
1.48328
1.55537
1.55402
1.75518
1.62545
1.30073
1.7758
1.61582
1.55895
1.64221
1.41543
1.78205
1.48376
1.19776
1.36555
1.66858
1.53455
1.53389
1.81939
1.59066
1.40597
1.54905
1.68041
1.63532
1.71288
1.73045
1.45998
1.61665
1.7239
1.53969
1.93417
1.62932
1.40746
1.58061
1.85719
1.34335
1.6416
1.73133
1.4042
1.78115
1.89072
1.42193
1.6256
1.48058
1.68407
1.25305
1.88782
1.29129
1.75986
1.72363
1.23262
1.89335
1.77588
1.60656
1.39575
1.35541
1.62983
1.60939
1.42401
1.57097
1.23263
1.60247
1.61987
1.91489
1.42644
1.16346
1.60926
1.79349
1.4066
1.49319
1.69143
1.35479
1.52198
1.65987
1.7123
1.82228
1.41661
1.71628
1.21375
1.38057
1.64708
1.64512
1.70187
1.48421
1.88251
1.81242
1.32096
1.55131
1.53969
1.76288
1.42357
1.64573
1.6303
1.30978
1.65611
1.55823
1.56248
1.26244
1.6718
1.84295
1.37356
1.62219
1.56941
1.43804
1.74796
1.51565
1.89563
1.5222
1.56885
1.64998
1.71582
1.70654
1.81412
1.83282
1.24665
1.96809
1.76973
1.72425
1.55387
1.61557
1.71993
1.57636
1.17713
1.60029
1.77926
1.74203
1.67953
1.96751
1.47101
1.66799
1.98811
1.53158
1.59924
1.3711
1.82842
1.61086
1.59454
1.62845
1.25257
1.36219
1.49165
1.53088
1.25246
1.67754
1.41504
1.49074
1.42977
1.66597
1.71528
1.94129
1.65303
1.55354
1.58561
1.61405
1.58766
1.58379
1.61177
1.26262
1.60589
1.81818
1.74337
1.73067
1.7928
1.38679
1.35564
1.28883
1.79236
1.61144
1.45759
1.38931
1.76216
1.31793
1.35929
1.77181
1.66951
1.66716
1.89138
1.44092
1.33162
1.8502
1.86885
1.77151
1.52302
1.43579
1.73159
1.62386
1.48322
1.99508
1.60641
1.19071
1.78363
1.71996
1.40379
1.79759
1.76053
1.66278
1.50201
1.85259
1.42489
1.54929
1.91273
1.58431
1.73662
1.72382
1.72894
1.68123
1.66401
1.68644
1.74569
1.24705
1.53423
1.54857
1.27985
1.95351
1.42791
1.43551
1.5761
1.45516
1.72886
1.41232
1.25136
1.57742
1.77635
1.51997
1.48873
1.72694
1.74101
1.62561
1.8735
1.53735
1.26554
1.51244
1.66945
1.68709
1.47475
1.7023
1.68936
1.30844
1.42809
1.36259
1.43869
1.57704
1.73935
1.77625
1.56546
1.46226
1.82828
1.50377
1.51973
1.57936
1.81044
1.76964
1.59844
1.61182
1.55625
1.40755
1.42878
1.22206
1.46973
1.89925
1.72232
1.47698
1.67984
1.74165
1.3956
1.70556
1.54021
1.36832
1.64305
1.35839
1.83436
1.82366
1.71993
1.39415
1.71059
1.86336
1.82979
1.71346
1.76144
1.56412
1.62897
1.7311
1.34899
1.64563
1.66038
1.51713
1.45324
1.98507
1.36155
1.44686
1.64922
1.65442
1.54784
1.21877
1.51208
1.74573
1.54696
1.47295
1.46134
1.76523
1.56655
1.27406
1.63425
1.67008
1.44024
1.82604
1.61045
1.49322
1.41872
1.65033
1.727
1.80178
1.45373
1.66832
1.71005
1.7453
1.40736
1.25534
1.47722
1.39016
1.70111
1.7001
1.82727
1.56507
1.75687
1.87255
1.8329
1.46593
1.59266
1.96725
1.98356
2.00566
1.58715
1.77329
1.48399
1.82481
1.4813
1.66033
1.87418
1.52937
1.54885
1.93584
1.56475
1.80246
1.60014
1.7218
1.52676
1.51427
1.36085
1.23741
2.01703
1.67937
1.76239
1.64416
1.5989
1.66981
1.74524
1.47374
1.75244
1.43652
1.40399
1.50058
1.63558
1.89137
1.84514
1.52698
1.67387
1.45613
1.56574
1.78231
1.7057
2.01703
1.58675
1.53351
1.48561
1.78427
1.42613
1.45539
1.75087
1.57506
1.76366
1.41032
1.85762
1.67639
1.88573
1.52277
1.4892
1.34302
1.44886
1.81806
1.43341
1.24362
1.46641
1.75833
1.57513
1.75658
1.74937
1.58982
1.84432
1.80365
1.64637
1.81007
1.59712
1.85951
1.48174
1.63816
1.31879
1.8329
1.59724
1.56039
1.50124
1.63596
1.48483
1.57688
1.66426
1.50874
1.62402
1.60095
1.60243
1.90617
1.52306
1.29548
1.59995
1.70479
1.59378
1.62677
1.5092
1.6036
1.53039
1.73629
1.34233
1.53816
1.44305
1.96895
1.29847
1.60268
1.5169
1.41313
2.01703
1.75425
1.4552
1.46978
1.93986
1.42992
1.56707
1.47329
1.32074
1.7103
1.68831
1.42665
1.54247
1.5683
1.59678
1.40007
1.4421
1.54574
1.12766
1.50108
1.5417
1.6659
1.66592
1.23935
1.57188
1.65801
1.37804
1.86996
1.43663
1.75354
1.62093
1.23335
1.60166
1.77599
1.70522
1.72655
1.6084
1.43693
1.43329
1.74005
1.57419
1.57381
1.5974
1.61648
1.69175
1.82427
1.78475
1.45196
1.68849
1.60706
1.58478
1.59031
1.44431
1.59321
1.56659
1.69018
1.48887
1.78241
1.96208
1.4228
1.72369
1.81732
1.63553
1.85563
1.4913
1.28215
1.75086
1.4983
1.40699
1.53308
1.63845
1.52858
1.42522
2.01703
1.92325
1.58118
1.81586
1.72641
1.78025
1.69879
1.65509
1.67198
1.35998
1.62827
1.67119
1.49601
1.67236
1.73011
1.6073
1.45178
1.57748
2.01454
1.82706
1.42783
1.53436
1.53232
1.59694
1.56639
1.6713
1.75644
1.63536
1.65857
1.59706
1.82239
1.65786
1.59109
1.4342
1.91746
1.68271
1.65778
1.63855
1.34212
1.38302
1.6969
1.87744
1.45031
1.79483
1.91866
1.69716
1.41139
1.44983
1.40844
1.55594
1.57198
1.68213
1.58267
1.77526
1.55379
1.77829
1.34079
1.58484
1.25511
1.42487
1.28253
1.53321
1.53773
1.82517
1.48219
1.37495
1.63942
1.37765
1.33178
1.82212
1.35992
1.55135
1.41356
1.95826
1.76992
1.35365
1.35501
1.48875
1.30728
1.78627
1.41723
1.61769
1.29184
1.52462
1.90138
1.66155
1.3762
1.27312
1.81956
1.46623
1.71233
1.65954
1.8167
1.57566
1.41263
1.66915
1.57788
1.80618
1.56293
1.42401
1.13506
1.79025
1.6361
1.64366
1.56932
1.45811
1.68078
1.48674
1.87707
1.79103
1.82091
1.63062
1.41675
1.88159
1.87537
1.61029
1.76875
1.37445
1.5138
1.74617
1.48086
1.49465
1.32724
1.51811
1.45038
1.38298
1.81553
1.52111
1.49925
1.61629
1.48725
1.33068
1.56833
1.7697
1.54219
1.94849
1.51721
1.77969
2.01703
1.63546
1.36418
1.42774
1.47027
1.76795
1.82807
1.57832
1.61909
1.76827
1.59162
1.7558
1.37848
1.62483
1.55628
1.54429
1.54225
1.77046
1.56176
1.51984
1.35086
1.46268
1.50643
1.67887
1.63166
1.53697
1.59133
1.48368
1.57649
1.71974
1.86518
1.46095
1.7247
1.35411
1.74433
1.4555
1.30875
1.43455
1.70304
1.87275
1.61671
1.75098
1.42643
1.71377
1.51617
1.5226
1.99694
1.73634
1.19513
1.46407
1.43397
1.68924
1.53093
1.51533
1.64428
1.41724
1.49377
1.91989
1.57843
1.75672
1.84718
1.35241
1.32678
1.70696
1.51811
1.4036
1.31809
1.60536
1.82484
1.43821
1.66682
1.58186
1.44104
1.72739
1.66011
1.75997
1.56355
1.83445
1.5746
1.60136
1.29862
1.52373
1.63755
1.52779
1.57083
1.30416
1.75691
1.55101
1.59015
1.41479
1.31722
1.50214
1.56608
1.15857
1.60218
1.60089
1.34309
1.5579
1.43298
1.50485
1.8046
1.84123
1.63062
1.53546
1.69433
1.71353
1.42431
1.50392
1.52963
1.39041
1.53135
1.45033
1.79009
1.47225
1.64583
1.54644
1.47244
1.71912
1.57024
2.00812
1.74073
1.73907
1.6363
1.80126
1.51609
1.53503
1.72322
1.65806
1.61658
1.32766
1.85161
1.64676
1.49501
1.62349
1.65182
1.23107
1.26885
1.67759
1.60624
1.63063
1.91302
1.45854
1.66913
1.61121
1.34653
1.13941
1.54109
1.49494
1.56105
1.71511
1.54962
1.41004
1.73907
1.76556
1.52711
1.43998
1.66622
1.56933
1.77344
1.45486
1.43989
1.63586
1.36748
1.28033
1.91143
1.65432
1.41408
1.7362
1.39449
1.59415
1.63446
1.42866
1.88932
1.4503
1.69203
1.61403
1.69234
1.42773
1.32237
1.53915
2.00832
1.4235
1.47003
1.46605
1.47668
1.70684
1.55519
1.46313
1.6887
1.99513
1.8356
1.5307
2.01227
1.4333
1.44853
1.74336
1.57327
1.24726
1.44624
1.59714
1.69125
1.72378
1.44763
1.95673
1.4164
1.61877
1.7006
1.5151
1.11038
1.74828
1.81783
1.30434
1.42564
1.35377
1.82995
1.75729
1.74425
1.21252
1.77907
2.00942
1.93308
1.61735
1.506
1.56683
1.59808
1.68609
1.65563
1.99937
1.65941
1.63956
1.75831
2.01703
1.34737
1.78543
1.68142
1.59753
1.84404
1.40246
1.6982
1.5203
1.38617
1.46923
1.7664
1.47007
1.39962
1.67492
1.63692
1.34663
1.37811
1.58039
1.69388
1.27611
1.52494
1.67179
1.6319
1.56642
1.82996
1.80772
1.36575
1.5904
1.25719
1.43736
1.36056
1.9854
1.64916
1.55948
2.01703
2.00651
1.5578
1.24865
1.55714
1.91639
1.69732
1.69214
1.73668
1.81264
1.45013
1.54553
1.67539
1.73064
1.4674
1.86341
1.88432
1.69736
1.48346
1.64642
1.83839
1.53279
1.39234
1.43229
1.89047
1.61038
1.85504
1.67079
1.4502
1.61845
1.55056
1.68269
1.87417
1.83052
1.85636
1.6364
1.23354
1.52286
1.54461
1.73125
1.52641
1.5563
1.52618
1.31952
1.70955
1.66532
1.49994
1.57645
1.84272
1.83527
1.63368
1.46712
1.57357
1.79784
1.56778
1.51033
1.1669
1.32994
1.78116
1.58501
1.42577
1.5044
1.18475
1.60062
1.62801
1.42723
1.54322
1.34443
1.8587
1.54764
1.91393
1.74093
1.42435
1.83535
1.77846
1.78156
1.82006
1.69831
1.94483
1.73274
1.66033
1.43833
1.43016
1.71817
1.79061
1.38694
1.97942
1.47837
1.76234
1.49546
1.6523
1.83097
1.47798
1.33305
1.68367
1.40176
1.53908
1.81652
1.51622
1.58173
1.68042
1.49161
1.63261
1.61993
1.4196
1.25586
1.45312
1.58986
1.67626
1.38004
1.66433
1.7269
1.55295
1.49995
1.63999
1.51533
1.55584
1.54166
1.42438
1.46064
1.9159
1.70228
1.70591
1.76809
1.80938
1.53794
1.68037
1.50572
1.76322
1.67157
1.89185
1.6052
1.6202
1.54529
1.70016
1.49689
1.65245
1.72594
1.55354
1.37147
1.64702
1.59154
1.43467
1.60561
1.79044
1.80958
1.62592
1.82519
1.7743
1.41655
1.76781
1.60531
1.54177
1.37132
1.51695
2.01703
1.5646
1.74469
1.76462
1.60329
1.73727
1.79853
1.41665
1.72899
1.09899
1.65852
1.56788
1.67113
1.46786
1.77919
1.35497
1.80313
1.59138
1.54102
1.4992
1.55519
1.34766
1.35417
1.49562
1.26688
1.64306
1.27744
1.62151
1.81082
1.4104
1.55879
1.84444
1.57432
1.55311
1.45814
1.62757
1.5625
1.52366
1.30181
1.63663
1.62756
1.55601
1.35107
1.12457
1.83638
1.69616
1.50245
1.6027
1.72491
2.00182
1.52674
1.92749
1.4153
1.69182
1.4623
1.63972
1.76215
1.70995
1.64494
1.50237
1.72477
1.62017
1.81805
1.82936
1.74418
1.42373
1.86119
1.64297
1.47878
1.48632
1.49547
1.51107
1.71923
1.81171
1.28835
1.69582
1.3404
1.56943
1.33091
1.58828
1.68404
1.72167
1.78307
1.85333
1.37825
1.51603
1.51749
1.7133
1.59491
1.61779
1.78689
1.66976
1.87926
1.64257
1.55993
1.61803
1.37732
1.6227
1.37271
1.5547
1.75053
1.52956
1.48112
1.35746
1.50033
1.53145
1.59562
1.77911
2.00508
1.31119
1.52697
1.46335
1.76567
1.76599
1.63847
1.79275
1.83904
1.33512
1.6824
1.43859
1.88337
1.53932
1.5518
1.67438
1.57527
1.63369
1.3923
1.61007
1.20608
1.48841
1.78991
1.75736
1.62597
1.50998
1.52779
1.43657
1.45845
1.49508
1.54751
1.66977
1.68042
2.01703
1.91923
1.67507
1.56015
1.51518
1.92043
1.81313
1.49459
1.56583
1.78854
1.9319
2.01703
1.5529
1.388
1.40836
1.26873
1.431
1.43761
1.47994
1.63684
1.64686
1.50073
1.77764
1.87051
1.23763
1.7142
1.46171
1.50405
1.78695
1.67622
1.83429
1.72405
1.89946
1.41131
1.97886
1.56679
1.52751
1.66747
1.52835
1.55879
1.21276
1.38858
1.75407
1.58928
1.66281
1.52127
1.84579
1.51724
1.50133
1.62208
1.67126
1.43873
1.99135
1.79462
1.56564
1.66394
1.82635
1.52965
1.48821
1.49429
1.48064
1.64365
1.52363
1.82956
1.49095
1.63888
1.42204
1.78301
2.01703
1.63256
1.55193
1.7671
1.63809
1.8337
1.33742
1.71447
1.3169
1.67504
1.46667
1.59839
1.66083
1.36719
1.45802
1.93849
1.41383
1.51716
1.63068
1.59639
1.36987
1.52067
1.81032
1.58099
1.33862
1.57295
1.69255
1.10603
1.31351
1.46545
1.54835
1.51349
1.4425
1.80545
1.58173
1.56128
1.48897
1.40956
1.48357
1.90871
1.68502
1.72119
1.98889
1.82994
1.50536
1.67932
1.46356
1.6646
1.51217
1.81551
1.49075
1.4079
1.9085
1.74975
1.5056
1.2184
1.49913
1.65789
1.7814
1.54244
1.32667
1.65644
1.4995
1.7263
1.65199
1.62058
1.70442
1.76208
1.73355
1.6566
1.77367
1.42771
2.01703
1.49005
1.98374
1.66394
1.40214
1.55797
1.42276
1.81974
1.62456
1.5366
1.43868
1.50653
1.22733
1.4866
1.67989
1.62517
1.57232
1.89532
1.39227
1.69473
1.59794
1.26633
1.93986
1.70622
1.57619
1.42794
1.84781
1.69329
1.75146
1.5343
1.57926
1.57859
1.81196
1.66049
1.88709
1.3898
1.58162
1.47482
1.57344
1.42757
1.67553
1.48083
1.72912
1.67194
1.94675
1.30123
1.75722
1.62806
1.58097
1.69948
1.87857
1.60357
1.8796
1.99575
1.73515
1.48734
1.65075
1.5923
1.61165
1.88173
1.72624
1.44504
1.50765
1.603
1.50388
1.74342
1.43561
1.37444
1.36825
1.60807
1.48533
1.55814
1.50104
1.4047
1.77572
1.54194
1.71405
1.50573
1.87105
1.52797
1.72253
1.42364
1.62323
1.373
1.61284
1.68712
1.72661
1.72929
1.64779
1.27098
1.6831
1.59721
1.66804
1.4298
1.60702
1.69667
2.01703
1.44032
1.64955
1.38333
1.52697
1.69459
1.322
1.6738
1.54344
1.7107
1.76429
1.34471
1.55763
1.46233
1.73828
1.57323
1.59839
1.65047
1.63337
1.79335
1.76223
1.97514
1.55721
1.47467
1.75925
1.95392
1.86033
1.74354
1.5682
1.55151
1.53943
1.96676
1.73663
1.41609
1.60328
1.1966
1.39445
1.6512
1.35702
1.46733
1.46158
1.73319
1.85136
1.84193
1.63905
1.48879
1.96643
1.7504
1.82789
1.65936
1.69796
1.6859
1.53437
1.5955
1.64243
1.39568
2.00037
1.74219
1.88689
1.62757
1.77109
1.28605
1.39882
1.336
1.70451
1.97362
1.64062
2.01368
1.39183
1.66617
2.00036
1.54072
1.591
1.8098
1.75495
1.22443
1.44247
1.71585
1.9325
1.50681
1.88763
1.61854
1.60038
1.66426
1.68208
1.57847
2.01703
1.58231
1.4919
1.5218
1.61985
1.81197
2.01703
1.45948
1.55335
1.60099
1.55877
1.59658
1.75213
1.43173
1.75714
1.61094
1.53471
1.42856
1.55228
1.76022
1.94595
1.46583
1.26323
1.87775
1.7663
1.65483
1.89783
1.59207
1.67832
1.57183
1.5283
1.3694
1.51952
1.5006
1.50312
1.60596
1.75378
1.5409
1.36634
1.42001
1.20051
1.45994
1.54088
1.66369
1.3282
1.68871
1.23081
1.88175
1.39214
1.23762
1.59458
1.5981
1.70488
1.8121
1.63876
1.84126
1.72279
2.01703
1.76039
1.93818
1.23967
1.78068
1.80264
1.95016
1.7271
1.64797
1.50033
1.41049
1.15989
1.84151
1.6334
1.65002
1.68576
1.7957
1.3751
1.67948
1.54457
1.4359
1.62074
1.60266
1.70281
1.50913
1.92615
1.70011
1.78827
1.753
1.38094
1.3605
1.65888
1.61082
1.38758
1.67242
1.63042
1.61481
1.5736
1.43185
1.50505
2.01703
1.48872
1.81264
1.53227
1.37397
1.42682
1.37738
1.26216
1.57014
1.52362
1.37004
1.51835
1.30987
1.53573
1.4512
1.4528
1.51302
1.84761
1.45968
1.59578
1.67036
1.42747
1.82071
1.397
1.5094
1.50337
1.49511
1.57586
1.51971
1.58457
1.58249
1.35471
1.49501
1.61023
1.62055
1.91187
1.76616
1.86473
1.38886
1.61034
1.75832
1.72214
1.69228
1.61346
1.60891
1.36845
1.37516
1.61998
1.74925
1.84217
1.65435
1.5446
1.5198
1.44825
1.55951
1.40568
1.68606
1.78007
1.56004
1.56322
1.54957
1.40012
1.95168
2.01703
1.53939
1.44791
1.60499
1.5436
1.42877
1.59694
1.7194
1.71221
1.68772
1.5002
1.94835
1.38437
1.85593
1.77257
1.43845
1.68401
1.54257
1.56521
1.71535
1.53774
1.79765
1.49901
1.50153
1.65261
1.53908
1.71544
1.41221
1.5763
1.75729
1.60075
1.38161
1.75605
1.29502
1.38135
1.92762
1.48067
1.42113
1.93773
1.58405
1.90425
1.17553
1.61954
1.51849
1.3183
1.57709
1.71144
1.64726
1.44016
1.87741
1.39373
1.52176
1.41803
1.23472
1.68313
1.88784
1.78958
1.67702
1.87133
1.17479
1.33642
1.49688
1.79381
1.84055
1.5758
1.65666
1.58586
1.39071
1.7267
1.77353
1.39647
1.68172
1.76206
1.89043
1.75578
1.06821
1.39348
1.58214
1.84987
1.45552
1.71134
1.80392
1.46467
1.92771
1.4995
1.38556
1.55886
1.70578
1.23744
1.44728
1.78864
1.83304
1.55549
1.41484
1.64599
1.56906
1.45547
1.40731
1.75871
1.38663
1.50492
1.62051
1.662
1.66337
1.72039
1.71423
1.24601
1.7919
1.39266
1.75826
1.71072
1.74647
1.80205
1.55399
1.66157
1.47542
1.58719
1.544
1.43005
1.8951
1.34353
1.74756
1.52521
1.4521
1.247
1.56964
1.79116
1.28443
1.20995
1.56769
1.6308
1.40302
1.4447
1.52056
1.49642
1.62912
1.61551
1.65195
1.64997
1.43814
1.89119
1.58898
1.64939
1.5529
1.73605
1.55535
1.4732
1.29795
1.50134
1.16699
1.61092
1.44865
1.68483
1.65022
1.66012
1.54661
1.62987
1.6247
1.55707
1.38483
1.64504
1.3657
1.62914
1.52374
1.5865
1.47441
1.30869
1.2484
1.39071
1.66496
1.78684
1.44521
1.58251
1.37565
1.43806
1.8092
1.05699
1.76953
1.92075
1.59456
1.49866
1.4869
1.79962
1.55643
1.66349
1.74981
1.66893
1.64554
1.83797
1.4774
2.01703
1.49092
1.72621
1.47298
1.71465
1.54179
1.44502
1.41242
1.7099
1.74195
1.7558
1.6039
1.62504
1.78807
1.8744
1.50728
1.87481
1.6613
1.76768
1.63796
1.56937
1.65283
1.94459
1.31633
1.80727
1.27123
1.49762
1.33376
1.59792
1.52139
1.33443
1.60136
1.15137
1.36278
1.52638
1.47241
1.29514
1.79979
1.45257
1.5581
1.20112
1.62016
1.57593
1.03666
1.34707
1.52709
1.65602
1.80064
1.84747
1.15923
2.01703
1.53977
1.70106
1.46807
1.26871
1.61785
1.11948
1.72996
1.70889
1.52283
1.67063
1.41756
1.75899
1.37865
1.27459
1.79972
1.42677
1.65432
1.29529
1.61152
1.55075
1.43513
1.66815
1.46543
1.38392
1.53475
1.49449
1.73863
1.86442
1.45374
1.48773
1.68099
1.83257
1.36548
1.66845
1.61476
1.57692
1.73323
1.75844
1.6138
1.47586
1.5996
1.60719
1.42185
1.39129
1.33861
1.20976
1.44767
1.58662
1.71587
1.7531
1.68104
1.58439
1.61759
1.56766
1.58116
1.47917
1.23998
1.60679
1.03111
1.69289
1.41552
1.47682
1.48392
1.22129
1.85983
1.7993
1.42368
1.65996
1.36399
1.63034
1.45564
1.35906
1.64593
1.68366
1.66502
1.43192
1.08103
1.59207
1.92862
1.64265
1.77374
1.54025
1.48746
1.40363
1.58887
1.40157
1.44072
1.53036
1.58469
1.37059
1.86672
1.22671
1.60149
1.52439
1.44239
1.8696
1.81302
1.731
1.66915
1.47529
1.72931
1.52696
1.59466
1.84915
1.64126
1.29442
1.57517
1.5341
1.3289
1.61854
1.49527
1.36865
1.74408
1.37179
1.60118
1.56005
1.25899
1.60708
1.30261
1.83295
1.36149
1.44591
1.66705
1.52703
1.65763
1.74254
1.74869
1.6213
1.44818
1.29101
1.54892
1.46218
1.83831
1.60344
1.75686
1.34741
1.37137
1.41097
1.29477
1.47984
1.439
1.65857
1.52979
1.67881
1.61397
1.6987
1.5629
1.65008
1.65018
1.76242
1.64081
1.82828
1.58375
1.34204
1.61796
1.51468
1.74413
1.56992
1.58042
1.62512
1.47715
1.63135
1.48966
1.67433
1.90399
1.52159
1.53378
1.94785
1.32958
1.74851
1.53857
1.69366
2.00734
1.51489
1.63098
1.50659
1.55748
1.77966
1.67806
1.50752
1.54613
1.54055
1.61286
1.59467
1.44448
1.82298
1.5387
1.52053
1.71365
1.23572
1.1581
1.5989
1.88172
1.30677
1.6753
1.4519
1.6273
1.68338
1.69089
1.27707
1.70429
1.4204
1.4811
1.41123
1.83607
1.86945
1.37691
1.51291
1.82675
1.62559
1.54799
1.39007
1.67926
1.4426
1.55372
1.71289
1.83713
2.01703
1.51104
1.63214
1.61302
1.31074
1.59495
1.70037
1.91543
1.61091
1.73944
1.75841
1.69707
1.6615
1.63432
1.73268
1.4211
1.84358
1.596
1.37159
1.77113
1.63264
1.64426
1.39957
1.60287
1.32368
1.46442
1.76875
1.60422
1.71127
1.47564
1.36392
1.43862
1.70898
1.64079
1.73647
1.54954
1.77785
1.72154
1.49553
1.4423
1.31866
1.57318
1.60925
1.67043
1.62427
1.26271
1.60472
1.77988
1.44858
1.35019
1.73392
1.86489
1.87705
1.56849
1.59329
1.85112
1.54877
1.82064
1.81406
1.56382
1.56873
1.84024
1.71419
1.98352
1.76251
1.53228
1.33048
1.60085
1.88721
1.81994
1.35655
1.39957
1.45668
1.54999
1.96257
1.68348
1.57748
1.66565
1.57913
1.73414
1.9626
1.25202
1.61047
1.60201
1.68229
1.69823
1.66935
1.72719
1.54512
1.74279
1.55954
1.35913
1.69312
1.66471
1.82886
1.30936
1.7716
1.53402
1.54365
1.53376
1.55481
1.65035
1.57308
1.44335
1.67247
1.37578
1.2022
1.51664
1.48854
1.53733
1.31686
1.67215
1.78627
1.39161
1.96902
1.6761
1.58854
1.69001
1.38107
1.54252
1.78045
1.53504
1.33764
1.74226
1.57355
1.62519
1.73533
1.59906
1.70999
1.47092
1.55382
1.67438
1.46886
1.82089
1.52111
1.50545
1.57227
1.60939
1.54563
1.91412
1.70213
1.31535
1.64848
1.40931
1.58311
1.67334
1.61095
1.81417
1.74882
1.5202
1.80401
1.74142
1.9527
2.01703
1.44603
1.69339
1.55518
1.82042
1.4488
1.47421
1.42028
1.39883
1.30088
1.85527
1.30942
2.01703
1.52283
1.38322
1.87018
1.52074
1.35943
1.23524
1.66819
1.57355
1.77097
1.62365
1.64706
1.2947
1.27397
1.674
1.42471
1.62514
1.6994
1.91181
2.01703
1.62281
1.46139
1.89258
1.68702
1.58114
1.75391
1.45516
1.22861
1.15057
1.40445
1.50857
1.45363
1.82007
1.59557
1.23209
1.72282
1.64044
1.49051
1.91239
1.70391
1.71095
1.71704
1.24314
1.36511
1.60742
1.62014
1.60036
1.06064
1.53011
1.6827
1.80081
1.68541
1.57596
1.65902
1.81802
1.86216
1.53851
1.60961
1.46828
1.46331
1.53889
1.61072
1.55469
1.67716
1.47369
1.57748
1.48786
1.26742
2.01703
1.71933
1.17778
1.50043
1.86001
1.44811
1.70023
1.74678
1.51919
1.50141
1.72714
1.6617
1.52713
1.57796
1.35766
1.80963
1.7397
1.51906
1.36297
1.50272
1.77833
1.63298
1.62551
1.58363
1.69856
1.56604
1.5535
1.75742
1.86252
1.24517
1.63234
1.81229
1.53112
1.44751
1.20894
1.79923
1.5668
1.53148
1.4863
1.8957
1.42986
1.44692
1.73674
1.62816
1.60816
1.30035
1.7205
2.01703
1.85057
1.29613
1.63145
1.57776
1.32007
1.80924
1.63412
1.81838
1.79102
1.60164
1.5171
1.83811
1.34346
1.43376
1.77264
1.69905
1.34839
1.54056
1.39241
1.86842
1.87825
1.52219
1.65875
1.36006
1.63197
1.57276
1.81963
1.56512
1.65854
1.5162
1.79279
1.47406
1.22576
1.53352
1.56543
1.64349
1.64369
1.68922
1.33091
1.68772
1.58559
1.55626
1.56459
1.69767
1.63909
1.734
1.53104
1.69138
1.76083
1.64917
1.45294
1.71689
1.54519
1.89847
1.59318
1.31961
1.73264
1.42547
1.6223
1.47098
1.74259
1.63226
1.47389
1.53858
1.56421
1.852
1.28316
1.53766
1.82077
2.01703
1.78432
1.78042
1.67116
1.64267
1.67081
1.69175
1.26184
1.48687
1.75417
1.35325
1.55525
1.80875
1.69457
1.65356
1.57239
1.63929
1.20419
1.77101
1.73847
1.54878
1.50106
1.52872
1.36892
1.72338
1.46896
1.84125
1.86117
1.50006
1.57293
1.70276
1.97006
1.57546
1.6464
1.74095
1.58063
1.56598
1.68679
1.87698
1.3616
1.49394
1.58813
1.51678
1.54797
1.24418
1.64353
1.93455
1.59027
1.35756
1.65739
1.53976
1.48814
1.53183
1.39924
1.47116
1.70938
1.78682
1.62984
1.57997
1.50693
1.7857
1.1962
1.88354
1.43223
1.47797
1.73605
1.71448
1.35665
1.39192
1.36755
1.65604
1.64863
1.87633
1.80012
1.45407
1.50783
1.59411
1.46718
1.53026
1.32656
1.87623
1.51996
1.90464
1.36053
1.73378
1.55517
1.45325
1.75976
1.63752
1.6354
1.65251
1.54346
2.01703
1.71337
1.83509
1.13953
1.604
1.34181
1.442
1.69343
1.25586
1.6554
1.96454
1.615
1.46491
1.35392
1.75845
1.80994
1.4233
1.42542
1.69087
1.68825
1.25458
1.72615
1.58808
1.87569
1.56307
1.97193
1.56686
1.54602
1.5088
1.47794
1.5018
1.57901
1.6428
1.66812
1.70856
1.59393
1.45228
1.35452
1.53688
1.6066
1.87233
1.46227
1.39135
1.73461
1.68644
1.64525
1.39747
1.69984
1.80481
1.69095
1.45951
1.90316
1.51763
1.22424
1.43837
1.62569
1.43866
1.59254
1.55219
1.56087
1.38262
1.83671
1.26608
1.51396
1.83479
1.8936
1.59379
1.44356
1.52222
1.66008
1.77391
1.51763
1.24011
1.60889
1.54916
1.49519
1.54151
1.7213
1.90507
1.81047
1.91287
1.48024
1.64383
1.75435
1.48174
1.41535
1.67914
1.6362
1.67622
1.66849
1.58064
1.62681
1.52461
1.50672
1.54418
1.77347
1.51919
1.62833
1.54352
1.59737
1.73285
1.445
1.64955
1.40767
1.66767
1.96248
1.51596
1.59477
1.53413
1.72504
1.56865
1.59539
1.46304
1.65233
1.30942
1.31092
1.65897
1.46094
1.69186
1.7742
1.87105
1.38063
1.87567
1.44223
1.83649
1.6097
1.57773
1.79022
1.34375
1.53909
1.70403
1.71402
1.57147
1.49448
1.6268
1.6529
1.72451
1.4728
1.83383
2.01703
1.24362
1.3883
1.91001
1.6094
1.4517
1.4203
1.41011
1.36653
1.15162
1.65514
1.34573
1.84217
1.45448
1.52703
1.2611
1.81213
1.76288
1.70149
1.67196
1.43092
1.38225
1.48787
1.68306
1.72908
1.80187
1.70358
1.79066
1.77091
1.6177
1.35099
1.556
1.69838
1.70735
1.47476
1.48691
1.4139
1.69217
1.6417
1.49566
1.525
1.43634
1.65431
1.64032
1.7564
1.52371
1.17902
1.54705
1.75974
1.73245
1.78729
1.69129
1.50263
1.54447
1.5808
1.44778
1.5673
1.4685
1.76022
1.58087
1.66842
1.88879
1.74873
1.51643
1.79702
1.52816
1.58628
1.42225
1.43555
1.8541
2.01703
1.64119
1.61015
1.79638
1.55889
2.01589
1.66723
1.89484
1.66404
1.53261
1.54207
1.67284
1.16893
1.84502
1.43535
1.67529
1.5822
1.5124
1.79352
1.62098
1.45748
1.63068
1.22818
1.81158
1.50745
1.44824
1.53402
1.63277
1.44632
1.93556
1.60521
1.54493
1.50445
1.4989
1.51363
1.87059
1.51841
1.79811
1.45806
1.62983
1.26964
1.59914
1.73802
1.40611
1.6403
1.59103
1.74306
1.74865
1.45577
1.74041
1.8363
1.5162
1.70851
1.64585
1.6127
1.71438
1.70746
1.59371
1.46388
1.41483
1.57621
1.68275
1.54508
1.82862
1.54657
1.69981
1.75032
1.36546
1.5537
1.67175
1.58128
1.56132
1.7397
1.66725
1.44373
1.94596
1.45237
1.67438
1.32793
1.48196
1.21707
1.26025
1.59765
1.55607
1.73367
1.87565
1.35872
1.79258
1.48381
1.46787
1.69989
1.29225
1.58182
1.45874
1.19641
1.44896
1.59565
1.31225
1.47855
1.71827
1.42096
1.20776
1.69702
1.83157
1.49393
1.81219
1.51729
1.57462
1.64648
1.50156
1.36983
1.11516
1.30888
1.70455
1.36084
1.90343
1.77023
1.82351
1.38909
1.55283
1.71415
1.43962
1.27282
1.563
1.74303
1.40132
1.68745
1.59954
1.77816
1.78701
1.89172
1.57362
1.59748
1.45541
1.65767
1.21064
1.45414
1.4613
1.46526
1.67668
1.66693
1.66133
1.61741
1.40304
1.81015
1.76521
1.64819
1.53128
1.70668
1.47896
1.78277
1.68944
1.42352
1.31914
1.65014
1.4758
1.74383
1.60369
1.17818
1.81857
1.75206
1.44282
1.32507
1.54544
1.81313
1.70032
1.75375
1.80304
1.39406
1.44172
1.58469
1.77497
1.44303
1.30966
1.31912
1.71105
1.46149
1.72288
1.49563
1.67025
1.67071
1.40551
1.54999
1.27147
1.66015
1.56071
1.7377
1.5941
1.51488
1.22864
1.35759
2.01703
1.46843
1.86011
1.44885
1.2857
1.61581
1.67712
1.48578
1.58763
1.75988
1.42615
1.40543
1.60119
1.66342
1.64711
1.6616
1.73651
1.75436
1.5649
1.64241
1.74835
1.91317
1.91744
1.71928
1.60267
1.21661
1.83474
1.60199
1.51983
1.62287
1.52003
1.69777
1.63571
1.79044
1.34065
1.59269
1.36527
1.80932
1.50973
1.74072
1.52483
1.9093
1.50679
1.55092
1.56242
1.38688
1.57698
1.43229
1.46051
1.60031
1.65122
1.89994
2.00917
1.49557
1.3097
1.68586
1.428
1.52045
1.41668
1.75543
1.43918
1.85601
1.79764
1.39891
1.63793
1.60266
1.81823
1.70236
1.36097
1.31801
1.62977
1.73428
1.42455
1.62235
1.89775
1.59414
1.65783
1.66564
1.70501
1.79335
1.61889
1.49073
1.78109
1.81272
1.46338
1.62636
1.65723
1.61322
1.42905
1.4271
1.60925
1.42352
1.40719
1.36788
1.27126
1.4792
1.45351
1.57162
1.59482
1.51973
1.38718
1.5336
1.77605
1.54782
1.42475
1.75498
1.98021
1.50335
1.52028
1.58031
1.60048
1.41469
1.60692
1.72209
1.85672
1.67058
1.7685
1.83052
1.28653
1.82003
1.53768
1.18178
1.44061
1.88444
1.79135
1.39109
1.42725
1.47521
1.52781
1.48684
1.29145
1.36662
1.36561
1.45412
1.39799
1.66104
1.62121
1.31603
1.61332
1.66137
1.27193
1.7424
1.38177
1.28408
1.55208
1.54403
1.75807
1.80776
2.01703
1.75618
1.62036
1.7653
1.39207
1.51138
1.53013
2.01703
1.67863
1.89414
1.64631
1.56404
1.58595
1.69009
1.78933
1.69558
1.41663
1.58276
1.61458
1.58328
1.34138
1.59093
1.86691
2.01254
1.74702
1.65
1.45386
1.59103
1.92116
1.95971
1.37928
1.62287
1.6247
1.63061
1.47065
1.66535
1.60901
1.6085
1.71988
1.95071
1.51812
1.43599
2.01703
1.64442
1.3832
1.49853
1.30697
1.49092
1.61698
1.44518
1.62893
1.42056
1.53169
1.49246
1.35781
1.74377
1.6751
1.73753
1.70493
1.56387
1.46844
1.45956
1.63342
1.53867
1.54675
1.52866
1.55823
1.69997
1.56368
1.98786
1.31376
1.46532
1.65113
1.52348
1.48281
1.75534
1.79293
1.62845
1.56249
1.51239
1.70006
1.67502
1.86687
1.55769
1.64801
1.33632
1.73539
1.90017
1.34797
1.40054
1.36453
1.87004
1.27734
1.41315
1.52191
1.35306
1.33968
1.81909
1.30755
1.55191
1.56281
1.65176
1.57435
1.5632
1.12976
1.66673
1.54265
1.76176
1.57347
1.094
1.60227
1.8841
1.74505
1.53239
1.89639
1.2851
1.70579
1.94083
1.73658
1.4856
1.55402
1.72911
1.61408
1.37387
1.27339
1.68114
1.70402
1.78332
1.7495
1.53815
1.86158
1.54409
1.47473
1.82904
1.81496
1.66696
1.6804
1.65594
1.59353
1.46125
1.76339
1.74808
1.35854
1.38136
1.72093
1.38808
1.87662
1.88883
1.39034
1.48636
1.62406
1.47855
1.58309
1.35438
1.79512
1.787
1.3487
1.63996
1.63958
1.44064
1.57494
1.74116
1.5724
1.79304
1.20379
1.47525
1.96803
1.65021
1.58333
1.60269
1.53064
1.75389
1.07775
1.6517
1.77078
1.30313
1.84935
1.58147
1.74496
1.60668
1.81371
1.42862
1.77837
1.54866
1.88223
1.80868
1.86588
1.40356
1.52173
1.89141
1.66876
1.87273
1.50927
1.48696
1.40876
1.79319
1.71863
1.58972
1.50323
1.85909
1.54777
1.63826
1.63497
1.76974
1.42376
1.74999
1.53534
1.38212
1.23073
1.59105
1.50415
1.46218
1.98254
1.71503
1.58282
1.59966
1.23344
1.53782
1.70656
1.65713
1.74717
1.83793
1.36304
1.75887
1.77206
1.57104
1.80407
1.57172
1.54533
1.31298
1.52015
1.66965
1.60256
1.54894
1.70776
1.62517
1.68389
1.5267
1.40751
1.52556
1.52018
1.2659
1.73071
1.70364
1.6297
1.60289
1.60354
1.78568
1.72855
1.81851
1.57615
1.6633
1.48287
1.57195
1.58789
1.75984
1.58381
1.32555
1.61146
1.46034
1.71403
1.62451
1.41906
1.69964
1.22272
1.44857
1.63278
1.6769
1.74781
1.39782
1.3521
1.52149
1.64054
1.49944
1.48627
1.64362
1.41329
1.44589
1.76519
1.70284
1.80926
1.67662
1.85549
1.534
1.67509
1.88894
1.60932
1.52925
1.7476
1.67416
2.01703
1.54753
1.80323
1.64085
1.90805
1.5046
1.51532
1.41064
1.44339
1.84883
1.55927
1.37066
1.67409
1.30976
1.63747
1.7534
1.59672
1.33731
1.78683
1.56275
1.61346
1.24051
1.37254
1.6959
1.57122
1.59799
1.95868
1.40554
1.57167
1.35869
1.58844
1.83589
1.56724
1.53101
1.40175
1.59478
1.42434
1.69539
1.53254
1.57953
1.67994
1.53012
1.56079
1.83671
1.66241
1.81625
1.79733
1.68908
1.50114
1.87689
1.61947
1.33635
1.68529
1.55745
1.64154
1.48469
1.57403
1.52892
1.76092
1.58956
1.92552
1.93023
1.51897
1.59937
1.76817
1.52432
1.47794
1.3401
1.72633
1.72175
1.63793
1.65663
1.0686
1.40717
1.1959
1.54981
1.53585
1.4095
1.42109
1.68142
1.77705
1.45079
1.67411
1.51328
1.87446
1.58242
1.79144
1.60077
1.61946
1.60441
1.7859
1.4212
1.60618
1.4522
1.70638
1.64173
1.54082
1.60189
1.60767
1.77234
1.83822
1.55482
1.7911
1.91226
1.69616
1.63154
1.49618
1.46608
1.58421
1.67865
1.87575
1.57706
1.51842
1.42679
2.0104
2.0157
1.53931
1.89696
1.64631
1.34478
1.54968
1.63355
1.48071
1.59294
1.81561
1.36711
1.18253
1.51515
1.93254
1.41083
1.44553
1.72516
1.67003
1.84982
1.89242
1.74935
1.4439
1.49668
1.40275
1.84475
1.80104
1.38464
1.45213
1.45497
1.63
1.52255
1.61398
1.61021
1.41636
1.69931
1.81211
1.29711
1.88388
1.37282
1.81879
1.53371
1.52431
1.62937
1.60423
1.39168
1.75133
1.79711
1.51656
1.29749
1.5022
1.51555
1.57998
1.67047
1.60246
1.72989
1.92709
1.51188
1.34827
2.01703
1.6716
1.60925
1.42757
1.70525
1.74375
1.49012
1.76999
1.53185
1.66364
1.37695
1.88514
1.71799
1.63077
1.27515
1.5628
1.65503
1.60942
1.59485
1.67871
1.25591
1.73071
1.62883
1.52238
1.76512
1.83958
1.7159
1.6565
1.63413
1.6664
1.4735
1.55232
1.76077
1.47244
1.88085
1.49232
1.72204
1.89117
1.59131
1.33332
1.73418
1.38848
1.75085
1.67468
1.30032
1.2125
2.01703
1.56027
1.47471
1.53916
1.58968
1.79035
1.64416
1.44901
1.76403
1.67789
1.5575
1.30881
1.55053
1.89667
1.56859
1.18574
1.6223
1.60369
1.65222
1.66254
1.60343
1.61607
1.77123
1.52334
1.55218
1.81177
1.5765
1.51174
1.46639
1.70561
1.48919
1.54269
1.37642
1.57248
1.44755
1.37893
1.78158
1.70082
1.53408
1.43812
1.30086
1.57676
1.59525
1.77501
1.76395
1.53816
1.7891
1.69637
1.65801
1.31894
1.44343
1.64967
1.72239
1.58018
1.60732
1.94424
1.63407
1.60432
1.57031
1.58324
1.6233
1.50747
1.62388
1.40377
1.70889
1.39406
1.45658
1.60206
1.42674
1.72607
1.5807
1.64354
1.48109
1.54431
1.68057
1.55629
1.69299
1.56323
1.98966
1.86351
1.50776
1.56612
1.60197
1.36101
1.53579
1.58787
1.21992
1.43378
1.74541
1.75321
1.63693
1.79938
1.52597
1.55928
1.43932
1.36732
1.6877
1.78826
1.36324
1.72876
1.79443
1.37846
1.48765
1.46819
1.67166
1.65267
1.95167
1.49423
1.60379
1.67225
1.64995
1.84011
1.45069
1.487
1.75211
2.00266
1.39852
1.35613
1.63505
1.56724
1.37033
1.87364
2.00477
0.83513
1.35762
1.69842
1.7343
1.44666
1.69265
1.39319
1.6542
1.76435
1.68795
1.47121
1.70423
1.7575
1.30938
1.43191
1.64405
1.42011
1.6857
1.34209
1.43331
1.60728
1.44346
1.66667
1.66314
1.40739
1.70009
1.73252
1.55905
1.61595
1.94914
1.42915
1.92674
1.67966
2.01703
1.39523
1.50916
1.56839
1.71679
1.67798
1.72931
1.66213
1.88901
1.64633
1.68551
1.70254
1.62177
1.37171
1.63404
1.49328
1.29776
1.59584
1.69406
1.70742
1.52405
1.75664
1.56399
1.69424
1.75038
1.63714
1.66043
1.67942
1.95131
1.84593
1.03364
1.57722
1.41442
1.49517
1.74971
1.71435
1.63385
1.66528
1.94195
1.67901
1.43846
1.69033
1.45541
1.85371
1.69956
1.68709
1.56981
1.33066
1.46743
1.47574
1.4181
1.49396
1.64666
1.88813
1.61946
1.53878
1.73881
1.86048
1.41
1.6686
1.54814
1.70725
1.58117
1.50183
1.70107
1.57034
1.32086
1.86733
1.58734
1.52373
1.68052
1.35808
1.58679
1.68443
1.59898
1.58728
1.78734
1.67993
1.72191
1.50328
1.64309
1.41638
1.6982
1.71864
1.39768
1.43664
1.64718
1.65546
1.73125
1.46663
1.64388
1.37744
1.64059
1.62561
1.44959
1.67267
1.46493
1.32174
1.47122
1.49788
1.74521
1.55801
1.35027
1.44155
1.54548
1.64445
1.65539
1.54827
1.54004
1.64706
1.7408
1.54059
1.52892
1.64703
1.66867
1.67853
1.51105
1.46456
1.60758
1.59398
1.70394
1.96167
1.52519
1.63133
1.51322
1.62503
1.60241
1.92311
1.09732
1.39045
1.81068
1.68827
1.62179
1.74079
1.6647
1.44435
1.81933
1.81041
1.54172
1.54322
1.438
1.74916
1.23826
1.47766
1.64375
1.67732
1.64416
1.53885
1.96344
1.83287
1.38785
1.78658
1.62112
1.286
1.71822
1.67171
1.11925
1.39225
1.50192
1.48794
1.63404
1.53567
1.57251
1.89546
1.69881
1.47091
1.63514
1.71868
1.64933
1.63756
1.52333
1.60537
1.70745
1.63703
1.66179
1.34052
1.56488
1.59365
1.54934
1.99005
1.68664
1.73578
1.52172
1.79933
1.56312
1.32293
1.51423
1.85694
1.22762
1.51165
1.61031
1.54985
1.28917
1.65034
1.57273
1.40592
1.38181
1.67619
1.49314
1.72706
1.57608
1.86992
1.40099
1.48634
1.44579
1.6011
1.31957
1.47009
1.71935
1.4382
1.77155
1.68313
1.48239
1.24257
1.59408
1.82694
1.51692
1.77588
1.61636
1.72393
1.43985
1.47603
1.66366
1.93387
1.40214
1.59984
1.5751
1.54081
1.36156
1.44881
1.8928
1.62396
1.53916
1.44704
1.56888
1.65689
1.6038
1.34826
1.62919
1.68287
1.75337
1.61268
1.75919
1.35728
1.78636
1.69321
1.61079
1.7466
1.60951
1.45625
1.87607
1.61013
1.876
1.5656
1.48104
1.76452
1.67512
1.29948
1.84231
1.60298
1.58947
1.68274
1.67197
1.40666
1.44426
1.66814
1.53611
1.75194
1.77513
1.45228
1.31655
1.42732
1.68425
1.6791
1.47168
1.94952
1.61735
1.90322
1.47811
1.79672
1.43874
1.45657
1.54069
1.8423
1.68042
1.68286
1.59198
1.83353
1.35073
1.94742
1.79397
1.55432
1.65254
1.89063
1.79876
1.7671
1.74815
1.54647
1.46163
1.45139
1.89203
1.67545
1.77279
1.72912
1.91596
1.39438
1.4771
1.78359
1.52533
1.70265
1.46652
1.52995
1.26789
1.56336
1.72227
1.39092
1.40857
1.39344
1.49202
1.79043
1.59598
1.57865
1.72148
1.62619
1.56549
1.5813
1.64132
1.85049
1.71422
1.56752
1.55288
1.67449
1.24575
1.35965
1.62062
1.42336
1.29365
1.40913
1.49168
1.49779
1.75493
1.42277
1.59432
1.70044
1.65292
1.56695
1.4631
1.66673
1.61228
1.52395
1.38046
1.59316
1.63281
1.41474
1.34972
1.61779
1.66748
1.72669
1.74388
1.31491
1.62129
1.81474
1.83472
1.53853
1.55643
1.58721
1.69013
1.81868
1.34847
1.79277
1.33522
1.80096
1.41886
1.33848
1.78929
1.51305
1.48518
1.47178
1.4904
1.73282
1.39808
1.76116
1.59731
1.2971
1.54941
1.48102
1.66672
1.62789
1.8838
1.47857
1.91483
1.39509
1.61269
1.6291
1.63062
1.60303
1.60124
1.56904
1.60153
1.40624
1.30212
1.36297
1.29835
1.63638
1.84371
1.24825
1.59314
1.35573
1.83064
1.49325
1.6427
1.63251
1.46181
1.41811
1.41489
1.61437
1.73017
1.44962
1.58506
1.80044
1.56676
1.32045
2.01703
1.27998
1.1493
1.82749
1.4962
1.83655
1.6363
1.2569
1.52995
1.52041
1.45907
1.61922
1.81586
1.50261
1.80097
1.43526
1.71459
1.60328
1.53003
1.6482
1.9323
1.25514
1.60154
1.77322
1.55315
1.20997
1.46804
1.39422
1.80806
1.63632
1.82723
1.46472
1.41098
1.54383
1.60621
1.3225
1.76148
1.68523
1.69024
1.7902
1.55988
1.5781
1.35145
1.76535
1.31198
1.77899
1.69707
1.57306
1.46975
1.33802
1.44402
1.62459
1.63201
1.62706
1.48058
1.68882
1.29414
1.36681
1.83338
1.4752
1.55362
1.66714
1.90203
1.85235
1.54519
1.37013
1.7108
1.56998
1.72769
1.40402
1.54024
1.86495
1.43975
1.80162
1.54975
1.45167
1.35677
1.4915
1.67137
1.62163
1.74659
1.69105
1.27212
1.78792
1.53274
1.47455
1.51828
1.42506
1.3787
1.61178
1.6085
1.52152
1.49818
1.72175
1.60854
1.44008
1.59399
1.83881
1.74388
1.43274
1.45269
1.59874
1.39856
1.64549
1.17777
1.16975
1.65483
1.71033
1.87568
1.59099
1.34397
1.42628
1.43304
1.62462
1.74667
1.33487
1.26965
1.46988
1.29812
1.58329
1.52514
1.82168
1.91872
1.76106
1.89287
1.74916
1.52942
1.58835
1.46877
1.47053
1.48286
1.55356
1.67717
1.41579
1.45202
1.57522
1.61875
1.72565
1.95945
1.87457
1.80331
1.68711
1.6237
1.62124
1.65587
1.47333
1.6131
1.6191
1.77251
1.57914
1.61696
1.35292
1.84961
1.39032
1.68186
1.53168
1.38597
1.59575
1.50558
1.56878
1.3793
1.67719
1.41732
1.60284
1.56917
1.74924
1.73977
1.84148
1.50494
1.37696
1.54406
1.90097
1.39099
1.41161
1.58749
1.34959
1.62824
1.60465
1.80102
1.44786
1.69505
1.51824
1.2898
1.58711
1.58629
1.5955
1.58139
1.57163
1.50596
1.45661
1.52543
1.53428
1.51978
1.75121
1.52705
1.62227
1.66976
1.62091
1.53226
1.71173
1.47095
1.49335
1.32635
1.6099
1.43772
1.37228
1.82341
1.68474
1.52156
1.56847
1.62527
1.63264
1.74051
1.63024
1.67909
1.61245
1.47549
1.78912
1.58118
1.69061
1.72031
1.87766
1.41587
1.59742
1.47692
1.63058
1.37638
1.85714
1.58264
1.50152
1.4937
1.87658
1.65495
1.49804
1.56048
1.61252
1.48174
1.56376
1.45694
1.68937
1.64134
1.44959
1.48686
1.56086
1.69932
1.64239
1.43497
1.6414
1.67873
1.4991
1.48332
1.7924
1.44044
1.63271
1.51202
1.30582
1.65867
1.7695
1.90379
1.65325
1.65861
1.43789
1.40431
1.88214
1.72194
1.48014
1.69006
1.52971
1.86201
1.53242
1.58761
2.01703
1.5423
1.82951
1.43017
1.61137
1.63624
1.55314
1.3428
1.55336
1.17406
1.42985
1.81432
1.48285
1.51429
1.70932
1.25414
1.66699
1.67142
1.63786
1.37896
1.61266
1.49879
1.66216
1.5209
1.51384
1.35916
1.74709
1.35862
1.7986
1.59693
1.51343
1.52588
1.50377
1.20243
1.69415
1.70194
1.5988
1.74049
1.64245
1.46638
1.57877
1.79603
1.37513
1.66422
1.57091
1.60232
1.81089
1.77873
1.4855
1.6534
1.52877
1.81604
1.40527
1.69603
1.6637
1.32588
1.43542
1.73768
1.58275
1.88547
1.40531
1.58481
0.967054
1.33615
1.6444
1.75698
1.31591
1.78027
1.53168
1.74877
1.68755
1.50891
1.44123
1.52335
1.86742
1.79697
1.8692
1.66401
1.96308
1.52782
1.45715
1.51851
1.68175
1.61559
1.73992
1.48184
1.18346
1.50917
1.54795
1.66457
1.73252
1.96883
1.73521
1.48295
1.49691
1.5653
1.73391
1.58024
1.52791
1.52991
1.48155
1.53821
1.52937
1.51342
1.31432
1.63168
1.87955
1.6827
1.26957
1.9059
1.98182
1.70839
1.6503
1.66824
1.71105
1.77933
1.65938
1.3429
1.66454
1.33152
1.74958
1.75784
1.56685
1.75019
1.58544
1.55332
1.94612
1.87869
1.88622
1.36397
1.72383
1.50008
1.71737
1.65447
1.54656
1.42791
1.37879
1.69756
1.5954
1.65495
1.56412
1.4577
1.50715
1.69015
1.85702
1.58439
1.75596
1.77206
1.81281
1.31835
1.56496
1.39306
1.47385
1.67022
1.45008
1.28719
1.81956
1.39114
1.59358
1.76108
1.93846
1.93858
1.77549
1.19394
1.4322
1.42373
1.76539
1.4213
1.36103
1.58608
1.57828
1.68482
1.4345
1.66647
1.5556
1.26511
1.54359
1.58039
1.81105
1.51291
1.63198
1.50291
1.54981
1.44551
1.26841
1.75812
1.81969
1.47945
1.39852
1.79124
1.77983
1.41362
1.51919
1.6423
1.33847
1.6035
1.41316
1.50998
1.33767
1.4935
1.50057
1.4038
1.63297
1.62218
1.44108
1.23217
1.53248
1.61473
1.75052
1.56636
1.48337
1.17751
1.71685
1.534
1.60358
1.88218
1.88763
1.30047
1.4611
1.59049
1.80776
1.80929
1.70752
1.64375
1.60242
1.5219
1.59981
1.54535
1.26823
1.69138
1.63772
1.59193
1.57379
1.59903
1.36057
1.83084
1.38045
1.38383
1.8972
1.89771
1.72864
1.59025
1.35555
2.01703
1.59757
1.46537
1.68121
1.7991
1.3282
1.46372
1.31708
1.99914
1.52938
1.57609
1.42068
1.95986
1.55675
1.52262
1.63375
1.40238
1.81032
1.56154
1.43454
1.77072
1.35092
1.80189
1.49899
1.57134
1.77067
1.67387
1.48978
1.61077
1.58311
1.68311
1.36314
1.59978
1.60932
1.63659
1.32529
1.60581
1.28778
1.67922
1.48604
1.43911
1.8358
1.82211
1.87445
1.39062
1.7045
1.45764
1.67919
1.62276
1.41867
1.38859
1.67449
1.81622
1.49222
1.9594
1.64204
1.35901
1.64585
1.45059
1.8624
1.29229
1.47542
1.37216
1.61413
1.43467
1.55414
1.57971
1.54387
1.64939
1.63258
2.01703
1.50652
1.54395
1.73616
1.2613
1.63774
1.52108
1.52741
1.70696
1.62174
1.79927
1.50136
1.75228
1.33948
1.61698
1.20721
1.30896
1.39063
1.80522
1.48458
1.8184
1.56666
1.56693
1.55247
1.77522
1.43755
1.50998
1.49417
1.62454
1.86223
1.63765
1.56394
1.16834
1.24264
1.60197
1.45789
2.01703
1.68708
1.69735
1.50849
1.64462
1.62326
1.08241
1.22955
1.30124
2.00099
1.51373
1.92239
1.42443
1.19935
1.43281
1.70615
1.59526
1.66026
1.68308
1.69166
1.83219
1.74333
1.76399
1.53278
1.62716
1.67432
1.51834
1.67636
1.58682
1.53139
1.29055
1.3343
1.95434
1.42712
1.59251
1.77925
1.64147
1.4658
1.4833
1.39518
1.32097
1.723
1.76098
1.62869
1.15721
1.33058
1.46146
1.7934
1.38611
1.69252
1.67622
1.58165
1.47057
1.6289
1.83002
1.43417
1.86173
1.65467
1.82556
1.55441
1.56814
1.4388
1.75883
1.6598
1.64506
1.72196
1.43201
1.69189
1.41951
1.57764
1.62466
1.73996
1.37428
1.25613
1.69378
1.59085
1.58208
1.31824
1.58873
1.63676
1.50514
1.15449
1.42895
1.60089
1.54135
1.67669
1.5323
1.40161
1.66409
1.62899
1.84684
1.42228
1.76574
1.35813
1.60263
1.76126
1.51607
1.67199
1.51374
1.37909
1.7898
1.44203
1.78143
1.71115
1.5051
1.78797
1.2999
1.89193
1.88876
1.30939
1.69753
1.608
1.66317
1.38925
1.70408
1.2092
1.35311
1.57954
1.58069
1.60152
1.74122
2.01703
1.4276
1.30013
1.6729
1.7281
1.43537
1.48812
1.61101
1.63203
1.75705
1.63089
1.77802
1.4398
1.67389
1.40113
1.53745
1.39873
1.5195
1.47859
1.66909
1.67174
1.76713
1.95391
1.69025
1.77231
1.31758
1.69409
1.72139
1.50392
1.42817
1.32966
1.21112
1.62606
1.66236
1.68084
1.55102
1.65089
1.45939
1.57836
1.4313
1.50572
1.68285
1.77706
1.65947
1.59049
1.75869
1.66834
1.14581
1.56233
1.78115
1.65543
1.61727
1.65077
1.67455
1.34174
1.54607
1.38544
1.56544
1.69288
1.80703
1.39591
1.60598
1.57858
1.72488
1.50861
1.5301
1.90055
1.77
1.97127
1.28169
1.3504
1.4383
1.79834
1.85668
1.779
1.83627
1.70231
1.58341
1.57221
1.43328
1.65574
1.57506
1.78426
1.55544
1.78024
1.44792
1.84041
1.94166
1.69092
1.41842
1.51724
1.67471
1.61584
1.55246
1.48248
1.27902
1.98146
1.7314
1.69721
1.83782
1.49988
1.39012
1.70753
1.85918
1.65044
1.75213
1.5794
1.61614
1.48249
1.55029
1.39074
1.37428
1.62929
1.63825
1.69657
1.49374
1.4893
1.87303
1.57434
1.70708
1.66688
1.32124
1.65391
1.82096
1.98353
1.96153
1.77787
1.7966
1.579
1.68152
1.81758
1.69314
1.63526
1.77802
1.48677
1.53403
1.52125
1.51691
1.5855
1.07442
1.76746
1.22095
1.6639
1.67073
1.64394
1.59762
1.77276
1.8753
1.72926
1.31407
1.6191
1.57362
1.70804
1.55817
1.23218
1.51206
1.67235
1.76584
1.66577
1.66788
1.23793
1.64669
1.25381
1.69014
1.70552
1.5471
1.67163
1.79244
1.36029
1.68279
1.57051
1.54319
1.54716
1.48525
1.36503
1.67415
1.91629
1.74321
1.68295
1.58393
1.46589
1.57665
1.76505
1.86946
1.99785
1.39951
1.51417
1.28497
1.36069
1.74911
1.5722
1.75408
1.71185
1.41272
1.7153
1.52485
1.21993
1.34939
1.71636
1.30551
1.47833
1.50861
1.28143
1.46214
1.43721
1.61119
2.00833
1.68535
1.70295
1.39908
1.22683
1.77856
1.47076
1.67527
1.64874
1.72583
1.42963
1.51932
1.62946
1.50934
1.25685
1.51415
1.57704
1.60732
1.74053
1.99829
1.47488
1.79406
1.48917
1.36532
1.6892
1.59939
1.38874
1.83034
1.36323
1.39898
1.67491
1.41545
1.63234
1.84198
1.588
1.56844
1.45645
1.67717
1.80147
1.67376
1.16004
2.01703
1.66004
1.28769
1.71562
1.70557
1.55646
1.66501
1.67943
1.89856
1.37194
1.90261
1.67603
1.97923
1.56323
1.57897
1.68903
1.55599
1.83324
1.6979
1.92175
1.65054
1.59535
1.56534
2.01703
1.44108
1.48871
1.90183
1.66442
1.55254
1.80962
1.65818
1.41096
1.65684
1.65778
1.778
1.63825
1.47089
1.33267
1.81416
1.77445
1.49854
1.44191
1.48361
1.94024
1.63431
1.58273
1.23479
1.60037
1.84547
1.80249
1.91454
1.73726
1.90835
1.76731
1.80267
1.29368
1.45453
1.74287
1.63997
1.57356
1.51976
1.69852
1.47157
1.2176
1.55343
1.29013
1.60274
1.41845
1.79342
1.58725
1.88655
1.42427
1.67347
1.43705
1.75645
1.42699
1.7888
1.42693
1.52478
1.42163
1.67643
1.83908
1.35531
1.76318
1.84923
1.36529
1.82445
1.72584
1.73913
1.68714
1.86923
1.62437
1.67474
1.68243
1.4039
1.34215
1.58557
1.57785
1.45067
1.88826
1.66279
1.54323
1.52641
1.71795
1.27393
2.0091
1.62112
1.63005
1.78863
1.55918
1.89987
1.26319
1.77919
1.41867
1.55216
1.54167
1.87397
1.36937
1.77702
1.65842
1.75889
1.49563
1.61803
1.97993
1.99687
1.45656
1.72743
1.5835
1.5717
1.52182
1.71883
1.47367
1.32321
1.56279
1.34368
1.57097
1.58832
1.5721
1.27342
1.9216
1.52293
2.01703
1.37651
1.65721
1.59023
1.74995
1.62812
1.68525
1.41351
1.55657
1.76381
1.8141
1.28268
1.64944
1.50959
1.39902
1.77546
1.6263
1.38901
1.77045
1.73086
1.77308
1.4598
1.45013
1.80936
1.85452
1.41835
1.66521
1.39052
1.58042
1.74612
1.92518
1.49447
1.66973
1.48937
1.53426
1.64314
1.74243
1.7249
1.42587
1.39626
1.59348
1.58476
1.41019
1.56044
1.81805
1.49141
1.54832
1.46471
1.10025
1.37967
1.4891
1.6556
1.42134
1.52726
1.47367
1.70803
1.5932
1.65256
1.7364
1.69702
1.20988
1.56165
1.89144
1.48456
1.32309
1.76642
1.73574
1.52829
1.74916
1.46608
1.94067
1.4392
1.29146
1.51581
1.75784
1.6481
1.1124
1.66877
1.43509
1.44963
1.42776
1.57802
1.87999
1.31096
2.01703
1.63899
1.32258
1.65697
1.76924
1.62988
1.37882
1.79495
1.39895
1.70373
1.40014
1.65497
1.73485
1.28911
1.43735
1.4164
1.9153
1.49127
1.70654
1.52042
1.41828
1.05793
1.49842
1.54207
1.39895
1.40189
1.59247
1.69091
1.57036
1.48889
1.82087
1.53431
1.88358
1.78379
1.39524
1.52427
1.39074
1.80626
1.79726
1.63582
1.3693
1.5692
1.38433
1.40461
1.46618
1.57755
1.57047
1.35748
1.75175
1.63958
1.72134
1.41561
1.50145
1.78991
1.51866
1.51102
1.69321
1.48341
1.5967
1.55882
1.69117
1.29331
1.79051
1.59441
1.58882
1.47623
1.70188
1.65031
1.344
1.65631
1.39643
1.48362
1.64335
1.47107
1.31158
1.75111
1.86644
1.7584
1.60507
1.74536
1.56852
1.58354
1.67856
1.80076
1.48061
1.24581
1.08788
1.78753
1.71669
1.78725
1.60881
1.65754
1.41498
1.54311
1.83899
1.39158
1.43189
1.56044
1.7792
2.00168
1.24959
1.53844
1.67074
1.59112
1.39283
1.43595
1.44222
1.81043
1.44077
1.52892
1.43667
1.44098
1.43603
2.01543
1.55006
1.73055
1.69383
1.33065
1.4717
1.62088
1.60441
1.62983
1.62601
1.72943
1.67082
1.94853
1.46185
1.63157
1.72145
1.62725
1.57811
1.77395
1.45126
1.29657
1.45993
1.34882
1.63317
1.78035
1.72203
1.52858
1.42881
1.64676
1.63665
1.45393
1.51357
1.86431
1.51356
1.23912
1.93208
1.67056
1.62353
1.66332
1.84325
1.67875
1.80863
1.85308
1.37639
1.49187
1.75516
1.36425
1.43415
1.75227
1.61214
1.44474
1.52727
1.57326
1.76404
1.66078
1.43373
1.85402
1.31016
1.68988
1.00224
1.72361
1.55193
1.67902
1.60863
1.65047
1.79111
1.66497
1.66176
1.1982
1.76799
1.44355
1.80605
1.75476
1.97904
1.95137
1.82915
1.58039
1.6519
1.36328
1.76188
1.39664
1.82607
1.3628
1.61713
1.55046
1.61826
1.37198
1.8919
1.78961
1.65944
1.42132
1.82427
1.5749
1.49404
1.43519
1.54041
1.56378
1.68031
1.39029
1.4368
1.29208
1.66677
1.67477
1.42705
1.52873
1.75836
1.77866
2.01703
1.67123
1.45699
1.83755
1.63287
1.59447
2.01703
1.62014
1.46367
1.77092
1.52352
1.69044
1.5124
1.27289
1.57983
1.36164
1.64119
1.79213
1.51456
1.39623
1.54907
1.70625
1.48208
1.62944
1.44898
1.77752
1.65202
1.83372
1.82345
1.59327
1.62404
1.71268
1.57311
1.19726
1.43515
1.53135
1.50662
1.57723
1.64129
1.57534
1.42926
1.07121
1.41312
1.62803
1.58044
1.68851
1.44483
1.4909
1.82119
1.35367
1.59012
1.29708
1.45663
1.3876
1.48938
1.49464
1.28978
1.46037
1.49217
1.74859
1.61344
1.38346
1.40269
1.33885
1.75177
1.59646
1.43804
2.01703
1.83222
1.42432
1.55368
1.95023
1.51123
1.80989
1.72173
1.55464
1.80236
1.54211
1.87149
1.49786
1.44711
1.25669
1.87073
2.00193
1.6352
1.67385
1.58496
1.44639
1.42362
1.50489
1.39876
1.80435
1.57907
1.91013
1.64843
1.53467
1.51172
1.52781
1.5193
1.61954
1.77094
1.71476
1.80214
2.0098
1.61419
1.35431
1.53738
1.48557
1.49845
1.52548
1.54487
1.98906
1.16596
1.80409
1.44191
1.52188
1.675
1.2408
1.78708
1.99244
1.54398
1.52174
1.68423
1.41703
1.61077
1.13706
1.63712
1.27178
1.48146
1.67922
1.76356
1.47298
1.66751
1.71126
1.73193
1.6695
1.70552
1.68445
1.50375
1.71028
1.67544
1.31037
1.46391
1.75965
2.01017
1.27001
1.75522
2.01703
1.74159
1.35737
1.30612
1.47882
1.5592
1.54831
1.49555
1.755
1.37849
1.89649
1.74981
1.76758
1.38447
1.8689
1.68129
1.91689
1.28786
1.45286
1.71189
1.25893
1.46435
1.30789
1.87054
1.58631
1.27426
1.74707
1.60456
1.30858
1.59443
1.23868
1.37385
1.83542
2.00685
1.63907
1.71394
1.40176
1.70871
1.64481
1.57211
1.66277
1.38594
1.41049
1.50097
1.72121
1.63985
1.42053
1.51203
1.23274
1.48821
1.91479
1.53629
1.83729
1.37257
1.53776
1.58272
1.84564
1.67319
1.48851
1.52778
1.51092
1.57848
1.49944
1.90139
1.7441
1.4668
1.67898
1.62609
1.52339
1.56393
1.41905
1.48006
1.52272
1.21127
1.5617
1.22692
1.12575
1.70721
1.52341
1.45596
1.55299
1.41183
1.66614
1.8471
1.56613
1.56781
1.3297
1.63383
1.75657
1.41675
1.59824
1.58584
1.2676
1.51865
1.50558
1.59819
1.54911
1.68363
1.71431
1.38271
1.66524
1.6193
1.27778
1.78406
1.60616
1.42816
1.48881
1.66605
1.54276
1.47724
1.44368
1.86779
1.76566
1.41098
1.45083
1.5869
1.55939
1.78612
1.53352
1.91108
1.81392
1.61168
1.38569
1.62821
1.46847
1.87457
1.75064
1.48952
1.29706
1.29074
1.5401
1.73028
1.50797
1.71313
1.32232
1.65787
1.62991
1.68646
1.73895
1.63222
1.38059
2.01703
1.42702
1.91975
1.65124
1.91476
1.60693
1.93184
1.62214
1.45401
1.73494
1.90394
1.57625
1.41906
1.71086
1.74506
2.01703
1.81371
1.41559
1.72322
1.47542
1.93706
1.65439
1.60677
1.55271
1.58506
1.65676
1.72357
1.5214
1.3237
1.7777
1.59838
1.38499
1.46149
1.17542
1.41153
1.47591
1.59177
1.38186
1.83946
1.53108
1.78014
1.70008
1.79735
1.42363
1.61455
1.75924
1.86827
1.73921
1.79042
1.4507
1.48954
1.69992
1.50185
1.72595
1.53374
1.6213
1.7094
1.95302
1.45388
1.8978
1.44573
1.53157
1.74801
1.79379
2.01703
1.48117
1.61702
1.25272
1.79099
1.64792
1.79767
1.48379
1.46572
1.53413
1.64172
1.59223
1.5202
1.54327
1.66826
1.65079
1.52469
1.72601
1.72083
1.54705
2.01703
1.58907
1.52805
1.51426
1.77414
1.73445
1.5658
1.7116
1.75475
1.60964
1.18344
1.4821
1.82639
1.60867
1.64476
1.59386
1.66823
1.41464
1.83735
1.46399
1.64089
1.60565
1.53286
1.75732
1.25581
1.42449
1.53164
1.55386
1.54525
1.68712
1.56838
1.49024
1.17765
1.54171
1.42633
1.5122
1.5215
1.32894
1.90862
1.52656
1.82403
1.46169
1.59925
1.76006
1.64616
1.37332
1.38546
1.73622
1.61919
1.85667
1.75469
1.69699
1.34218
1.42877
1.31309
1.77903
1.50458
1.96473
1.46709
1.49111
1.29399
1.52225
1.86825
1.55282
1.54916
1.84187
1.36603
1.41474
1.1545
1.76376
1.91334
1.74901
1.66818
1.45134
1.40503
1.6399
1.37497
1.54759
2.01703
1.47753
1.51965
1.73293
1.4654
1.45036
1.59916
1.78347
1.45494
1.6069
1.7906
1.65437
1.4904
1.35047
1.74059
1.57062
1.64438
1.88289
1.59104
1.37837
1.38823
1.42419
1.64014
1.60275
1.32295
1.51773
1.68035
1.42356
1.53716
1.47518
1.58879
1.57514
1.51693
1.66933
1.21327
1.64601
1.20165
1.67025
1.52702
1.59102
1.75627
1.5744
1.52727
1.39977
1.90177
1.61199
1.54049
1.97933
1.492
1.4628
1.53466
1.53291
1.70877
1.44305
1.4249
1.56267
1.43397
1.46203
1.73802
1.86623
1.17969
1.71096
1.79337
1.88896
1.51018
1.55045
1.65092
1.20356
1.87997
1.67772
1.56136
1.57059
1.49081
1.50137
1.57879
1.51927
1.29364
1.68
1.42685
1.51264
1.577
1.65973
1.4094
1.53671
1.43009
1.492
1.37406
1.44011
1.66717
1.64356
1.8138
1.62926
1.4755
1.56277
1.71625
1.7831
1.78971
1.63434
1.57875
1.31716
1.66735
1.73454
1.70364
1.72644
1.89352
1.732
1.28234
1.50377
1.68141
1.64829
1.5373
1.52559
1.72992
1.31057
1.59447
1.37164
1.23067
1.64048
1.70394
1.11176
1.51179
1.91606
1.5463
1.54283
1.66093
1.30765
1.59243
1.41059
1.74255
1.46418
1.88399
1.60587
1.49249
1.54195
1.71185
1.4386
1.22702
1.98613
1.38691
1.7291
1.44353
1.57221
1.39373
1.55153
1.47963
1.74275
1.67981
1.44424
1.67615
1.61184
1.24766
1.46347
1.38934
1.50141
1.64723
1.3774
1.80643
1.70875
1.39468
1.39422
1.35259
1.62491
1.59525
1.7228
1.60281
1.50115
1.61742
1.89036
1.69475
1.34253
1.84128
1.59921
1.71023
1.73658
1.53522
1.40927
1.7831
1.56926
1.28257
1.46442
1.28717
1.72069
1.76857
1.15115
1.60411
1.4036
1.46042
1.64799
1.75126
1.55512
1.5081
2.01703
1.79922
1.86927
1.54541
1.03876
1.51085
2.01076
1.66407
1.2785
1.43007
1.56972
1.66585
1.40565
1.64477
1.36654
1.76762
1.41794
1.59639
1.59515
1.66491
1.23096
1.26646
1.42118
1.52957
1.41093
1.91317
1.75173
1.97987
1.55733
1.61753
1.73797
1.76442
1.80577
1.39818
1.71175
1.43792
1.72585
1.64196
1.68588
1.64113
1.39849
1.78593
1.75584
1.35688
1.34108
1.62872
2.01703
1.71647
1.74634
1.53709
1.71606
1.46926
1.85976
1.7804
1.48475
1.72201
1.70161
1.59283
1.31872
1.52671
1.89535
1.69874
1.43798
1.65868
1.70563
1.59636
1.6483
1.62202
1.78732
1.40963
1.56223
1.69753
1.71403
1.47755
1.45408
1.63956
2.01703
1.39647
1.3907
1.81021
1.65956
1.44466
1.4461
1.65516
1.65823
1.70598
1.51677
1.42852
1.57537
1.33694
1.27723
1.35672
1.4222
1.83832
1.77945
1.534
1.84553
1.62781
1.47084
1.74816
1.61331
1.5458
1.45175
1.32295
1.4967
1.51893
1.56557
1.58503
1.3504
1.88929
1.17981
1.71004
1.56446
1.55777
1.41616
1.80576
1.56729
1.9709
1.72679
1.52298
1.58027
1.5684
1.25868
1.68095
1.65326
1.46577
1.30388
1.46411
1.78278
1.37566
1.5592
1.49119
1.47744
1.35027
1.3684
1.62726
1.73995
1.61817
1.94085
1.60131
1.74452
1.56609
1.60247
1.68195
1.52509
1.5369
1.49577
1.38271
1.79433
1.39759
1.51786
1.59709
1.33853
1.63094
1.57658
1.71276
1.63921
1.5598
1.4665
1.88467
1.83324
1.48532
1.47511
1.54746
1.16776
1.59084
1.46173
1.13916
1.73349
1.32365
1.70229
1.61083
1.40226
1.66356
1.73053
1.74619
1.79293
1.72403
1.50742
1.63046
1.90327
1.53745
1.61229
1.90414
1.50005
1.58636
1.69872
1.41139
1.3654
1.76017
1.796
1.45839
1.82755
1.39736
1.53129
1.40237
1.74248
1.58508
1.3597
1.69078
1.51979
1.40436
1.38081
1.64526
1.49008
1.56801
1.60525
1.21644
1.4773
1.27282
1.81571
1.33953
1.26674
1.40367
1.6759
1.29316
1.96795
1.61383
1.56699
1.72006
1.76624
1.83517
1.27558
1.84774
1.20073
1.19577
1.68495
1.64182
1.49411
1.55914
1.72153
1.76881
1.59995
1.94635
1.56271
1.92859
1.75362
1.69367
1.80668
1.57991
1.59459
1.8081
1.65281
1.76365
1.64743
1.92458
2.01703
1.5755
1.68501
1.59394
2.01703
1.59608
1.68419
1.3301
1.51923
1.65685
1.62103
1.74147
1.72482
1.72597
1.44904
1.62755
1.58974
1.4795
1.8965
1.66413
1.4006
1.6087
1.63003
1.92865
1.73314
1.61506
1.37524
1.74002
1.30095
1.58573
1.59239
1.10745
1.52059
1.67431
1.33468
1.47465
1.50635
1.81825
1.43159
1.31797
1.74161
1.3625
1.61474
1.51811
1.73234
1.5656
1.51676
1.62205
1.71604
1.41222
1.76882
1.31981
1.35346
1.3909
1.50518
1.45838
1.57151
1.28657
1.44574
1.43592
1.5777
1.60392
1.60601
1.61106
1.43424
1.68727
1.96638
1.82373
1.64041
1.87058
1.2855
1.76432
1.72446
1.27865
1.48805
1.90588
