-7.81618
-7.53138
-7.76331
-7.40507
-7.84367
-7.7341
-7.83838
-7.49654
-7.50631
-7.73065
-7.75547
-7.8836
-7.92579
-7.94991
-8.12032
-7.77266
-7.93094
-7.50201
-7.94889
-7.57359
-7.78585
-7.6685
-7.59072
-7.45883
-7.84581
-7.61105
-7.40741
-7.67906
-7.52181
-7.66101
-7.2977
-7.39431
-7.78276
-8.01924
-7.57607
-7.81891
-7.54905
-7.50774
-7.34539
-7.31361
-7.64002
-7.90618
-7.90624
-7.71383
-7.91153
-7.67204
-7.50595
-7.86789
-8.06361
-8.02597
-8.01427
-7.89063
-7.40253
-7.67167
-7.35712
-7.92541
-7.91013
-7.2545
-7.85139
-7.73835
-7.61014
-7.99334
-7.3665
-7.4218
-7.75011
-7.80934
-7.58209
-7.604
-7.70135
-7.78953
-7.85989
-7.61812
-7.74536
-7.66885
-8.05422
-7.58564
-7.91997
-7.73473
-7.86128
-7.77768
-7.49607
-7.70264
-7.90027
-7.74692
-7.93777
-7.81438
-7.51091
-7.55088
-7.78133
-7.77327
-8.01297
-7.85879
-7.58423
-7.80258
-7.86887
-7.59892
-8.07819
-7.50017
-8.06692
-7.41835
-7.84917
-7.58831
-7.74202
-7.82623
-7.617
-7.54494
-7.52864
-7.93103
-7.7177
-8.06289
-7.77884
-8.20769
-7.57227
-7.58171
-7.92389
-7.21406
-7.58507
-8.00395
-7.68073
-7.83322
-7.73064
-7.78078
-7.52797
-7.56681
-7.78864
-7.57226
-7.55674
-7.64709
-7.54631
-7.50756
-7.35617
-7.57895
-7.82862
-8.05685
-7.28049
-7.83073
-8.03441
-7.7387
-7.74915
-7.65259
-7.74933
-7.49735
-7.758
-7.51589
-7.43082
-7.41438
-7.66312
-7.66217
-7.83339
-7.66262
-7.51902
-7.69265
-7.47123
-7.61876
-7.40083
-7.40047
-7.51726
-7.34026
-7.46348
-7.7916
-7.9382
-7.49186
-7.70068
-7.70161
-7.55179
-7.76316
-7.51836
-7.93938
-7.94489
-7.54383
-7.65499
-7.45337
-7.48113
-8.06432
-7.69576
-7.95795
-7.67308
-7.31531
-7.2185
-7.5084
-7.94572
-7.55827
-7.79266
-7.62273
-7.45683
-7.88851
-7.8672
-7.43413
-7.92191
-7.76136
-7.6109
-7.59743
-7.59359
-7.64998
-7.70018
-7.93167
-7.76885
-7.9187
-7.59527
-7.80768
-7.39389
-7.54006
-7.65268
-7.81046
-7.71596
-7.98345
-7.40179
-7.55684
-7.87021
-7.71244
-7.73242
-7.52156
-7.82748
-7.90161
-7.83049
-7.66636
-7.2193
-7.63927
-7.62435
-7.82378
-7.90006
-7.61847
-7.52731
-7.54669
-7.86372
-7.87355
-7.80096
-7.67724
-7.31594
-7.71194
-7.69017
-7.50549
-7.72074
-7.57107
-7.83902
-7.50028
-7.78213
-7.66087
-7.7401
-7.79966
-7.59348
-7.73062
-7.82821
-7.65353
-7.62688
-7.72671
-7.83913
-7.77026
-7.85741
-7.76144
-7.68536
-7.58803
-7.76071
-7.97627
-7.46062
-7.95719
-7.56578
-7.57755
-7.86137
-7.62652
-7.80062
-7.66092
-7.67861
-7.67714
-7.61442
-7.62202
-7.88593
-7.74475
-7.8401
-7.49266
-7.67643
-7.83492
-7.63525
-7.7496
-7.69371
-7.98699
-7.13986
-7.43232
-7.73714
-7.65809
-7.675
-7.73217
-7.48073
-7.86278
-7.47117
-7.65838
-7.7538
-7.86106
-7.70248
-7.94389
-7.36976
-7.93357
-7.64487
-7.66274
-7.58126
-7.85988
-7.49782
-7.4413
-7.98891
-7.8191
-7.91957
-7.57996
-7.85574
-7.60761
-7.63514
-7.64017
-7.39681
-7.48998
-7.2987
-7.70887
-7.74333
-7.86189
-7.46734
-7.27111
-7.698
-7.66834
-7.61955
-7.45357
-7.86835
-7.58169
-7.84426
-7.30533
-7.40592
-7.80212
-7.65372
-7.52918
-7.63567
-7.79535
-7.91938
-7.37578
-7.44685
-7.41955
-7.6514
-7.86564
-7.72571
-7.39291
-7.68728
-7.97377
-7.68247
-7.75785
-7.48512
-7.39526
-7.61034
-7.76531
-7.68339
-7.94439
-7.63906
-7.8247
-7.74203
-7.47506
-7.53916
-7.92547
-7.45506
-7.46586
-7.59484
-7.90857
-7.81847
-7.84222
-7.53677
-7.68713
-7.42341
-7.51439
-7.94168
-7.50821
-7.47517
-7.68887
-7.63941
-7.72024
-7.28189
-7.56123
-7.5898
-7.81283
-7.70905
-7.55343
-7.41588
-7.68607
-7.56293
-7.88845
-7.57388
-7.58865
-7.71963
-7.9709
-7.77613
-7.65118
-7.5118
-7.57398
-7.72231
-7.98863
-7.23313
-7.62859
-8.08248
-7.71103
-7.40357
-7.60039
-7.44281
-7.64729
-7.87564
-7.50539
-7.95687
-7.59067
-7.72359
-7.54327
-8.23671
-7.92064
-7.38568
-7.87757
-7.86204
-7.67541
-7.88858
-7.59929
-7.92881
-7.75028
-7.62431
-7.57926
-7.85391
-7.59468
-7.90253
-7.99558
-7.57215
-7.69104
-7.67125
-7.74178
-7.71996
-7.8597
-7.59074
-7.64587
-7.71666
-7.79349
-7.56986
-7.57124
-7.72695
-7.77527
-7.88916
-7.81283
-7.54336
-7.60889
-7.64164
-7.75943
-7.45985
-7.69359
-7.63801
-7.9314
-7.64434
-7.72628
-7.9972
-7.86336
-7.83481
-7.52789
-7.70339
-7.64484
-7.22691
-7.71358
-7.76573
-7.5766
-7.6626
-7.52166
-7.42792
-7.55631
-7.74303
-7.63641
-7.44902
-7.5399
-7.524
-7.69337
-7.55991
-7.58759
-7.52126
-7.8444
-7.92747
-7.694
-7.67126
-7.75031
-8.04108
-7.98161
-8.09287
-7.78965
-7.6486
-8.07593
-7.7214
-7.53914
-7.82476
-7.67033
-7.63275
-7.31486
-7.54843
-7.56438
-7.53066
-8.03038
-7.89067
-7.54742
-7.73583
-7.56209
-7.58575
-7.86637
-7.76643
-7.44234
-7.48149
-7.48069
-7.51449
-8.09223
-7.97493
-7.64222
-7.92589
-7.61351
-7.57654
-7.77331
-7.57483
-7.43783
-7.89935
-7.60202
-7.24049
-7.84917
-7.54581
-8.00231
-7.85772
-7.81576
-7.55979
-7.72819
-7.65057
-7.86262
-7.6776
-7.33218
-7.90193
-7.95208
-7.48553
-7.80063
-7.53336
-7.80835
-7.57325
-7.68053
-7.64636
-7.60085
-7.63831
-7.51637
-7.74206
-7.5765
-7.49669
-7.78197
-7.68881
-7.37797
-7.63131
-7.65986
-8.00248
-7.59819
-7.71337
-7.80799
-7.86474
-8.05877
-7.54515
-7.45654
-7.76261
-7.80972
-7.61511
-7.93471
-7.86983
-8.0885
-7.65272
-7.87622
-7.83124
-7.77798
-7.62872
-7.42154
-7.91057
-8.01377
-7.79826
-8.04272
-7.32123
-7.58591
-7.74328
-7.90542
-7.4546
-7.75048
-7.75774
-7.50825
-7.79997
-7.83277
-7.77523
-7.66944
-7.42873
-7.88551
-8.16892
-7.76442
-7.85252
-7.79905
-7.51263
-7.92868
-7.6594
-7.37925
-7.73047
-7.67702
-7.81873
-7.60088
-7.63247
-7.83389
-8.11407
-7.9
-7.57974
-7.91978
-7.45079
-7.78273
-7.84172
-7.91975
-7.61059
-7.72384
-7.92643
-7.70069
-7.79136
-7.74066
-7.58141
-7.47293
-7.79145
-7.63876
-7.43673
-7.48298
-7.71984
-7.44811
-7.75363
-7.74432
-7.94917
-7.36543
-7.2783
-7.40322
-7.45561
-7.71891
-7.67277
-7.52795
-7.67145
-7.78398
-7.81117
-7.70238
-7.63925
-7.67985
-7.66419
-7.78176
-7.66751
-7.59215
-7.31965
-7.82874
-7.85087
-7.66629
-7.79484
-7.59949
-7.88304
-7.6476
-7.59401
-7.47427
-8.07315
-7.62316
-7.53579
-7.66306
-7.49196
-7.61255
-7.61389
-7.71634
-7.66854
-7.88231
-7.45053
-7.66356
-7.50115
-7.57449
-7.77498
-7.52246
-7.53116
-7.8712
-7.84972
-7.73842
-7.57102
-7.65648
-7.84249
-7.85332
-7.5879
-7.61723
-7.48642
-7.62164
-7.73619
-7.65743
-7.65099
-7.89844
-7.39308
-7.65079
-7.6871
-7.64111
-7.66707
-7.9144
-7.84423
-7.7617
-7.93293
-7.90007
-8.11531
-7.68882
-7.50168
-7.77409
-7.7262
-7.34782
-7.95479
-7.72514
-7.49894
-7.55064
-7.56047
-7.41696
-7.6022
-7.7896
-7.67556
-7.85597
-7.70618
-7.66521
-7.78976
-7.97861
-7.82479
-7.63046
-7.59842
-7.655
-7.49565
-7.94758
-7.82168
-7.60501
-7.73915
-7.56952
-7.81384
-7.72671
-7.44126
-7.83062
-7.91841
-7.67601
-7.81889
-7.64763
-7.42972
-7.50592
-7.83463
-7.62723
-7.79871
-7.49054
-7.89641
-7.62257
-7.79609
-7.56872
-7.6042
-7.48936
-7.62635
-7.6974
-7.84711
-7.58387
-7.49075
-7.69191
-7.7435
-7.28654
-7.46012
-7.48957
-7.89726
-7.63518
-7.57043
-7.71713
-7.75134
-7.64641
-7.17946
-7.77362
-7.46546
-7.93035
-7.53026
-7.57447
-7.45939
-7.77591
-7.54143
-7.94023
-7.77772
-7.63062
-7.9841
-7.61266
-7.6514
-7.6419
-7.85158
-7.52822
-7.86548
-7.588
-7.72461
-7.91328
-7.70266
-7.46742
-7.98416
-7.55381
-7.36909
-7.35982
-7.6122
-7.92297
-7.74925
-7.88558
-7.5113
-7.51391
-7.62754
-7.71408
-7.7427
-7.3458
-7.59654
-7.45935
-7.90494
-7.81029
-8.01067
-7.65725
-7.51254
-7.97098
-7.54378
-7.73604
-7.80182
-7.54885
-7.94964
-7.62079
-7.65063
-7.95348
-7.86492
-7.71413
-7.68436
-7.57617
-7.90904
-7.68477
-7.39131
-8.17894
-7.91164
-7.46108
-7.55766
-7.81907
-7.71823
-7.35118
-7.55298
-7.59927
-7.51074
-7.85441
-7.75624
-7.92375
-7.87263
-7.65641
-7.84451
-7.81743
-7.54461
-7.84203
-7.6496
-7.899
-7.90091
-7.642
-7.62586
-7.54668
-7.76951
-7.89987
-7.5223
-7.58975
-7.66513
-7.57959
-7.58364
-7.50486
-7.53179
-7.68487
-7.52238
-7.64102
-8.03715
-7.78922
-7.39046
-7.80284
-7.72155
-7.75516
-7.81401
-7.5784
-7.77742
-7.98133
-7.93508
-7.76162
-7.44598
-8.05221
-7.84793
-7.78792
-7.9351
-7.52649
-8.09902
-8.17589
-7.5457
-7.80233
-8.19256
-8.00267
-7.8904
-7.88024
-7.73273
-7.48582
-7.79894
-7.88439
-7.59726
-7.82085
-7.56458
-7.63595
-7.41365
-7.85561
-7.67262
-7.62136
-7.79474
-7.56098
-7.89388
-7.61657
-7.51328
-7.65751
-7.37009
-7.49538
-7.81291
-7.43177
-8.06744
-7.7838
-7.77005
-7.88522
-7.70603
-7.72923
-7.52089
-8.01755
-7.37689
-7.97443
-7.69215
-7.76795
-7.81938
-7.66512
-7.88466
-7.81559
-7.95283
-8.23818
-7.34228
-7.6727
-7.61453
-7.57899
-7.55316
-7.82381
-7.84665
-7.64755
-7.74426
-7.9629
-7.66446
-7.80877
-7.84706
-7.73294
-7.43306
-7.67858
-7.78548
-7.69175
-7.62528
-7.72947
-7.57071
-7.7203
-7.5899
-7.76712
-7.52669
-7.79172
-7.54348
-7.60315
-7.54586
-7.71031
-7.82328
-7.88385
-7.62565
-7.72817
-7.63886
-7.56493
-7.60236
-7.7502
-7.7339
-7.84836
-7.75528
-7.89202
-7.72264
-8.00679
-7.60938
-7.70813
-7.90185
-7.4146
-7.96841
-8.05405
-7.70446
-8.00865
-7.90737
-7.65341
-7.75331
-7.69091
-7.80119
-7.92386
-7.69549
-7.38047
-7.40059
-7.82648
-7.89838
-7.68847
-7.55023
-7.65866
-7.25366
-7.56525
-7.9438
-7.62111
-7.66764
-7.28054
-7.66262
-7.72688
-7.33018
-7.61081
-7.92576
-7.10969
-7.84722
-7.71228
-7.7547
-7.5975
-7.59057
-7.9868
-7.73506
-7.49622
-7.68548
-7.69687
-7.35337
-7.72242
-7.49674
-7.86917
-7.73341
-7.47286
-7.95667
-7.65752
-7.76878
-7.47616
-7.49466
-7.64767
-7.57819
-7.74073
-7.6302
-7.90507
-7.90482
-8.07554
-7.93068
-7.6706
-7.66773
-7.87433
-8.02221
-7.53973
-7.56167
-7.72629
-7.61201
-7.5867
-7.54019
-7.81015
-7.35529
-7.53113
-7.65873
-7.66702
-7.67295
-7.80779
-7.78057
-7.98243
-8.06189
-7.46647
-7.42222
-7.62338
-7.59344
-7.81184
-7.54964
-7.88487
-7.80536
-7.28049
-7.58144
-7.66004
-7.55982
-8.05466
-7.74541
-7.8695
-7.65182
-7.53297
-7.94388
-7.68056
-7.61127
-7.84464
-7.65663
-7.5593
-7.99831
-7.92844
-7.58729
-8.037
-7.58235
-7.74937
-7.58722
-7.75515
-7.80724
-7.70929
-7.42861
-7.65247
-7.54211
-7.77991
-7.81859
-7.73793
-7.68632
-7.70757
-7.60461
-7.58076
-7.48882
-7.60375
-7.77694
-7.52057
-7.93933
-7.4806
-7.71467
-7.37546
-7.83848
-7.66346
-7.70748
-7.76169
-7.58821
-7.90955
-7.7293
-7.4849
-7.70951
-7.88571
-7.40653
-7.89859
-7.83299
-7.45472
-7.75993
-7.58397
-7.85082
-7.68007
-7.72801
-7.71605
-7.7515
-7.72971
-7.94491
-7.71845
-7.8464
-7.8905
-7.88449
-7.46274
-7.68477
-7.80636
-7.67647
-7.51581
-7.75093
-7.65666
-7.81077
-7.52165
-7.63612
-7.33875
-7.54776
-7.54316
-7.85635
-7.84004
-7.78513
-7.11305
-8.17193
-7.47299
-7.36773
-7.75036
-7.71679
-7.65011
-7.69746
-7.74064
-7.80011
-8.1268
-7.9556
-7.76322
-7.59943
-7.73347
-7.31162
-7.75865
-7.84119
-7.91017
-7.6646
-7.47317
-7.60429
-7.63751
-7.65108
-7.68449
-7.59514
-7.43776
-7.48276
-7.55024
-8.01532
-7.50392
-7.54806
-7.6464
-7.81189
-7.50187
-7.91574
-8.12155
-7.54546
-7.68088
-7.68409
-7.96549
-7.44921
-7.7951
-8.01141
-7.90257
-7.47559
-7.53968
-7.56408
-7.78439
-8.13656
-7.39936
-7.7883
-7.63391
-7.78754
-7.65768
-7.83659
-7.80694
-7.92972
-7.7885
-7.63828
-7.486
-7.60669
-7.24562
-7.84463
-7.73861
-7.53652
-7.89125
-8.05954
-7.75109
-7.50852
-7.86945
-7.54211
-7.83737
-7.5114
-7.581
-7.49627
-7.85898
-8.03444
-7.60124
-7.60777
-7.71402
-7.90907
-7.6357
-7.98086
-8.01367
-7.8472
-7.89913
-7.74808
-7.70853
-7.71048
-7.7997
-7.62407
-7.93032
-7.73504
-7.90722
-7.76164
-7.67947
-7.87759
-7.49083
-7.83704
-7.95364
-7.91479
-7.81844
-7.93815
-7.50203
-8.09561
-7.72394
-7.62209
-7.60405
-7.64077
-7.93886
-7.69566
-7.70645
-7.69268
-7.8706
-7.4848
-7.56961
-7.98639
-7.75228
-7.7874
-7.86809
-7.72322
-7.61635
-7.41046
-7.66083
-7.5072
-7.43362
-7.53084
-7.73025
-7.53247
-7.77178
-7.67252
-7.70892
-7.57187
-7.9281
-8.06457
-7.56321
-7.83066
-7.79147
-7.50741
-7.75864
-7.81207
-8.03123
-7.67142
-7.88502
-7.98727
-7.8552
-7.28566
-7.57246
-7.52039
-7.72726
-7.68472
-7.41481
-7.8465
-7.75226
-7.59074
-7.74983
-7.53354
-7.75746
-7.40117
-7.80812
-7.71711
-7.65815
-7.3851
-7.76851
-7.67829
-7.91913
-7.7372
-7.414
-7.80919
-7.88582
-7.74411
-8.00173
-7.59791
-8.05054
-7.51465
-7.64554
-7.69206
-7.52289
-7.5224
-7.62898
-7.76888
-7.62972
-8.05861
-7.41694
-7.81466
-7.70121
-7.87616
-7.86644
-8.24547
-7.60247
-7.52362
-7.78382
-7.55172
-7.85555
-8.00921
-7.86201
-7.69843
-7.80744
-7.90914
-7.51187
-7.56599
-7.64862
-8.07155
-7.4836
-7.67186
-7.66119
-7.76476
-7.63777
-7.64432
-7.69684
-7.69407
-7.63401
-7.65669
-7.64702
-7.70132
-7.60156
-7.48554
-7.86099
-7.88749
-7.46144
-7.65172
-7.5268
-7.73897
-7.44879
-7.9188
-7.92618
-7.49169
-7.38638
-7.47867
-7.99123
-7.69051
-7.70927
-7.64161
-7.52263
-7.58736
-7.6109
-7.74639
-7.59303
-7.69828
-7.29314
-7.55448
-8.053
-7.60056
-7.65251
-7.76617
-8.15913
-7.72006
-7.83975
-7.53005
-7.62837
-7.28169
-7.61675
-7.63108
-7.88367
-7.26654
-7.81354
-7.8077
-7.73274
-8.05245
-7.62276
-7.5765
-7.64211
-7.75008
-7.65973
-7.6656
-7.45062
-7.34445
-7.61864
-7.70652
-7.72541
-7.87587
-7.66381
-7.76496
-7.74223
-7.62721
-7.69135
-7.41592
-7.59119
-7.55107
-7.65042
-8.00466
-7.68588
-7.76515
-7.81077
-7.84367
-7.96625
-7.3478
-7.56293
-7.95973
-7.68294
-7.80291
-7.39273
-7.69371
-7.78478
-7.83105
-7.5327
-7.7439
-7.70961
-7.67225
-7.69304
-8.03664
-7.55578
-7.66901
-7.62776
-7.389
-8.19785
-7.79461
-7.60187
-7.74183
-7.91679
-7.64675
-7.76304
-7.61548
-7.97456
-7.76516
-7.5746
-7.30499
-7.54458
-7.58854
-7.33773
-7.60449
-7.90539
-7.55879
-7.62196
-7.7104
-7.39538
-8.19983
-7.89371
-7.80069
-7.75791
-7.96353
-7.51122
-7.69949
-7.7008
-7.71836
-7.6023
-7.90096
-7.66933
-7.95529
-7.7802
-7.61135
-7.55134
-7.49383
-7.32736
-7.65361
-7.51496
-7.45955
-7.5822
-7.82253
-7.49923
-7.75882
-7.66162
-7.79488
-7.7726
-7.72593
-7.74097
-7.60849
-7.66356
-7.37203
-7.44254
-7.61449
-7.87307
-7.59634
-7.84818
-7.57453
-7.55336
-7.60899
-7.59951
-7.40259
-7.60984
-7.92015
-8.05098
-8.11384
-7.68775
-7.2402
-7.94338
-7.75797
-7.64418
-7.59504
-7.97149
-7.83099
-8.18848
-7.34678
-7.53941
-7.57402
-7.55739
-8.18492
-7.69104
-7.89021
-7.8758
-7.92761
-7.42024
-7.83215
-7.34841
-7.80252
-7.48721
-7.32594
-8.06505
-8.08974
-7.70961
-7.64468
-7.80827
-7.71091
-7.95152
-7.81666
-7.89
-7.84795
-7.56731
-7.62634
-7.82748
-7.74954
-7.894
-7.91303
-7.59768
-7.62492
-7.61771
-7.71717
-7.68511
-7.89407
-7.77371
-7.53769
-7.87964
-8.03645
-7.7468
-7.66941
-7.70388
-7.56542
-7.65201
-7.73607
-7.37174
-7.34656
-7.51362
-7.79287
-7.6129
-7.58737
-7.8048
-7.72067
-7.52072
-7.91997
-7.90764
-7.74681
-7.57463
-7.67049
-7.79525
-7.68275
-7.69786
-7.93459
-7.66961
-7.29786
-7.7508
-7.6312
-7.86929
-7.69411
-7.6119
-7.81911
-7.64791
-7.58065
-8.02353
-7.78882
-7.64441
-7.70237
-7.66677
-7.70458
-7.79709
-7.52448
-7.76381
-7.89283
-8.0139
-8.11366
-7.83653
-7.65511
-7.54305
-7.62586
-7.63428
-7.54861
-7.60224
-7.73757
-7.49626
-7.58276
-7.58134
-7.98108
-7.51014
-7.44695
-7.73606
-7.48213
-7.58438
-7.59463
-7.73277
-7.73761
-7.91479
-7.49655
-7.78232
-7.44572
-7.53096
-7.60085
-7.62242
-7.72924
-7.35633
-7.69725
-7.8855
-7.72033
-8.09792
-7.65216
-7.76168
-7.56138
-7.66952
-7.48483
-7.86527
-7.72437
-7.7237
-7.63327
-7.58816
-7.81726
-7.74024
-7.59095
-7.58198
-7.83184
-7.44191
-7.5693
-7.62729
-7.93659
-7.75662
-7.97462
-7.81869
-7.93927
-7.67363
-7.71917
-7.68619
-7.64649
-7.76076
-7.72708
-7.36815
-7.79301
-8.01629
-7.70779
-7.64792
-7.55088
-7.8256
-7.89662
-7.78532
-7.69536
-7.71955
-7.62212
-7.8011
-7.78978
-7.52047
-7.24775
-7.63368
-7.50457
-7.77144
-8.07387
-7.86211
-7.53747
-7.6118
-7.66582
-7.48449
-7.75978
-7.56715
-7.81266
-8.04075
-7.77378
-7.62798
-7.67585
-7.51784
-7.74856
-7.4383
-7.93983
-7.6669
-7.86202
-7.83069
-7.664
-7.66132
-7.84274
-7.58579
-8.02432
-7.75909
-7.48958
-7.33538
-7.60591
-7.75314
-7.42394
-7.69804
-7.48751
-7.79149
-7.84893
-7.75584
-7.82873
-7.5087
-7.85509
-7.76316
-7.76206
-7.9349
-7.37526
-7.91566
-7.44002
-7.60154
-7.78392
-7.8842
-7.52387
-7.52349
-7.48492
-7.47832
-7.64065
-8.14653
-7.69569
-7.81482
-7.3371
-7.63984
-7.67005
-7.50627
-7.47525
-7.59471
-7.20065
-7.87127
-7.5001
-7.8767
-7.90148
-7.71486
-8.03786
-8.01868
-7.64828
-7.66143
-7.86569
-7.53223
-7.6689
-7.77211
-7.99534
-7.77244
-7.52633
-7.97855
-7.80094
-7.75054
-7.8167
-7.78695
-7.80462
-7.93478
-7.72007
-7.38303
-7.95119
-7.79934
-7.83763
-7.70167
-7.48069
-7.79315
-7.76173
-7.96317
-7.73302
-7.83197
-7.80428
-7.30691
-7.69321
-7.89355
-7.70595
-7.69064
-7.6218
-8.09554
-7.97216
-7.97003
-7.52048
-7.76029
-7.52939
-7.83034
-7.78598
-7.47119
-7.59511
-7.55004
-7.84062
-7.95658
-8.04468
-7.53153
-7.80478
-7.70524
-7.56897
-7.53161
-7.48657
-7.71177
-7.84921
-7.92394
-7.95058
-7.41225
-7.56706
-7.60109
-7.83856
-7.66382
-7.89275
-7.44828
-7.75352
-7.70976
-7.60716
-7.45597
-7.52903
-7.54452
-7.55584
-7.87462
-7.65487
-7.54337
-7.69252
-7.57284
-7.75775
-7.66343
-7.64789
-7.56111
-7.5119
-7.93763
-7.76716
-7.82869
-8.12018
-7.60149
-7.72236
-7.88962
-7.69344
-7.38952
-7.73226
-7.86261
-7.63403
-7.44659
-7.50667
-8.03842
-7.49556
-7.80991
-7.59257
-7.41142
-7.74661
-7.62043
-7.75081
-7.52841
-7.61461
-8.02257
-7.7017
-8.00515
-7.64096
-7.36841
-8.14466
-7.31539
-8.20595
-7.97494
-7.86925
-7.79243
-7.6011
-7.6688
-7.81111
-7.73492
-7.99624
-7.69342
-7.89485
-7.80532
-8.05304
-7.47844
-7.76711
-7.5936
-7.83822
-7.5429
-7.5765
-7.67644
-7.66336
-7.73406
-7.99866
-7.23652
-7.66419
-7.49532
-7.64951
-7.92015
-7.54179
-7.60106
-7.44603
-7.83539
-7.76535
-7.68846
-7.86483
-7.74559
-7.81969
-7.88776
-7.85254
-7.72582
-7.56683
-7.77187
-7.70304
-7.91574
-7.66436
-7.78448
-7.79199
-7.71087
-7.69182
-7.43779
-7.53902
-7.71456
-8.02834
-7.63469
-7.80718
-7.53763
-7.70211
-7.57688
-7.86143
-7.9497
-7.81457
-7.76699
-7.6348
-7.73572
-7.87
-7.42296
-7.92959
-7.36476
-7.59789
-7.5627
-7.70752
-7.71377
-7.55114
-7.71185
-7.6905
-7.50452
-7.76067
-7.99161
-7.71758
-7.23764
-7.72692
-7.73986
-7.43058
-7.22494
-7.95171
-7.89634
-7.62729
-7.87942
-7.76446
-7.82502
-7.82186
-7.38795
-7.54812
-7.6591
-7.5767
-7.62996
-7.60532
-7.56721
-7.60708
-7.48588
-8.00151
-7.79841
-7.68955
-7.69265
-7.94343
-7.81732
-7.63642
-7.50674
-7.7935
-7.70754
-7.44764
-7.51608
-7.74658
-7.72751
-7.70975
-7.58403
-7.85989
-7.68854
-7.81733
-7.84001
-7.48999
-7.65897
-7.84682
-7.98459
-7.74432
-7.78528
-7.31589
-7.86527
-7.33253
-7.84202
-7.49984
-8.03635
-7.91303
-7.74334
-7.58427
-7.7679
-7.79594
-7.35965
-7.80264
-7.93363
-7.81767
-7.6367
-7.82245
-7.55274
-7.75088
-7.77816
-7.60039
-7.56784
-7.70606
-7.76743
-7.5873
-7.68539
-7.65608
-7.59693
-7.72798
-7.40774
-7.91826
-7.33264
-7.9239
-7.77169
-7.80363
-7.81053
-7.37892
-7.46925
-7.82391
-7.37557
-7.86833
-7.58812
-7.54268
-7.82657
-7.60601
-7.73424
-7.94687
-7.64287
-7.75226
-8.01744
-7.5879
-7.6614
-7.90182
-7.51123
-7.69629
-7.7799
-7.87526
-7.6191
-7.97665
-7.76793
-7.6454
-7.85833
-7.57314
-7.84749
-7.53743
-7.8116
-7.58114
-7.80316
-7.56152
-7.66128
-7.90057
-7.86928
-7.99143
-7.35696
-7.0337
-7.31908
-7.86015
-8.28656
-7.46065
-7.97029
-7.89782
-7.79315
-7.76073
-7.73539
-7.47754
-7.53725
-7.59474
-7.42113
-7.63613
-7.60246
-7.57
-7.76677
-7.72429
-7.75222
-7.7853
-7.71421
-7.64091
-7.60968
-7.77997
-7.38221
-7.83121
-7.84683
-7.78514
-7.8463
-7.66575
-7.98568
-7.81059
-7.65764
-7.92706
-7.54641
-7.76187
-7.76519
-7.45671
-7.82097
-7.63858
-7.76247
-7.48876
-7.56159
-7.42442
-7.7082
-7.85139
-7.7834
-7.55945
-7.57308
-7.74735
-7.56058
-7.88645
-7.87671
-7.65447
-7.53112
-7.87651
-7.90146
-7.79205
-7.73193
-7.79153
-7.66167
-8.00175
-7.61472
-7.76912
-7.78295
-7.57052
-7.56116
-7.70126
-7.71308
-7.74254
-7.89724
-7.67301
-7.79133
-7.83215
-8.01561
-7.93677
-7.47999
-7.58468
-7.49848
-7.81139
-7.66919
-7.77534
-7.6158
-7.74047
-7.92239
-7.43873
-7.68669
-7.93529
-7.74614
-7.64209
-7.76782
-7.69004
-7.65845
-7.77727
-7.57874
-7.74531
-7.71814
-7.71673
-7.77973
-7.72087
-7.72354
-7.2764
-7.49096
-7.80277
-7.83569
-7.57618
-7.72556
-7.91435
-7.66834
-7.7529
-7.75875
-7.76369
-7.70989
-7.94903
-7.6114
-7.71468
-7.45775
-7.63873
-7.51313
-7.82649
-7.53244
-7.77685
-7.70019
-8.04325
-7.55685
-7.71137
-7.72276
-7.89725
-7.73105
-7.74195
-7.65468
-7.75598
-7.38641
-8.01168
-7.77056
-7.92291
-7.61221
-7.57035
-7.86782
-7.56983
-7.99129
-7.89337
-7.88008
-7.556
-7.78154
-8.15005
-7.72774
-7.59065
-7.592
-7.49677
-7.57541
-7.51191
-7.68683
-7.74653
-7.80399
-7.78132
-7.57329
-7.62769
-7.9853
-7.637
-7.6524
-7.87917
-7.86504
-7.60152
-7.80758
-7.76998
-7.66629
-7.69627
-7.89551
-7.4581
-8.04491
-7.51375
-7.69422
-7.83652
-7.74525
-8.21413
-7.84131
-7.63271
-7.78949
-7.9663
-7.37017
-7.84233
-7.64157
-7.79353
-7.71987
-7.56026
-7.68834
-7.75224
-7.32681
-7.57934
-7.64785
-7.95143
-7.47754
-7.42755
-7.21781
-7.59421
-7.65918
-7.73931
-7.77558
-7.82246
-8.00503
-7.72396
-7.43887
-7.66893
-7.64732
-7.52963
-7.77353
-7.39453
-7.9142
-7.53994
-7.86851
-7.87841
-7.90225
-7.71321
-7.59194
-7.69258
-7.7115
-8.12806
-7.50179
-8.10524
-8.05619
-7.96518
-7.50119
-7.70428
-7.48621
-7.84765
-7.51886
-7.92838
-7.84211
-7.9357
-7.76519
-7.79303
-7.47133
-7.45502
-7.73311
-7.39671
-8.19502
-7.4682
-7.65462
-7.87371
-7.63114
-7.28851
-7.66056
-7.35262
-7.50815
-7.99139
-7.58037
-7.54954
-7.64242
-7.56922
-7.65973
-7.69026
-7.76778
-7.44305
-7.65515
-7.8812
-7.84306
-7.77769
-7.65759
-8.02384
-7.47123
-7.81501
-7.70905
-7.75981
-7.87913
-7.57967
-7.82792
-7.83206
-7.50732
-7.55048
-7.97629
-7.67251
-7.88129
-7.67561
-7.54397
-7.74183
-7.71455
-7.72855
-8.03095
-7.7546
-7.67502
-7.27213
-7.84478
-7.86995
-7.46791
-7.3541
-7.73754
-7.88345
-7.64943
-7.78076
-7.30203
-7.45809
-7.78733
-8.0254
-7.87785
-7.6963
-7.57122
-7.74833
-7.39645
-7.58766
-7.60063
-7.77334
-7.66672
-7.56169
-7.7708
-7.58806
-7.79862
-7.79162
-7.64188
-7.82583
-7.86955
-7.64222
-7.96443
-7.80273
-7.77456
-7.52135
-7.73009
-7.66639
-7.94773
-7.74716
-7.92201
-7.57135
-7.82823
-7.91495
-7.6043
-7.66226
-7.77667
-7.74335
-7.69887
-7.81028
-7.98358
-7.84232
-7.64747
-7.7604
-7.47602
-7.68443
-7.69811
-7.74709
-7.86921
-7.70594
-7.84605
-7.54828
-7.50747
-7.80127
-7.92733
-7.49229
-7.7313
-7.90593
-7.94975
-7.65457
-7.70809
-8.00647
-7.34645
-7.72585
-7.54477
-7.9195
-7.59141
-7.51755
-8.07384
-7.8849
-7.71231
-7.69971
-7.74712
-7.89401
-7.79606
-7.73783
-7.67873
-7.76846
-7.50822
-7.47932
-7.89441
-7.5657
-7.7736
-7.63591
-7.64537
-7.88563
-7.70875
-7.84918
-7.66764
-7.53531
-7.68249
-7.75783
-7.59567
-7.77261
-7.70568
-7.94418
-7.56885
-7.56815
-7.56966
-7.91362
-7.57427
-7.70164
-7.77026
-7.82393
-7.3145
-7.5439
-7.64207
-7.78254
-7.78125
-7.56807
-7.71589
-7.70708
-7.73942
-7.75714
-7.47696
-7.57217
-7.59546
-7.54261
-7.70216
-7.76866
-7.74873
-7.64965
-7.48652
-7.75756
-7.8676
-8.00384
-7.36671
-8.07851
-7.8004
-7.87097
-7.53189
-7.34479
-7.62892
-7.95724
-7.75808
-7.90837
-7.61608
-7.72562
-7.84169
-7.88665
-7.63602
-7.76366
-7.88532
-7.73891
-7.57558
-7.55573
-7.39646
-7.98735
-7.50242
-7.46739
-7.48846
-7.46525
-7.76131
-7.5119
-7.88904
-7.94535
-7.74144
-7.54902
-7.66211
-7.74495
-7.72033
-7.5612
-7.57152
-7.34831
-7.89441
-7.21248
-7.76261
-7.94626
-7.90115
-7.49159
-7.6177
-7.93389
-7.81627
-7.78187
-7.5622
-7.60124
-7.86788
-7.57772
-7.3281
-7.81595
-7.63192
-7.57473
-7.51576
-7.78301
-7.81461
-7.51264
-7.71999
-7.64679
-7.81944
-7.88164
-7.45083
-7.67622
-7.49971
-7.92491
-7.46198
-7.84454
-7.90048
-7.68491
-7.81474
-7.93035
-7.26021
-7.66107
-7.51302
-7.63011
-7.7458
-7.78361
-7.60121
-7.75116
-7.67191
-7.7512
-7.71181
-7.5691
-7.80807
-7.80463
-7.7807
-7.68627
-7.73149
-7.98418
-7.54123
-7.59593
-7.56824
-7.78367
-7.30498
-7.82621
-7.68831
-7.76055
-7.97893
-7.8922
-7.71058
-7.41658
-7.62034
-7.63461
-7.44022
-7.94266
-7.81104
-7.64637
-7.59268
-7.6323
-7.77513
-7.50492
-7.93195
-7.65016
-7.9791
-7.32421
-7.70278
-7.85246
-7.60682
-7.52614
-7.62592
-7.87485
-7.63052
-8.02392
-7.64261
-7.6824
-7.57966
-8.02225
-7.48071
-7.77837
-7.51975
-7.3879
-7.82746
-7.46904
-7.42366
-7.60077
-7.54044
-7.46706
-7.66492
-7.46457
-7.88263
-7.32735
-7.97743
-7.62971
-7.59193
-7.81961
-7.75378
-7.44306
-7.84148
-7.74944
-7.9168
-7.80294
-7.75055
-7.74772
-7.75832
-7.66347
-7.28913
-7.77041
-7.83687
-7.75078
-7.45408
-7.68667
-7.58992
-7.92202
-7.44238
-8.0299
-7.58118
-7.74471
-7.74
-7.42929
-7.73461
-8.05508
-7.74367
-7.93079
-7.75402
-7.80242
-7.96016
-7.7139
-7.72833
-7.70538
-7.8909
-7.88849
-7.96676
-7.54575
-7.76907
-7.99289
-7.62573
-7.67332
-7.61653
-7.37391
-7.46723
-7.66431
-7.63767
-7.57171
-7.93414
-7.57747
-7.74328
-7.42279
-7.48566
-7.57762
-7.81853
-7.99402
-7.73277
-7.94306
-7.54454
-7.55377
-7.6186
-7.42889
-7.50708
-7.49659
-7.90033
-7.68275
-7.53259
-7.85774
-8.07675
-7.77604
-7.59129
-7.70304
-7.60359
-7.76821
-7.45754
-7.80284
-7.72999
-7.65793
-7.55825
-7.92903
-7.97647
-7.64451
-7.5033
-7.58164
-7.74592
-7.30128
-7.54504
-7.63556
-8.12882
-7.9093
-7.67394
-7.97432
-7.99951
-7.73331
-7.72532
-7.80633
-7.68292
-7.4971
-7.64572
-7.42866
-7.67652
-7.46185
-7.93632
-7.99623
-7.8679
-7.59309
-7.79595
-7.29767
-7.43273
-7.77416
-7.72957
-7.40087
-7.84663
-7.45464
-7.74456
-7.83951
-7.55611
-7.75423
-7.75133
-7.9025
-7.77399
-7.47281
-7.68271
-7.57905
-8.06324
-7.51569
-7.73515
-7.7478
-7.53709
-7.69914
-7.84122
-7.81374
-7.58443
-8.00581
-7.99869
-7.80482
-7.98241
-7.51266
-7.55341
-7.79659
-7.73649
-7.57279
-7.73313
-7.45564
-7.20134
-7.71906
-7.5315
-7.97601
-7.66108
-7.68151
-7.40535
-7.54523
-7.50278
-7.72994
-7.94147
-7.94532
-7.64821
-7.85851
-7.445
-7.33438
-7.43505
-7.59092
-7.73821
-7.79755
-7.71256
-7.91895
-8.02517
-7.85403
-7.7587
-7.94299
-7.91065
-7.83474
-7.73869
-7.97261
-7.49329
-7.91074
-7.82941
-7.45349
-7.41807
-7.76342
-7.53561
-7.50778
-7.77033
-7.86862
-7.9085
-7.24626
-7.76154
-7.7745
-7.76324
-7.71917
-7.65519
-7.68015
-7.60938
-7.75148
-7.85718
-7.67543
-7.41652
-7.73472
-8.03045
-7.72804
-7.72923
-7.46904
-7.71629
-7.76141
-7.56607
-7.53623
-7.42283
-7.90184
-7.45145
-7.6977
-7.67272
-7.82713
-7.67597
-7.80581
-7.80331
-7.78029
-7.62029
-7.58773
-7.84059
-7.63721
-7.57125
-7.79425
-7.74837
-7.97791
-7.62742
-7.62708
-7.63362
-7.71835
-7.73883
-7.80284
-7.66828
-7.56392
-7.92043
-7.62931
-7.51309
-7.64885
-7.63498
-7.68665
-7.7064
-7.74457
-7.43132
-7.38164
-7.78724
-7.54227
-7.8457
-7.69937
-7.74009
-7.79922
-7.5516
-7.58884
-7.71418
-7.60226
-7.75936
-7.84104
-7.97517
-8.29423
-7.76911
-7.71536
-7.92377
-7.56216
-7.76974
-7.38209
-7.25284
-7.95759
-7.81441
-7.79219
-8.0377
-7.71319
-7.62589
-7.83453
-7.95213
-7.69184
-7.65162
-7.98548
-7.8319
-7.59496
-7.73965
-7.49639
-7.47357
-7.69658
-7.58953
-7.50935
-7.80094
-8.07455
-7.51588
-7.79966
-7.93336
-7.57973
-7.5736
-7.61948
-7.74446
-7.81408
-7.48005
-7.73065
-7.51423
-7.85728
-7.76132
-7.64933
-7.78607
-7.62633
-7.87985
-7.61322
-7.90115
-7.61028
-7.85503
-7.57818
-7.53317
-7.69785
-7.72135
-7.26768
-7.49866
-7.50251
-7.61387
-7.67765
-7.56629
-7.55057
-7.65075
-8.06727
-7.87947
-7.68735
-7.70281
-7.94037
-7.57423
-7.76383
-7.75005
-7.5668
-7.81669
-7.71004
-7.61569
-7.55845
-7.80237
-8.0278
-7.4106
-7.84426
-7.84721
-7.61124
-7.82154
-7.49322
-7.79169
-7.74707
-7.68791
-7.84221
-7.8674
-7.65587
-7.87456
-7.80073
-7.68972
-7.76588
-7.67695
-7.69283
-7.3349
-7.45342
-7.42362
-7.86291
-7.74703
-7.71788
-7.93606
-7.49771
-7.60066
-7.90893
-7.88616
-7.68076
-7.4117
-7.92504
-7.72384
-7.64645
-7.38507
-7.90677
-7.76429
-7.82435
-7.48764
-7.87002
-7.67661
-7.51011
-7.73105
-7.41952
-7.66073
-7.73171
-7.79871
-7.75059
-7.43605
-7.49476
-7.86836
-7.23731
-7.59576
-7.82304
-7.8034
-8.027
-7.98138
-7.32099
-7.7381
-7.72396
-7.85086
-7.8622
-7.80353
-7.98763
-7.62326
-7.62707
-7.48961
-7.80663
-7.85257
-7.56386
-7.88033
-7.63661
-7.91372
-7.99939
-7.51605
-7.395
-7.7289
-8.26787
-7.54977
-7.85505
-7.80763
-7.66268
-7.73503
-7.42599
-7.43662
-7.88404
-7.42866
-7.68544
-7.8423
-7.79974
-7.88657
-7.30235
-7.60782
-7.58928
-7.58341
-7.4691
-7.7137
-8.05194
-7.58626
-7.45159
-7.84119
-8.00184
-7.57045
-7.74833
-7.71898
-7.61184
-7.60873
-7.36517
-7.67823
-7.88367
-7.92459
-7.58006
-7.90322
-7.57772
-7.63754
-7.86075
-7.65737
-7.78282
-7.66429
-7.38609
-7.93339
-7.81536
-7.72332
-7.83737
-7.45152
-7.52929
-7.70675
-7.78291
-7.67933
-7.57284
-7.76874
-7.96842
-7.95679
-7.72373
-7.61744
-7.79236
-7.66995
-7.70093
-7.82441
-7.7759
-7.84105
-7.59276
-7.90031
-7.71564
-7.53237
-7.39704
-7.67716
-7.90495
-7.63297
-7.5486
-7.93388
-7.83682
-7.68106
-7.58731
-7.7928
-7.89392
-7.48831
-7.54283
-7.70425
-7.90661
-7.62721
-7.90958
-7.82634
-7.75256
-7.78992
-7.88315
-7.65692
-7.74056
-7.58627
-8.00793
-7.62535
-7.67569
-7.30697
-7.72324
-7.49582
-7.55929
-8.01939
-7.39751
-7.53237
-7.77979
-7.87437
-7.72816
-7.54258
-7.95242
-7.83391
-7.54635
-7.56273
-7.74533
-7.73061
-7.71073
-7.29115
-7.63352
-7.46182
-7.59443
-7.17784
-7.94227
-7.5063
-7.81847
-7.61375
-7.4344
-7.62163
-7.74916
-7.70174
-7.36223
-7.47442
-7.57193
-7.63699
-7.91992
-7.7282
-7.93857
-7.83864
-7.65107
-7.63066
-7.61349
-7.43961
-7.42907
-7.59486
-7.64054
-7.72772
-7.88584
-7.65421
-7.87477
-7.62856
-7.78428
-7.74175
-7.54817
-7.6815
-7.93691
-7.43986
-7.73075
-7.72138
-7.63969
-7.74099
-7.73323
-7.9327
-7.68571
-7.91893
-7.65383
-7.65189
-7.53083
-7.34935
-7.505
-7.78529
-7.88966
-7.62351
-7.5911
-7.35612
-7.80218
-7.7598
-7.74816
-7.72324
-7.79356
-7.55605
-7.83764
-7.63697
-7.7794
-7.56553
-7.64123
-7.47718
-7.88871
-7.53757
-7.8723
-7.73169
-7.62712
-7.69766
-7.73578
-7.72178
-7.50637
-7.83158
-7.41337
-7.72918
-7.55549
-8.00367
-7.62471
-7.68212
-7.39235
-7.67749
-7.79657
-7.75783
-7.6421
-7.52453
-7.77852
-7.7174
-7.81595
-7.83527
-7.56802
-7.46804
-7.87545
-7.32741
-8.07371
-7.47898
-7.84844
-7.53051
-7.79688
-7.76354
-7.82155
-7.8784
-7.88607
-7.67127
-7.82299
-7.86123
-7.58933
-7.77364
-7.69604
-7.57358
-7.64585
-7.57818
-7.53881
-7.66081
-7.58114
-7.85231
-7.75627
-7.60742
-7.53251
-7.38985
-7.6994
-7.71503
-7.57285
-7.83899
-7.67116
-7.7098
-7.43206
-7.9126
-7.6846
-7.49494
-7.89275
-7.63158
-7.70631
-7.86801
-7.78752
-7.50278
-7.93038
-7.48936
-7.68823
-7.76199
-7.76037
-7.9294
-7.82684
-7.52453
-7.42823
-7.95821
-7.49526
-7.90875
-7.44088
-7.47805
-7.83851
-7.65131
-7.58322
-7.53258
-7.77948
-7.59077
-7.65012
-7.68354
-7.42785
-7.54166
-7.92076
-7.84036
-7.85218
-7.69732
-7.46077
-7.74077
-7.72629
-7.72171
-7.52059
-7.80319
-7.71436
-7.77927
-7.59763
-8.06544
-7.57246
-7.60801
-7.20476
-7.42438
-7.60721
-7.57746
-7.88082
-7.74029
-7.57934
-7.62122
-7.44718
-7.58086
-7.66081
-7.77562
-7.72741
-7.95601
-7.49406
-7.68358
-7.47254
-7.96579
-7.80634
-7.90547
-7.82916
-7.85867
-8.0693
-7.46009
-7.91491
-7.82698
-7.98566
-7.54758
-7.74228
-7.6394
-8.22954
-8.15389
-7.33486
-7.96466
-7.67477
-7.81168
-7.59992
-7.83845
-7.63503
-7.81037
-7.33699
-7.72212
-7.48951
-7.67226
-7.81089
-7.53214
-7.61222
-7.53155
-7.63217
-7.64594
-7.80236
-7.85844
-7.99005
-7.59382
-7.67899
-7.79858
-7.56983
-7.50503
-7.73111
-7.84931
-7.86739
-7.66071
-8.07865
-7.63735
-7.57499
-7.16644
-7.56807
-7.95667
-7.5423
-7.55651
-7.68328
-7.5064
-7.54868
-7.68792
-7.66119
-7.92081
-7.58434
-7.63831
-7.75804
-7.9265
-7.61681
-7.84856
-7.79665
-7.73095
-7.55201
-7.3867
-8.05402
-7.42994
-7.74678
-7.99404
-8.09733
-7.64648
-7.74919
-7.69218
-7.46324
-7.99825
-7.50453
-7.72228
-7.93782
-7.65328
-7.5944
-7.86323
-7.97785
-7.88516
-7.44212
-7.66059
-7.57189
-7.96883
-7.86454
-7.56292
-7.69959
-7.50271
-7.84267
-7.76769
-7.77338
-7.65018
-7.72774
-7.77336
-7.57803
-7.70436
-7.63653
-7.53132
-7.70851
-7.69801
-7.76356
-7.63403
-7.89735
-7.58548
-7.78806
-7.99711
-7.67516
-7.77188
-7.46107
-7.55199
-7.80014
-7.77962
-7.64412
-7.63021
-7.55998
-7.89609
-7.42501
-7.6474
-7.72147
-7.92965
-7.66215
-7.51787
-7.48634
-7.87591
-7.61141
-7.77635
-7.47307
-7.7477
-7.69303
-7.65995
-7.3853
-7.65835
-7.27263
-7.89593
-7.59428
-7.56123
-7.76399
-7.66062
-7.91741
-7.78283
-7.77127
-7.69087
-7.85303
-7.66821
-7.60323
-7.82518
-7.46359
-7.90802
-7.50107
-7.7094
-7.88233
-7.46963
-8.10491
-7.80523
-7.41722
-7.58852
-7.63452
-7.40499
-7.75876
-7.51232
-7.76569
-7.63442
-7.70773
-7.27718
-7.7045
-7.6419
-7.81413
-7.87588
-7.70774
-7.52621
-7.59353
-7.6732
-7.39464
-7.92222
-7.78293
-7.66726
-7.83323
-7.96034
-7.80701
-7.57599
-8.11626
-7.79552
-7.68972
-7.75585
-7.96732
-7.75497
-7.57967
-7.93494
-7.63842
-7.50194
-7.76807
-7.86854
-7.58973
-7.49643
-7.79564
-7.83103
-7.62723
-7.64099
-7.95478
-7.5311
-7.75819
-7.44042
-7.29037
-8.2174
-7.75349
-7.52765
-7.79441
-7.77557
-7.71448
-7.74033
-8.02788
-7.68078
-7.70831
-7.69594
-7.58314
-7.72479
-8.00397
-7.39357
-7.39364
-7.50189
-7.58876
-7.83648
-7.67989
-7.89485
-8.01311
-7.72617
-7.7505
-7.69963
-7.94927
-7.76256
-7.45109
-7.77058
-7.64338
-7.49276
-7.58494
-7.85329
-7.83391
-7.70185
-7.99497
-7.72079
-7.55771
-7.75955
-7.89238
-7.66556
-7.48432
-7.38661
-7.90605
-7.6313
-7.68846
-7.99583
-7.72281
-7.76314
-8.05289
-7.88649
-7.69958
-7.60287
-7.73651
-7.6944
-7.92833
-7.40997
-7.62379
-7.9193
-7.85538
-7.8423
-7.69011
-7.36933
-7.53612
-7.68075
-7.47518
-7.7072
-7.48993
-7.93179
-7.51555
-7.57788
-7.91988
-7.76925
-7.70833
-7.80531
-7.64245
-7.80486
-7.59785
-7.96725
-7.67866
-7.65657
-7.78384
-7.74781
-7.95938
-7.92045
-7.83855
-7.66721
-7.79869
-8.26277
-7.35046
-7.84516
-7.59129
-7.55496
-7.72195
-7.58254
-7.96156
-7.69777
-7.3795
-7.49882
-7.67279
-7.69095
-7.85191
-7.63784
-7.58688
-7.59537
-7.60321
-7.82202
-7.8766
-7.861
-7.67676
-7.56764
-7.86639
-7.7801
-7.73644
-7.40507
-7.89455
-7.77803
-7.70305
-7.95889
-7.47373
-7.31448
-7.78463
-7.42432
-7.94748
-8.17147
-7.63283
-7.56051
-7.67095
-7.52786
-7.61361
-7.76965
-7.84249
-7.82889
-7.79256
-7.93663
-7.52919
-7.69096
-7.67732
-7.74765
-7.71572
-7.84881
-7.5359
-7.67724
-7.7122
-7.84386
-7.63326
-7.66843
-7.89009
-7.70892
-7.9427
-7.81565
-7.66328
-8.01851
-7.6978
-7.62112
-7.68421
-7.89849
-7.87136
-7.48391
-7.70336
-7.68585
-8.06659
-7.57063
-7.50532
-8.12699
-7.83813
-7.69097
-7.67466
-7.66722
-7.72002
-7.80445
-7.90486
-7.48166
-7.78341
-7.88068
-7.50127
-7.66547
-7.69314
-8.00608
-7.73031
-7.79385
-7.56214
-7.61062
-7.67993
-7.73598
-7.87446
-8.03157
-7.89933
-7.78029
-7.84033
-7.77611
-7.51997
-7.61801
-7.72522
-7.67641
-7.63117
-7.73307
-7.94628
-7.63251
-7.55346
-7.80822
-7.41462
-7.88683
-7.48102
-7.37513
-7.54228
-7.27678
-7.691
-7.83026
-7.86699
-7.86809
-7.9215
-7.73541
-7.70081
-7.66293
-7.76456
-7.41638
-7.8881
-7.67055
-7.71067
-7.5466
-7.76755
-7.68403
-7.77521
-7.55578
-7.93394
-7.3284
-7.81653
-7.52969
-7.5031
-7.66942
-7.74222
-7.89562
-7.56991
-7.44144
-8.12067
-7.81668
-7.4267
-7.738
-7.76053
-7.95326
-7.69347
-7.74909
-7.83382
-7.38907
-7.62212
-7.55828
-7.50448
-7.89931
-7.54099
-7.74951
-7.37708
-7.61925
-7.70052
-7.60406
-7.48532
-7.45141
-7.46809
-7.3684
-7.79173
-7.07331
-7.4971
-7.55189
-7.69936
-7.53605
-7.98761
-7.53768
-7.66506
-7.77406
-7.9052
-7.92654
-7.73287
-7.74366
-7.71045
-7.83633
-8.15613
-7.69243
-7.63375
-7.62314
-7.71899
-7.70219
-7.61575
-7.3924
-7.70016
-7.58257
-7.82702
-7.74276
-7.65592
-7.49888
-7.8976
-8.07203
-7.6627
-7.51125
-7.93472
-7.6608
-7.68787
-7.56616
-8.08911
-7.565
-7.47428
-7.78589
-7.51144
-7.99186
-7.58773
-7.46012
-7.37174
-7.67575
-7.47587
-7.65556
-7.47974
-7.88584
-7.63224
-7.50396
-7.50014
-7.92087
-7.93061
-7.81288
-7.58298
-7.10328
-7.4134
-7.43021
-7.74388
-7.72685
-7.76107
-8.25627
-7.92949
-7.77394
-7.81688
-7.67923
-8.03442
-7.53467
-7.64029
-7.37956
-7.58875
-7.55905
-7.83719
-7.63146
-7.42106
-7.73586
-7.90034
-8.20094
-7.71803
-7.64136
-7.66571
-7.99079
-7.78045
-7.60151
-7.74194
-7.66207
-7.41014
-7.53114
-7.59833
-7.80822
-7.46356
-7.5281
-7.86332
-7.48485
-7.90008
-7.23567
-7.79627
-7.21028
-7.90604
-7.72134
-7.57601
-7.54741
-7.58862
-7.55718
-7.87076
-7.68022
-7.33123
-7.61732
-7.81456
-8.0385
-7.65334
-7.70913
-7.27219
-7.49521
-7.68652
-7.96021
-7.58571
-7.54496
-7.85378
-7.66501
-7.83727
-7.99535
-7.7632
-7.53392
-7.83318
-7.6963
-7.69281
-7.62364
-7.90782
-7.95673
-7.68159
-7.45964
-7.46119
-7.78782
-7.61215
-7.72804
-7.41963
-7.7468
-7.56665
-7.4739
-8.22564
-7.70121
-7.78855
-7.69715
-7.72911
-8.00862
-7.78612
-7.69192
-7.80453
-7.73591
-7.16451
-7.67833
-7.84489
-7.76513
-7.79521
-7.51853
-7.82229
-7.75416
-7.72696
-7.5357
-7.83826
-7.7755
-8.01202
-7.86103
-7.71185
-7.74574
-8.01622
-7.73377
-7.46068
-7.76722
-7.53237
-7.70229
-8.05184
-7.41754
-7.44812
-7.48596
-7.63311
-7.97249
-7.8571
-7.53616
-7.74372
-7.96073
-7.95189
-7.47962
-7.70935
-7.71772
-7.58672
-7.85214
-7.77772
-7.72347
-7.9136
-7.65273
-7.47302
-7.64847
-7.43058
-7.91041
-7.69461
-7.63331
-7.74653
-7.55322
-8.02464
-7.98775
-7.36562
-7.56755
-7.71113
-7.51848
-7.70844
-7.49782
-7.99018
-7.71735
-7.75132
-7.58149
-7.68648
-7.50396
-7.48071
-7.60143
-7.59672
-7.9037
-7.66781
-7.62224
-8.06346
-7.74502
-7.74707
-7.65113
-7.52661
-7.68564
-7.49603
-7.54698
-7.74345
-7.52451
-7.48342
-7.79536
-7.75319
-7.85237
-7.56674
-7.63109
-7.69768
-8.07345
-7.47634
-7.76227
-7.92228
-7.59762
-7.85197
-7.57024
-7.61412
-7.81195
-7.72375
-7.29113
-7.35498
-7.56948
-7.59453
-7.94557
-7.62399
-7.5464
-7.74164
-7.70424
-7.5787
-7.52307
-7.00294
-7.7115
-7.56604
-7.82088
-7.6037
-7.52009
-7.77021
-7.89145
-8.12616
-7.83343
-7.53691
-8.00158
-7.68423
-7.71584
-7.84699
-7.8629
-7.72279
-7.50539
-7.85726
-7.69735
-8.07098
-7.90945
-7.45278
-7.44071
-7.72963
-7.68891
-7.60822
-7.52513
-7.68235
-7.88917
-7.40543
-7.81481
-7.41463
-7.97463
-7.43963
-7.82466
-7.67282
-8.0114
-7.64522
-7.6976
-7.35668
-7.83072
-7.6136
-7.80355
-7.58738
-7.55422
-7.92914
-7.86218
-7.90666
-7.92636
-7.81051
-7.75594
-7.89924
-7.48109
-7.94406
-7.51062
-7.90677
-8.06944
-7.65111
-7.75345
-7.55844
-7.63349
-7.64613
-7.74657
-7.4386
-7.52543
-7.91776
-7.66862
-8.16502
-7.47077
-7.92171
-7.95327
-7.7739
-7.66046
-7.77431
-7.74213
-8.14646
-7.68493
-7.63416
-7.94636
-7.5362
-7.3267
-7.92273
-7.52987
-7.4281
-7.75423
-7.53519
-7.54361
-7.77502
-7.53188
-7.61857
-7.59907
-7.6002
-7.73022
-8.1076
-7.61214
-7.77057
-7.78843
-7.79667
-7.64912
-7.76135
-7.613
-7.72974
-7.71604
-7.86706
-7.61954
-7.47122
-7.70556
-7.86194
-7.5894
-7.81547
-7.7443
-7.77703
-7.86407
-7.6081
-7.58897
-7.34843
-7.88377
-7.24966
-7.97457
-7.638
-7.31085
-7.87213
-7.47508
-7.53005
-7.74544
-7.64335
-7.84484
-7.82081
-7.62665
-7.55723
-7.60227
-8.07517
-7.97718
-7.22338
-7.66506
-7.80377
-7.80464
-7.58435
-7.65873
-7.61705
-7.66819
-7.34518
-7.75877
-7.72037
-7.52301
-7.51807
-7.76635
-7.51643
-7.64287
-7.64302
-7.81877
-7.54074
-7.68333
-7.61094
-7.56109
-7.33398
-7.81594
-7.50537
-7.68998
-7.3515
-7.72933
-7.71248
-7.79289
-7.55221
-7.70681
-7.75769
-7.57494
-7.8248
-7.53681
-7.71031
-7.55569
-7.82878
-7.67032
-7.60037
-8.02187
-7.48801
-7.63495
-7.72397
-7.81165
-7.91705
-7.44448
-7.78757
-7.46764
-7.71708
-7.75787
-8.0303
-7.80714
-7.77783
-7.49253
-7.74901
-7.39277
-8.00932
-7.66771
-7.58541
-7.4943
-7.69457
-7.96874
-7.93141
-7.4862
-7.60527
-7.77487
-8.00717
-7.64235
-7.73574
-7.3036
-7.69617
-7.73564
-7.93335
-7.79417
-7.71612
-7.76281
-7.69221
-7.76806
-7.55567
-7.72545
-8.10893
-7.44847
-7.43926
-7.82846
-7.84396
-8.04879
-7.81561
-7.86678
-7.67901
-7.42326
-8.02164
-7.50985
-7.87123
-8.01068
-7.71771
-7.81441
-7.93626
-7.59784
-8.00924
-7.43132
-7.82881
-7.52244
-7.81276
-7.78856
-7.67639
-7.9455
-7.49922
-7.68377
-7.70555
-7.78153
-7.87765
-7.48279
-7.80672
-7.87052
-7.53229
-7.39479
-7.92863
-7.56582
-7.81292
-7.85975
-7.79086
-7.80742
-7.87793
-7.39403
-7.57323
-7.5398
-7.72558
-7.22062
-7.94295
-7.72227
-7.78359
-7.69931
-7.65885
-7.70278
-7.63634
-7.59993
-7.82978
-7.57799
-7.4441
-7.80979
-7.84802
-7.80143
-7.70527
-7.51296
-7.83666
-7.74359
-8.01388
-7.52369
-7.96311
-7.93252
-7.70764
-7.65784
-7.87258
-7.53331
-7.88973
-7.80911
-7.74093
-7.92877
-7.66018
-7.54905
-7.97977
-7.89597
-7.83078
-7.74625
-7.5783
-7.84169
-7.77508
-7.53471
-7.78417
-7.81571
-7.57132
-7.67778
-7.73272
-7.51158
-7.93837
-7.748
-7.83398
-7.95669
-7.63968
-7.33789
-7.76234
-7.59652
-7.53832
-7.62486
-7.73833
-7.42982
-7.69679
-7.47011
-7.64339
-7.60975
-7.75868
-7.88484
-7.33485
-7.65236
-7.6853
-7.70604
-7.92676
-7.7788
-7.57457
-7.77951
-7.80538
-7.57291
-7.78538
-8.20254
-7.42279
-7.85853
-7.55787
-7.35701
-7.42186
-8.02818
-8.02373
-7.84376
-7.74162
-7.55016
-7.94163
-7.67417
-7.68378
-7.82403
-7.69333
-7.74846
-7.37951
-7.56717
-7.85248
-7.48209
-7.5638
-7.6201
-7.71597
-7.64422
-7.94421
-7.90805
-7.60445
-7.74068
-7.76068
-7.64271
-7.53115
-7.41215
-7.69963
-7.66056
-7.60207
-7.77842
-7.49431
-7.905
-7.68261
-7.93599
-7.86675
-7.41018
-7.95556
-7.92617
-7.8253
-7.80532
-7.64971
-7.86922
-7.5565
-7.6888
-7.57728
-7.49151
-7.24892
-7.82046
-7.57867
-7.26087
-7.75897
-7.80879
-7.74913
-7.68264
-7.92225
-7.92778
-7.75148
-7.82929
-7.85062
-7.75265
-7.47494
-7.91127
-7.73707
-7.55374
-7.8816
-7.83532
-7.92882
-7.80387
-7.95968
-7.6322
-7.76365
-7.41893
-7.73962
-7.45072
-7.83958
-7.76063
-7.84835
-7.5075
-7.57959
-7.77809
-7.65614
-8.02617
-7.44668
-7.61736
-7.87092
-8.00567
-7.36161
-7.81007
-7.75269
-7.7906
-7.65222
-8.12703
-7.6799
-7.60651
-7.61616
-7.46947
-7.73178
-7.99294
-7.71246
-7.81586
-7.68967
-7.80367
-7.88965
-7.65619
-7.79119
-7.78516
-7.80954
-7.52996
-7.65318
-7.45331
-7.53569
-7.81167
-7.79139
-7.43316
-7.84071
-7.65151
-7.49894
-7.95287
-7.62374
-7.7842
-7.71815
-7.60036
-7.67408
-7.65465
-7.79442
-7.78484
-7.63212
-7.49539
-7.3604
-7.3718
-7.77328
-7.58178
-7.81181
-7.4103
-7.71924
-7.63466
-7.83138
-7.67565
-7.33051
-7.84992
-7.58233
-8.11367
-7.81063
-7.7206
-7.73065
-7.72405
-7.36451
-8.13826
-7.82604
-7.43233
-7.64108
-7.70425
-7.60296
-7.74458
-7.53274
-7.63421
-7.74522
-7.55075
-7.74598
-7.79073
-7.56777
-7.93987
-7.43153
-7.39317
-7.66953
-7.5122
-7.49136
-8.03239
-7.54305
-7.81012
-7.83976
-7.66057
-7.42536
-7.56766
-7.91516
-7.53193
-8.05737
-7.89205
-7.86993
-7.81288
-7.78547
-7.61115
-7.78227
-7.68918
-7.66492
-7.65689
-7.77744
-7.61423
-7.80054
-7.76799
-7.81761
-7.96645
-7.92733
-7.4756
-7.66525
-7.59067
-7.6465
-7.55503
-7.25239
-7.48922
-7.48285
-7.5857
-7.72924
-7.70156
-7.90607
-7.5867
-7.47332
-7.74022
-7.71428
-7.6491
-7.45689
-7.97735
-7.77632
-7.50731
-7.80477
-7.85384
-7.57036
-7.68486
-7.38568
-7.51995
-7.68709
-8.02475
-8.01937
-7.70373
-7.63093
-7.69371
-7.48881
-7.58759
-7.60304
-7.78362
-7.72783
-7.8041
-7.87225
-7.82815
-7.46026
-7.67275
-7.85731
-7.68638
-7.84161
-7.61872
-7.89797
-7.74493
-7.72128
-7.55351
-7.88076
-7.81432
-7.39187
-7.82854
-7.66988
-7.70415
-7.58629
-7.61917
-7.71384
-7.97871
-7.51564
-7.26306
-7.58288
-7.67791
-7.53423
-7.6786
-7.77452
-7.65274
-7.85601
-7.73049
-7.75289
-7.56583
-7.68592
-7.79063
-7.69934
-7.61494
-8.07182
-7.60456
-7.85945
-7.85636
-7.72475
-7.86032
-7.84595
-7.47925
-7.99489
-7.69468
-7.92352
-7.55947
-7.68572
-7.67623
-7.33513
-7.68506
-7.95905
-7.54634
-7.99844
-7.99782
-7.92205
-7.49285
-7.49737
-7.81289
-7.54192
-7.61249
-7.92167
-7.71135
-7.54697
-7.69201
-7.58205
-7.48281
-7.67564
-7.64173
-7.43393
-7.95995
-7.6038
-7.4489
-7.4476
-8.06183
-7.68306
-7.44389
-7.71206
-7.56657
-7.8926
-8.02548
-7.79975
-7.79051
-7.71367
-7.83775
-7.76723
-7.58502
-7.57289
-7.49349
-7.82241
-7.56841
-7.58522
-7.93446
-7.58131
-7.7039
-7.63249
-7.31727
-7.73882
-7.59773
-7.65537
-8.10176
-7.70349
-7.82736
-7.65542
-7.66491
-7.55451
-7.67477
-7.51517
-7.76561
-7.76519
-7.81663
-7.5934
-7.63162
-7.37924
-7.72157
-7.46423
-7.33404
-7.85717
-7.7871
-7.50466
-7.76012
-7.42315
-7.73812
-7.47003
-7.81971
-7.54034
-7.54742
-7.87558
-7.48121
-7.47641
-7.8669
-7.24739
-7.87184
-7.61245
-7.53963
-7.69997
-7.55609
-7.51797
-8.02931
-7.88779
-7.61364
-7.67886
-7.77934
-7.5755
-7.66561
-7.4619
-7.93011
-7.78128
-7.53257
-7.48294
-7.98692
-7.79297
-7.89735
-8.18197
-7.72615
-8.04502
-7.64957
-7.78378
-7.805
-7.95421
-7.63099
-7.43265
-7.67687
-7.62454
-7.46957
-7.6852
-7.96421
-7.76915
-7.6735
-7.78411
-7.73928
-7.69191
-7.7705
-7.64261
-7.94867
-7.88785
-7.43358
-7.8928
-7.69126
-7.52067
-8.07151
-7.70123
-7.8284
-7.91378
-7.54278
-7.65937
-7.82013
-7.8541
-7.77949
-7.74527
-7.64641
-7.79714
-7.80065
-7.79288
-7.75513
-7.68532
-7.52763
-7.32595
-7.37524
-7.81904
-7.49064
-7.8747
-7.55818
-7.9002
-7.42789
-7.85246
-7.41431
-7.75499
-7.74772
-7.59063
-7.62696
-7.44939
-7.64235
-7.41138
-7.70019
-7.68049
-7.68843
-7.64745
-7.53476
-7.80093
-7.9283
-7.76166
-7.85516
-7.88458
-7.33749
-7.7264
-7.84691
-7.53992
-7.78776
-7.49047
-7.82909
-7.62812
-7.69543
-7.59563
-7.97519
-7.26316
-7.65119
-7.57689
-7.74183
-7.52635
-7.84289
-7.43959
-7.58858
-7.81227
-7.69337
-7.666
-7.90377
-7.79434
-8.01511
-7.58732
-8.0863
-7.70608
-7.62475
-8.00507
-7.55796
-7.81405
-7.74321
-7.76003
-7.67908
-7.8645
-7.88663
-7.59895
-7.63509
-7.6328
-7.56212
-7.51466
-7.58845
-7.88753
-7.8738
-7.74488
-7.74633
-7.46131
-7.92309
-7.95898
-7.754
-7.72759
-7.53857
-7.53177
-8.0273
-7.83939
-7.73643
-7.88063
-8.02114
-7.58872
-7.41908
-7.68468
-7.41089
-7.7202
-7.59191
-7.36046
-7.87761
-7.63504
-7.72292
-8.08818
-7.70594
-7.84384
-7.7002
-7.58235
-7.22932
-7.96464
-8.08518
-8.05922
-7.74801
-7.50612
-7.72718
-7.63442
-7.38428
-7.8735
-7.72341
-7.43032
-7.80097
-7.86135
-7.75869
-7.80452
-7.7056
-7.73971
-7.64671
-7.62782
-7.6653
-7.78128
-7.71278
-7.59335
-7.54519
-7.64076
-7.63485
-7.63324
-7.63741
-7.78393
-7.81869
-7.62364
-7.5513
-7.53276
-7.61144
-7.76863
-7.60564
-7.75322
-7.42868
-7.58259
-7.80905
-8.03101
-7.70139
-7.51487
-7.90424
-7.66149
-7.56251
-7.72101
-7.64199
-7.74287
-7.35809
-7.90089
-7.85957
-7.59771
-7.65294
-7.83923
-7.99562
-7.61175
-7.68866
-7.68252
-7.5957
-7.80387
-7.58682
-7.66739
-7.72868
-7.7722
-7.78235
-7.82116
-7.66052
-7.96381
-7.88486
-7.72482
-7.86824
-7.65873
-8.15595
-7.53451
-7.81866
-7.88586
-7.50851
-7.79371
-7.86077
-7.70035
-7.87418
-7.86633
-7.3159
-7.28112
-7.54026
-7.58907
-7.84726
-7.48306
-7.71154
-7.62698
-8.09213
-7.46003
-7.27457
-7.71977
-7.6989
-8.00888
-8.37219
-7.84021
-7.69072
-7.44393
-7.65994
-7.59458
-7.95607
-7.84028
-7.63349
-7.86024
-7.62367
-7.41456
-7.74367
-7.56633
-7.5209
-7.60581
-7.91303
-7.70246
-7.58829
-7.7041
-7.75775
-8.15108
-7.52584
-7.53393
-7.45909
-7.73514
-7.70243
-8.01874
-7.56271
-7.77271
-8.05163
-7.62648
-7.80322
-7.84828
-7.47364
-7.71271
-7.51004
-7.64008
-7.89445
-7.28264
-7.4305
-7.53916
-7.57697
-7.60081
-7.42295
-7.30577
-7.6912
-7.57794
-7.71496
-7.91785
-7.84902
-7.80982
-7.67703
-7.59749
-7.58696
-7.63124
-7.45208
-7.8659
-7.32783
-7.69439
-7.86447
-7.49457
-7.59379
-7.55095
-7.22064
-7.65877
-7.71689
-7.5482
-7.86742
-7.49315
-7.86976
-7.47903
-7.56197
-7.88919
-7.7873
-7.74065
-8.10831
-7.54937
-7.72791
-7.73123
-7.65496
-7.69396
-7.50589
-7.72884
-7.33441
-7.60085
-7.92074
-7.96056
-7.69382
-7.56484
-7.62787
-7.6044
-7.53393
-7.6571
-7.75366
-7.70118
-7.66082
-7.52968
-7.85884
-7.76582
-7.68022
-7.82937
-7.51638
-7.87428
-7.51533
-7.99369
-7.75426
-7.62359
-7.53067
-7.68691
-7.47241
-7.82843
-7.39822
-7.81445
-7.58562
-7.78633
-7.47705
-7.7783
-7.67464
-7.8897
-7.86047
-8.00873
-7.36198
-7.93092
-7.9386
-7.60303
-7.85253
-7.49972
-7.38814
-7.77165
-7.82763
-7.56245
-7.51938
-7.68541
-7.7915
-7.57598
-7.78031
-7.62647
-7.63237
-7.61463
-7.99906
-7.61227
-7.68802
-7.60521
-7.67489
-7.45911
-7.43542
-7.85074
-7.64089
-7.91238
-7.62069
-7.78685
-7.85153
-7.72516
-7.64822
-7.66927
-7.72194
-7.87231
-7.71651
-7.5905
-7.61219
-7.57816
-7.62756
-7.62899
-7.73528
-7.84895
-7.72073
-7.39032
-7.54958
-7.95636
-7.61311
-7.69339
-7.92664
-7.58647
-7.67242
-7.47434
-7.96449
-7.48804
-7.48868
-7.9529
-7.56885
-7.56925
-7.74535
-7.69243
-7.55822
-8.01429
-7.5659
-7.76713
-7.76245
-7.51159
-7.89274
-7.57792
-7.53844
-7.73362
-7.5741
-7.87636
-7.8169
-7.68139
-7.67261
-7.35791
-7.51312
-8.01048
-7.85024
-7.95717
-7.71763
-7.80434
-7.8261
-8.02109
-7.69526
-7.49459
-7.65317
-7.57677
-7.43267
-7.67608
-7.68979
-7.80859
-7.75024
-7.94073
-7.69308
-7.67162
-7.72358
-7.60176
-7.63601
-7.81727
-7.56447
-7.82303
-7.89041
-7.62951
-7.76572
-7.61263
-7.45629
-7.51436
-7.41572
-7.62035
-7.93357
-7.52712
-7.74174
-7.65594
-7.75724
-7.8386
-7.89471
-7.89337
-7.69881
-7.65602
-7.56473
-7.62328
-7.59516
-7.90833
-7.62698
-7.40312
-7.30357
-7.93448
-7.66508
-7.72283
-7.45344
-7.66516
-7.71575
-8.14322
-7.72853
-7.65756
-7.82933
-7.41801
-7.65659
-7.39709
-7.9531
-7.85781
-7.43235
-7.50134
-7.57008
-7.75272
-7.89435
-7.4617
-7.59171
-7.69623
-7.48288
-7.82786
-7.82801
-7.63807
-7.7311
-7.85359
-8.19461
-7.39375
-7.75419
-8.07262
-7.74053
-7.48988
-7.81496
-7.96457
-7.51553
-7.7285
-7.22876
-7.52781
-7.65584
-7.52904
-7.56956
-7.62308
-7.59818
-7.53735
-7.21745
-7.45799
-7.83653
-7.72388
-7.65202
-7.4876
-7.60438
-7.57101
-7.60534
-7.36495
-7.95106
-7.66024
-7.63926
-7.76223
-7.84948
-7.66075
-7.44227
-7.61256
-7.85691
-7.81271
-7.964
-7.82766
-7.71109
-7.46849
-7.56401
-7.56969
-7.72465
-7.7124
-7.51138
-7.28268
-7.53077
-7.49746
-7.53494
-7.67875
-7.50725
-8.2149
-8.07769
-8.15581
-7.40887
-7.56655
-7.71045
-7.77453
-7.84399
-7.83325
-7.47577
-7.42739
-7.4738
-7.71162
-7.83247
-7.46545
-7.67459
-7.39807
-7.69802
-8.21823
-7.92057
-7.80979
-7.3596
-7.73212
-7.72375
-7.77394
-7.87535
-7.66912
-7.94495
-7.43523
-7.43615
-7.82491
-7.63325
-7.30541
-7.77576
-7.72731
-7.65354
-7.8127
-7.64925
-7.96025
-7.79612
-7.77003
-7.64219
-8.00407
-7.65164
-7.67047
-7.48776
-7.47002
-7.8751
-7.83787
-7.81502
-7.90002
-7.65162
-7.36131
-7.62526
-7.442
-7.80271
-7.76445
-7.58147
-7.79333
-7.482
-7.68554
-7.72253
-7.42509
-7.44702
-7.63424
-7.6875
-7.66867
-7.47694
-8.12639
-7.87985
-7.55536
-7.87308
-7.99885
-7.92972
-7.75017
-7.70846
-7.66435
-7.42959
-7.63329
-7.63583
-7.6774
-7.48937
-7.68115
-7.5882
-7.65907
-7.57558
-7.5767
-7.44412
-7.91366
-7.49185
-8.00101
-7.71846
-7.52721
-7.52852
-7.63365
-7.46727
-7.7534
-7.87169
-7.49822
-7.99724
-7.5836
-7.66674
-7.77355
-7.90676
-7.76361
-7.85252
-7.82099
-7.80101
-7.51954
-7.62429
-7.85072
-7.64687
-7.8265
-7.68056
-7.90869
-7.6829
-7.97528
-7.50394
-7.59202
-7.56537
-7.90955
-7.84866
-7.56951
-7.89919
-7.66503
-7.85307
-7.71335
-7.61785
-7.67494
-7.7128
-7.65477
-7.81215
-7.66546
-7.96829
-7.76929
-7.97738
-7.59794
-7.736
-7.2482
-7.86197
-7.38818
-7.62454
-7.54735
-7.76598
-7.75434
-7.79845
-7.9709
-7.92472
-7.80132
-7.65695
-7.63256
-7.69062
-7.82124
-7.74854
-7.21914
-7.56642
-7.69895
-7.50739
-7.85598
-7.66033
-7.80121
-7.65373
-7.97507
-7.50086
-7.63363
-7.65187
-7.6268
-7.86725
-7.66505
-7.60204
-7.95307
-7.72098
-7.66618
-7.9046
-7.55187
-7.58875
-7.71129
-7.76293
-7.78566
-7.70776
-7.86299
-8.06149
-7.72601
-7.84661
-7.76305
-7.83866
-7.60923
-7.87709
-7.54294
-7.74763
-7.77878
-7.74132
-7.79245
-7.95785
-7.53647
-7.62795
-7.50055
-7.66501
-7.82935
-7.9184
-7.96667
-7.5278
-7.99516
-7.52813
-7.79237
-7.4413
-7.75921
-7.61345
-7.63118
-7.5811
-7.6272
-7.7789
-7.35522
-7.47174
-7.81818
-7.85868
-7.91359
-7.59185
-7.78804
-7.82479
-7.60725
-7.62433
-7.74819
-7.54923
-7.55081
-7.66213
-8.10566
-7.70045
-7.80655
-7.42205
-7.28573
-7.6938
-7.43498
-7.46281
-7.99736
-7.86719
-7.73596
-7.79069
-7.54422
-7.71815
-7.74185
-7.71686
-7.78212
-7.48907
-8.00223
-7.88276
-7.44985
-7.56475
-7.63412
-7.60393
-7.59294
-7.64194
-7.84492
-7.85645
-7.65726
-7.98114
-7.8735
-7.69419
-7.81348
-7.7533
-7.7833
-7.47515
-7.58962
-7.9969
-7.69414
-8.01598
-7.78811
-7.82689
-7.89215
-7.70796
-7.2525
-7.74916
-7.59502
-7.53189
-7.71758
-7.48114
-7.79913
-7.77946
-7.70115
-7.83052
-7.72114
-7.81623
-7.53509
-7.46474
-7.76148
-7.71317
-8.07587
-7.70115
-7.83861
-8.07899
-7.48085
-7.66007
-7.46541
-8.00555
-7.31012
-7.94889
-7.72294
-7.84444
-7.96903
-7.54978
-7.5397
-7.56529
-7.85911
-7.79597
-7.78882
-7.6519
-7.79997
-7.73191
-7.71258
-7.64558
-7.74358
-7.34933
-8.01566
-7.59389
-7.56328
-7.52581
-8.02989
-7.60858
-7.65924
-7.58226
-7.74298
-7.65718
-7.67717
-7.77896
-7.67274
-7.69612
-7.86586
-7.88136
-7.94267
-7.52091
-7.68347
-7.60113
-7.95568
-7.57826
-7.41079
-7.90102
-7.63518
-7.23337
-7.66946
-7.82268
-7.60018
-7.82838
-7.4309
-7.69039
-7.66573
-7.41128
-7.55496
-7.7391
-7.64554
-7.60642
-7.87813
-7.84647
-7.76998
-7.81952
-7.69032
-7.4741
-7.6235
-7.74592
-7.83068
-7.43645
-7.69851
-7.64865
-7.77642
-7.7658
-7.68464
-7.77895
-7.83152
-7.93492
-7.73983
-7.45079
-7.49096
-7.79961
-7.73896
-7.79142
-7.33521
-7.33013
-7.91865
-7.46136
-7.65021
-7.75233
-7.83836
-7.71131
-7.67988
-7.75682
-7.92565
-7.71624
-7.49511
-7.63227
-7.92349
-7.78614
-7.70978
-7.64061
-7.40125
-8.01762
-8.00599
-7.67655
-7.43037
-7.68929
-7.45903
-7.70313
-7.92292
-7.53268
-7.9001
-7.56561
-8.04397
-7.9281
-7.80215
-7.5189
-7.761
-7.88052
-7.49759
-7.48665
-7.44268
-7.8029
-7.67745
-7.70868
-7.83096
-7.93337
-7.88891
-7.89173
-7.82214
-7.82129
-7.86108
-7.70274
-7.53162
-7.58062
-7.95448
-7.64715
-7.89941
-7.86658
-7.76058
-7.77563
-7.87131
-7.71078
-7.61013
-7.39205
-7.47651
-7.5533
-7.6255
-7.6092
-7.4522
-7.71769
-7.6971
-7.526
-7.76371
-7.68091
-7.68464
-7.73362
-7.54064
-7.79096
-7.50042
-7.74625
-7.69587
-7.57076
-7.60375
-7.84237
-7.55406
-7.96636
-7.68394
-7.62483
-7.69062
-7.42352
-7.85606
-7.30501
-7.5165
-7.62933
-7.72078
-7.96516
-7.90504
-7.48207
-7.71032
-7.96142
-7.68268
-7.74515
-7.6238
-7.52693
-8.10353
-7.46072
-7.46654
-7.60705
-7.79755
-7.48966
-7.651
-7.56694
-7.73479
-7.70964
-7.99585
-7.49583
-7.62564
-7.44425
-7.7782
-7.54501
-7.85392
-7.66849
-7.96887
-7.68255
-7.76061
-7.50607
-8.07797
-7.30695
-7.56736
-7.96663
-7.64261
-7.4259
-7.79709
-7.4885
-7.86218
-7.6264
-7.81766
-7.84222
-7.78198
-7.69685
-7.5794
-7.84841
-7.38919
-7.41358
-7.80932
-7.74805
-7.30372
-8.0093
-7.63591
-7.74754
-7.73905
-7.56145
-7.49556
-7.66692
-7.42895
-7.65091
-7.80564
-7.60088
-7.70004
-7.77162
-7.58368
-7.7439
-7.70845
-7.80754
-7.83831
-7.4392
-7.93618
-7.45971
-7.6122
-7.4994
-7.58203
-7.83221
-7.73709
-7.57366
-7.72105
-7.76062
-7.7445
-7.74702
-7.75085
-7.99757
-7.91763
-7.87847
-7.6266
-7.84216
-7.91659
-7.59749
-7.77219
-7.56352
-7.64151
-7.75579
-7.5637
-8.03034
-7.74054
-7.61051
-7.8941
-7.53198
-7.52531
-7.6805
-7.3887
-7.8102
-7.46811
-7.73761
-7.55804
-7.8939
-7.66211
-7.64307
-7.51306
-7.56685
-7.38015
-7.37954
-7.76173
-7.89428
-7.76099
-7.72757
-7.77826
-7.74258
-7.92297
-7.82844
-7.68349
-7.89036
-7.96772
-7.64449
-7.75005
-7.87492
-7.6784
-7.36355
-7.59716
-8.04185
-7.71577
-7.69559
-7.99658
-7.77865
-7.68806
-7.54227
-7.65145
-7.64537
-7.90206
-7.40005
-7.51952
-7.72577
-7.90266
-7.64136
-7.67573
-7.77436
-7.50658
-7.48281
-7.58479
-7.72772
-7.41921
-7.51001
-7.70845
-7.63623
-7.80449
-7.54658
-7.76944
-7.91087
-7.59738
-7.58079
-7.89548
-7.79279
-7.87906
-7.91628
-7.82839
-7.86087
-7.7082
-7.63458
-7.90085
-7.57421
-7.86787
-7.41502
-7.51184
-7.56658
-7.81499
-7.66305
-7.66427
-7.44285
-7.24853
-7.95231
-7.86953
-7.63316
-7.70468
-7.5167
-7.74082
-7.70296
-7.58802
-7.40086
-7.70764
-7.79507
-7.37665
-7.75099
-7.95309
-7.66014
-7.65779
-8.03773
-7.51219
-7.75265
-7.73174
-7.80355
-7.55079
-7.68686
-7.72457
-7.59532
-7.65782
-7.68362
-7.56624
-7.75648
-7.49189
-7.91319
-7.6347
-7.90681
-7.82824
-7.85366
-7.67554
-7.72627
-7.75324
-7.67333
-7.36029
-7.76445
-7.52099
-7.41842
-7.62104
-7.76291
-7.82793
-7.88592
-7.85583
-7.8201
-7.75775
-7.79892
-7.63717
-7.69949
-7.11749
-7.68988
-7.59684
-7.6354
-7.26911
-7.49916
-7.62545
-7.90143
-7.55543
-7.91666
-7.68767
-7.53401
-7.75646
-7.63149
-7.51428
-7.60524
-7.62587
-7.74698
-7.8514
-7.73144
-7.72751
-7.96218
-7.72353
-7.28259
-7.76036
-7.53469
-7.50606
-7.54749
-7.67564
-7.63966
-7.62884
-7.52772
-7.9654
-7.69972
-7.59546
-7.89931
-7.57834
-7.9214
-7.68479
-7.75093
-7.66092
-7.73384
-7.58455
-7.49877
-7.80296
-7.64915
-7.61806
-7.77694
-7.6325
-7.27208
-7.87185
-7.43045
-7.4528
-7.72978
-7.72719
-7.76044
-7.85177
-7.61176
-7.66386
-7.78752
-7.45456
-7.74055
-8.1245
-7.56949
-7.5755
-7.7598
-7.89777
-7.62329
-7.73477
-7.59513
-7.76189
-7.79909
-7.39834
-7.62253
-7.96426
-7.90548
-7.52884
-7.59461
-7.60343
-7.75661
-7.63951
-8.0437
-7.99937
-7.55976
-7.83287
-7.6962
-7.51565
-7.94185
-7.44837
-7.76293
-7.51197
-7.63739
-7.78722
-7.92074
-7.41082
-7.86413
-7.67606
-7.93475
-7.28436
-8.00669
-7.46315
-7.70915
-8.05045
-7.66325
-7.45401
-7.76568
-7.86838
-7.55947
-7.65678
-7.72663
-7.43921
-7.45303
-7.82441
-7.6455
-7.50214
-7.77091
-7.25982
-7.90254
-7.68404
-7.70623
-7.77968
-7.75518
-7.51488
-7.63224
-7.67334
-7.83376
-7.4828
-7.59964
-7.63578
-7.91181
-7.59647
-7.74347
-7.68728
-7.73046
-7.47704
-8.05429
-7.72668
-7.6207
-7.54554
-8.03188
-7.75168
-7.61688
-7.93577
-7.82683
-7.72937
-7.82771
-7.57822
-7.4487
-7.37181
-7.50203
-7.85369
-7.47419
-7.75154
-8.1111
-8.06165
-7.49185
-7.55621
-7.90391
-7.54348
-7.56253
-7.55644
-7.83328
-7.61812
-7.89692
-7.63209
-7.79555
-7.85066
-7.59993
-7.64088
-7.73713
-7.86466
-7.82927
-7.77887
-7.61799
-7.96686
-7.80971
-7.69744
-7.41766
-7.84767
-7.71813
-7.39915
-7.76949
-7.73989
-7.52403
-7.5473
-7.64911
-7.49715
-7.74738
-7.31712
-7.66361
-7.84754
-7.86251
-7.62427
-7.63407
-7.66205
-8.06299
-7.65089
-7.69841
-7.88401
-7.52721
-7.48961
-7.44743
-7.42905
-8.11718
-7.70538
-7.92842
-7.92148
-7.6825
-7.55866
-7.68664
-7.51214
-7.54573
-7.74627
-7.51179
-7.56633
-7.69293
-7.6987
-7.69302
-7.71883
-7.70727
-7.65247
-8.08089
-7.61922
-7.86173
-7.85878
-7.29374
-7.87881
-7.46779
-7.72087
-7.76427
-7.79082
-7.69806
-7.68899
-7.93767
-7.62949
-7.72603
-7.53154
-7.73813
-7.7093
-7.68023
-7.14859
-7.65231
-7.77936
-7.60203
-7.62188
-7.76369
-7.49752
-7.47639
-8.19948
-7.59945
-7.31751
-7.64653
-7.33782
-7.63695
-7.4726
-7.69749
-8.14863
-7.74773
-8.15017
-7.57794
-7.76147
-7.58457
-7.6821
-7.70151
-7.47498
-7.56008
-7.61374
-7.59816
-7.75787
-7.55432
-7.86076
-7.36129
-7.42919
-7.85366
-7.48376
-7.81101
-7.88113
-7.40595
-7.64823
-7.52686
-7.76574
-7.59162
-7.53905
-7.97871
-7.6761
-7.64105
-8.12403
-7.52924
-7.7711
-7.64352
-7.67795
-7.66099
-7.56688
-7.90311
-7.81775
-7.38198
-8.06896
-7.65214
-7.70097
-7.58121
-7.53223
-7.68057
-7.55237
-7.66579
-7.89312
-7.79406
-7.66052
-7.55781
-7.88509
-7.80443
-7.64084
-7.86404
-7.53426
-7.75429
-7.73852
-7.60198
-7.58018
-7.38028
-7.54724
-8.11295
-7.66439
-7.40204
-7.59965
-7.6035
-7.66277
-7.81516
-7.77672
-7.58213
-7.6868
-7.63141
-7.71192
-7.7192
-7.41419
-7.69632
-7.95703
-7.53038
-8.03304
-7.54431
-7.56768
-7.73989
-7.9235
-7.59471
-7.644
-7.67567
-7.90649
-7.47778
-7.59752
-7.67758
-7.71257
-7.84342
-7.91319
-7.87405
-7.51468
-7.73801
-7.72852
-7.67414
-7.42049
-7.6456
-7.84171
-7.62861
-7.73759
-7.75978
-7.397
-7.64084
-7.9692
-7.40475
-7.77522
-7.76222
-7.74024
-7.74451
-7.73632
-7.72814
-7.71107
-7.8054
-7.59234
-7.75216
-7.69708
-7.51721
-7.77762
-7.52727
-8.16655
-7.74599
-7.69669
-7.81392
-7.34229
-7.9314
-7.94009
-7.32776
-7.45627
-7.53703
-8.05692
-7.63625
-8.14823
-7.68672
-7.84975
-7.69732
-7.59307
-7.62745
-7.72338
-7.86304
-7.67048
-7.83053
-7.57977
-7.9038
-7.86592
-7.56099
-7.67746
-7.88164
-7.88997
-7.67404
-7.64752
-7.90686
-7.61343
-7.70742
-7.63606
-7.65349
-7.83978
-7.65219
-7.9702
-7.99207
-7.58208
-7.57903
-8.01424
-8.10292
-7.91802
-7.75962
-7.49529
-7.71989
-7.65967
-7.55274
-7.85164
-7.61411
-7.43424
-7.53927
-7.70786
-7.49856
-7.73392
-7.8441
-7.96369
-7.61157
-7.75619
-7.63374
-7.91275
-7.84475
-7.89643
-7.58145
-7.28919
-7.99926
-7.51078
-7.76275
-7.95769
-7.58803
-7.78953
-7.59153
-7.76395
-7.6659
-7.66718
-7.8155
-7.42582
-7.76622
-7.27656
-7.5423
-7.52295
-7.56815
-7.77771
-7.72095
-7.68219
-7.59353
-7.70359
-7.66432
-7.82372
-7.79105
-7.59319
-7.90948
-7.80617
-7.88654
-7.84448
-7.5134
-7.95468
-7.77316
-7.64034
-7.71447
-7.93626
-7.59989
-7.52098
-7.6484
-7.75696
-7.57944
-7.94978
-7.76777
-7.95534
-8.0036
-7.47124
-7.36646
-7.739
-7.66463
-7.65261
-7.87047
-7.42815
-7.50543
-7.72029
-7.50305
-7.73112
-7.56918
-7.81206
-7.72808
-7.94357
-7.59516
-7.91014
-7.54844
-7.50378
-7.65581
-7.71782
-7.674
-8.00714
-7.88624
-7.71008
-7.56499
-7.6529
-7.85831
-7.88981
-7.59816
-7.41142
-7.75553
-7.58972
-7.33504
-7.71867
-7.59
-7.77444
-7.8102
-7.95468
-7.19182
-7.69807
-7.31412
-7.57561
-7.71259
-7.34738
-7.69573
-7.72056
-7.4762
-7.72228
-7.53709
-7.84727
-7.97452
-7.8837
-7.55658
-7.24942
-7.46738
-7.66875
-7.62623
-7.75071
-7.85591
-7.46192
-7.86049
-7.08939
-7.66443
-7.75625
-7.40367
-7.92833
-7.66949
-7.64699
-7.79777
-7.74765
-7.71845
-7.65349
-7.58162
-7.55758
-7.96197
-8.18314
-7.36577
-7.31434
-7.93752
-7.56271
-7.83842
-7.57491
-7.73998
-7.66019
-7.62061
-7.96657
-7.69765
-7.95505
-7.81483
-7.52009
-7.43874
-7.84989
-7.7615
-7.7964
-7.62368
-7.56781
-7.73049
-7.61293
-7.62331
-7.89259
-7.81477
-7.99377
-7.68915
-7.46944
-7.68517
-7.51191
-7.70051
-7.91409
-7.50998
-7.81551
-7.41163
-7.7636
-8.13818
-7.5267
-7.58952
-7.84288
-7.76396
-7.4768
-7.42323
-7.89917
-7.93855
-7.85251
-7.63438
-7.64222
-8.21031
-7.71351
-7.50544
-7.69696
-7.7694
-7.52529
-7.84084
-7.47263
-7.52481
-7.66036
-7.56053
-7.90773
-8.15562
-7.72349
-7.85019
-7.85545
-7.79557
-7.59317
-7.57665
-7.48921
-7.69369
-7.37902
-7.96983
-7.50808
-8.0075
-7.58239
-7.86899
-7.71025
-7.71562
-7.70041
-7.09886
-7.5074
-7.69706
-7.62007
-7.60664
-8.00791
-7.86005
-7.61824
-7.65104
-7.88816
-8.02442
-7.54685
-7.70137
-7.28021
-7.94957
-7.53092
-7.72429
-7.71368
-7.56829
-7.64993
-7.93843
-7.74356
-7.50654
-7.55431
-7.78723
-7.567
-7.79738
-7.98403
-7.792
-7.65405
-7.99308
-7.39534
-7.75393
-8.01848
-7.53888
-7.4926
-7.58246
-7.59561
-7.40873
-7.41509
-7.48587
-7.77927
-7.62255
-7.76575
-7.94602
-7.62977
-7.64647
-7.32863
-7.68075
-7.58973
-7.80551
-7.82355
-7.61881
-7.77594
-7.94612
-7.55341
-7.62921
-7.6617
-7.52213
-7.54269
-7.95818
-7.50456
-7.50892
-7.53312
-7.60299
-8.07188
-7.88043
-7.78704
-7.60106
-7.89443
-7.60862
-7.896
-7.96296
-7.52949
-7.83287
-7.73897
-7.93689
-7.98563
-7.84074
-7.38662
-7.57524
-8.01551
-7.33217
-7.65765
-7.55732
-7.78823
-8.22997
-7.8541
-7.31226
-8.05782
-7.61981
-8.06668
-7.71847
-7.59939
-7.86112
-7.53421
-8.09968
-7.98184
-7.9146
-7.75229
-7.2857
-7.8708
-7.48914
-7.51986
-7.61776
-7.77946
-7.80777
-7.5104
-7.8056
-7.90588
-7.42107
-7.34962
-7.6665
-7.55147
-8.08383
-7.75965
-7.65076
-7.87652
-7.81435
-7.62415
-7.79277
-7.80023
-7.6135
-7.90749
-7.70042
-7.57285
-7.83594
-7.45333
-7.49424
-7.83911
-7.50265
-7.44391
-7.76589
-7.60401
-7.78987
-7.70997
-7.77544
-7.39825
-7.58598
-7.68856
-7.73561
-7.62198
-7.80187
-7.92587
-7.84397
-7.57058
-7.64285
-7.99262
-7.49095
-7.86896
-7.71369
-7.3248
-7.83918
-7.71715
-7.82752
-7.71264
-7.66374
-7.55906
-7.78658
-7.7305
-7.79027
-7.91286
-7.71943
-7.50619
-7.61913
-7.29927
-7.63506
-7.76729
-7.85248
-7.7687
-7.76265
-7.53869
-7.85987
-7.51981
-7.52133
-8.00861
-7.84027
-7.40843
-7.4544
-7.79564
-7.75619
-7.7364
-7.9049
-7.94335
-7.90374
-7.57292
-7.73873
-7.6984
-7.89262
-7.83014
-7.75015
-7.66374
-7.9837
-7.87345
-7.73832
-7.47092
-7.62616
-7.61424
-7.60593
-7.75178
-7.89894
-7.74431
-7.75671
-7.52848
-7.93051
-7.44772
-7.24504
-7.60851
-7.66452
-7.63396
-7.75674
-7.64649
-7.60018
-7.96214
-7.62735
-7.43856
-7.61198
-7.61103
-7.65032
-7.65716
-7.42095
-7.44721
-7.95911
-7.6622
-7.8558
-7.54578
-7.88811
-8.10395
-7.71471
-7.48927
-7.7086
-7.81531
-7.71322
-7.83008
-7.63039
-7.54717
-7.65482
-7.67102
-7.8943
-7.67097
-7.84278
-7.84039
-7.65008
-7.57135
-7.36057
-8.0669
-7.86135
-7.7742
-7.58387
-7.51539
-7.6002
-7.60493
-7.63
-7.67885
-7.63253
-7.89516
-7.28906
-7.77725
-7.93259
-7.78635
-7.89143
-7.55216
-7.80923
-7.93169
-7.90852
-7.49757
-7.37867
-7.68919
-7.30237
-7.72077
-7.60817
-7.73042
-7.67444
-7.29248
-7.65904
-7.52805
-7.76504
-7.46036
-7.93136
-7.76342
-7.49744
-7.5627
-7.82245
-7.57914
-7.93349
-7.80257
-7.40464
-7.35257
-7.70183
-7.93028
-7.69001
-7.5832
-7.54465
-7.45864
-7.72504
-7.57692
-8.06119
-7.91541
-7.74346
-7.96623
-7.80526
-7.90639
-7.62299
-7.84826
-7.73297
-7.656
-7.75941
-7.65136
-7.86381
-7.57768
-7.46097
-7.6491
-7.41452
-7.54958
-7.82346
-7.66168
-7.53669
-7.5446
-7.44545
-7.87778
-7.40053
-7.2274
-7.80843
-7.82279
-7.96962
-7.73656
-7.82488
-7.75897
-7.45411
-7.85901
-7.75023
-7.90836
-7.62424
-7.68613
-7.45835
-7.48069
-7.89838
-7.87884
-7.71785
-7.84985
-7.93379
-7.75856
-7.6873
-8.10156
-7.34751
-7.60129
-7.58687
-7.55454
-7.57672
-7.56056
-7.64923
-7.64106
-7.66335
-7.84175
-7.8971
-7.6748
-7.68017
-7.54454
-7.64624
-7.51531
-7.94263
-7.66069
-7.41512
-7.74247
-7.80296
-7.72143
-7.56055
-7.90767
-7.86336
-7.38803
-7.65278
-8.12318
-7.71146
-7.5473
-7.72731
-8.1124
-7.50432
-7.45795
-7.57555
-7.9311
-7.50873
-7.63559
-7.60136
-7.26331
-7.87572
-7.45382
-8.14104
-7.74027
-7.77475
-7.80381
-7.45012
-7.31869
-7.62208
-7.54132
-7.54275
-7.71968
-7.68336
-7.77266
-7.78762
-7.83721
-7.66098
-7.8479
-7.70536
-7.581
-7.65647
-7.35
-7.3625
-7.2833
-7.66845
-7.79452
-7.68637
-7.55544
-7.62671
-7.82352
-7.73214
-7.63386
-7.67188
-7.77763
-8.00383
-7.86694
-7.32973
-7.69677
-7.42141
-7.89112
-7.57928
-7.74503
-7.72206
-7.45058
-7.66113
-7.88516
-7.4715
-7.06298
-7.68015
-7.76811
-7.96479
-7.84143
-7.4783
-7.49857
-7.62815
-7.65357
-7.731
-7.88701
-7.59451
-7.48633
-7.82468
-7.74617
-7.57413
-7.79841
-7.83263
-7.67896
-7.5619
-7.56064
-7.77967
-7.99048
-7.80579
-7.64147
-7.23084
-7.63503
-7.72488
-7.80034
-7.52581
-7.71267
-7.52113
-7.9403
-7.81214
-7.78344
-7.66674
-7.76164
-7.54712
-7.7935
-7.61467
-7.70634
-7.55947
-7.7149
-7.92741
-7.87735
-7.62388
-7.99202
-7.71543
-7.77724
-7.50979
-7.74729
-7.66848
-7.58638
-7.56339
-7.82878
-7.80173
-7.82843
-7.92249
-7.78471
-7.40161
-7.55364
-7.67584
-7.735
-7.65492
-7.72201
-7.74738
-7.57894
-7.54458
-7.56661
-8.10133
-8.10544
-7.21168
-8.07918
-7.53575
-7.60935
-8.10198
-7.50939
-7.84821
-7.65701
-7.90702
-8.16638
-7.54736
-7.83522
-7.62405
-7.6063
-7.5834
-7.55502
-7.91683
-7.80693
-7.82671
-7.6031
-7.84456
-7.79222
-7.86001
-7.86949
-7.59257
-7.33983
-7.95406
-7.60801
-7.48908
-7.88986
-7.33306
-7.88649
-7.39623
-7.68931
-7.69647
-7.68252
-7.57706
-7.73448
-7.90464
-7.7114
-7.58138
-7.53714
-7.75502
-7.71702
-7.57978
-7.7195
-7.76853
-7.7921
-7.55538
-7.64825
-7.58141
-7.72063
-7.54077
-7.87357
-7.86021
-7.54829
-7.5058
-7.59182
-7.54041
-7.57209
-7.6414
-7.61537
-7.75718
-7.69905
-7.68143
-7.55001
-7.84554
-7.65372
-7.75085
-7.62223
-7.78585
-7.38227
-7.57092
-7.46239
-7.5679
-7.81164
-7.63421
-7.91701
-7.91884
-7.49721
-7.69659
-8.02141
-7.79342
-7.50069
-7.69753
-7.65014
-7.85476
-7.622
-7.5098
-7.75474
-8.04368
-7.58212
-7.80082
-7.56806
-7.62293
-7.7192
-7.48322
-7.44073
-7.61183
-7.6956
-7.4311
-7.87881
-7.72641
-7.81904
-7.88108
-7.82401
-7.90212
-7.85215
-7.68004
-7.68835
-7.84068
-7.53871
-7.43883
-7.59799
-7.72525
-7.44138
-7.45458
-7.54818
-7.8479
-7.74725
-7.97849
-7.4996
-7.67411
-7.48511
-7.88379
-7.73817
-7.88776
-7.85599
-7.84553
-7.55959
-7.86713
-7.33129
-7.64702
-7.71496
-7.69772
-7.50044
-7.33363
-7.71323
-7.74675
-7.83317
-7.70709
-7.73531
-7.51564
-8.00839
-7.44371
-7.49902
-7.61194
-7.60243
-7.51543
-7.49096
-7.75778
-7.58581
-7.62203
-7.71483
-7.82874
-7.42788
-7.7355
-7.57731
-7.88414
-7.67827
-7.65099
-7.70798
-7.66697
-7.61857
-7.78955
-7.49432
-7.6607
-8.0194
-7.73799
-7.6341
-7.16083
-7.45781
-7.99516
-7.63679
-7.67394
-7.51495
-7.62445
-7.83461
-7.65164
-7.64467
-7.83729
-7.75059
-7.85738
-7.80199
-7.39476
-7.59368
-7.73636
-7.64491
-7.83589
-7.68787
-7.68745
-7.4234
-7.75721
-7.88537
-7.51982
-7.39914
-7.63443
-7.53523
-7.73156
-7.94259
-7.62733
-7.75284
-7.58685
-7.72785
-7.62454
-7.68452
-7.79517
-7.95262
-7.75291
-7.69751
-7.38698
-7.69358
-7.62181
-7.8604
-7.54307
-8.02443
-7.52328
-7.57605
-7.58589
-7.65167
-7.65907
-7.75244
-7.80713
-7.81182
-7.62484
-7.89246
-7.62385
-7.38512
-7.40238
-7.97658
-8.06394
-7.78582
-7.55645
-7.69575
-7.33143
-7.74584
-7.74388
-7.63446
-7.81403
-7.6696
-7.64134
-7.89687
-7.40416
-7.78114
-7.87937
-7.89234
-7.55803
-7.81897
-7.71677
-7.6533
-7.71099
-7.46114
-7.51955
-7.77896
-7.88161
-7.68502
-7.79585
-7.27766
-7.5088
-7.58125
-7.70781
-7.75468
-7.58832
-7.85462
-7.68468
-7.75345
-7.65707
-7.32988
-7.76379
-7.76512
-7.36466
-7.94693
-7.93521
-7.48078
-7.90129
-7.73431
-7.6293
-7.75177
-7.83877
-7.58926
-7.64049
-7.83419
-7.64974
-7.79523
-7.69158
-7.76112
-8.16412
-8.04896
-7.75413
-7.37029
-7.97233
-7.81646
-7.67533
-7.79318
-7.52792
-7.87827
-7.81753
-7.60865
-7.76087
-7.77269
-7.78197
-7.72933
-7.43946
-7.87985
-7.80365
-8.06051
-8.1332
-8.07
-7.89362
-7.83458
-7.41569
-7.63189
-7.6029
-7.72305
-7.61527
-7.74771
-7.70653
-7.86108
-7.70776
-7.50582
-7.60666
-7.62973
-7.7993
-7.89844
-7.88435
-7.77134
-7.72572
-7.72505
-7.6387
-7.59558
-7.68918
-7.86067
-7.7823
-7.99467
-7.57189
-7.50773
-7.40153
-7.69743
-7.5519
-7.684
-7.98877
-7.35911
-7.70228
-7.8323
-7.80325
-7.43118
-7.79193
-7.83425
-7.84713
-7.48409
-7.59932
-7.80931
-7.86084
-7.82298
-7.79779
-7.66318
-7.68307
-7.5664
-7.52342
-7.63152
-7.77919
-7.24818
-7.68945
-7.59005
-7.32599
-8.00969
-7.90366
-7.77637
-7.6457
-7.56963
-7.74405
-7.66241
-7.73237
-7.72895
-7.34368
-7.40601
-7.64382
-7.63175
-7.69249
-7.70722
-7.91054
-7.4422
-7.43529
-7.33651
-7.99733
-7.63486
-7.7429
-7.67479
-7.48751
-7.65911
-7.68111
-7.55414
-7.62205
-7.57204
-7.72606
-7.63691
-7.86839
-8.03959
-7.70989
-7.40581
-7.60783
-7.7241
-7.80837
-7.84438
-7.62093
-7.46279
-7.59763
-7.81843
-7.58049
-7.77971
-7.58183
-7.57258
-7.85001
-7.54024
-7.62299
-7.78554
-7.59597
-7.66529
-8.03855
-7.46301
-7.85719
-7.60329
-7.77757
-7.69758
-7.69618
-7.50271
-7.46212
-7.92713
-7.6368
-7.68275
-7.75647
-7.71932
-7.85772
-7.67035
-7.89799
-7.71872
-7.41841
-7.38934
-7.85009
-7.9018
-7.70654
-7.85885
-7.76688
-7.6223
-7.90473
-7.60095
-7.46045
-7.77043
-7.70724
-7.71166
-7.65574
-7.82343
-7.65784
-7.3187
-7.83702
-7.93882
-7.53321
-7.60501
-7.43072
-7.81141
-7.75511
-7.61773
-7.5444
-7.55961
-7.82824
-7.78415
-7.9237
-7.95086
-8.00721
-7.66237
-7.67165
-7.79945
-7.27215
-7.71027
-7.72897
-7.76118
-8.01648
-7.8998
-7.5665
-8.03276
-7.80975
-7.56526
-7.32427
-7.96008
-7.88783
-7.45132
-7.74198
-8.041
-7.84265
-7.71301
-7.88974
-7.60501
-7.9305
-7.68671
-7.56262
-8.09675
-8.18114
-7.66982
-8.17731
-7.69106
-7.5746
-7.60058
-7.88531
-7.97036
-7.48507
-7.86609
-7.83488
-7.76808
-7.77589
-7.78019
-7.68543
-7.40834
-7.60841
-7.77388
-7.76021
-7.63018
-7.84223
-7.40481
-7.99245
-7.43255
-7.55997
-7.74225
-7.94936
-7.60515
-7.41944
-7.90771
-7.65921
-7.83868
-7.8634
-7.97572
-8.03213
-7.41756
-7.31682
-7.78188
-7.2227
-7.66971
-7.74009
-7.91286
-7.98687
-7.4696
-7.68888
-7.51867
-7.85226
-7.73512
-7.45317
-7.73658
-7.92117
-7.55973
-7.76773
-8.15334
-7.77635
-7.97721
-7.72671
-7.85677
-7.81016
-7.63351
-7.56882
-7.79601
-7.96666
-7.58727
-7.7591
-7.3717
-7.65335
-7.5595
-7.556
-7.52498
-7.54314
-7.64906
-7.53594
-7.70554
-7.5103
-7.8895
-7.60472
-7.54116
-7.95299
-7.66906
-7.5766
-7.78179
-7.34548
-7.37287
-7.78506
-7.65706
-8.08805
-7.41653
-7.57547
-7.7722
-7.66826
-8.11994
-7.66917
-7.3319
-7.36783
-7.53697
-7.44285
-7.7843
-7.75509
-7.7763
-7.96837
-7.65456
-7.38745
-7.81738
-7.67959
-7.72424
-7.67902
-7.57797
-7.68996
-7.80028
-7.75703
-7.61022
-7.82248
-7.55136
-7.74742
-8.08199
-7.84058
-7.60219
-7.7282
-7.52401
-7.60455
-7.84466
-7.61216
-7.45868
-7.79373
-7.60973
-7.69675
-7.83893
-7.52954
-8.13057
-7.43531
-7.91823
-7.60839
-7.63331
-7.65655
-7.32362
-7.85083
-7.43592
-7.81837
-7.62437
-7.58884
-7.58033
-7.7581
-7.6533
-7.72231
-7.99795
-7.57846
-7.74458
-7.48428
-7.61707
-7.76849
-7.92164
-7.70682
-7.89933
-7.5768
-7.68821
-7.30603
-7.81102
-7.6297
-7.79622
-7.89787
-7.74358
-7.79897
-7.24578
-7.61569
-7.5949
-7.46671
-7.69048
-7.81546
-7.60596
-7.56353
-8.06904
-7.57928
-7.56371
-7.82921
-7.86419
-7.41293
-7.86491
-7.88378
-7.87203
-8.17493
-7.78779
-7.58917
-7.83864
-7.95018
-7.89329
-7.90893
-7.50893
-7.84995
-7.60893
-7.64034
-7.61999
-8.11669
-7.80697
-7.53326
-7.54849
-7.8135
-7.69068
-7.38871
-7.9175
-7.68339
-7.85635
-7.75022
-7.86095
-7.68133
-7.50818
-7.82792
-7.78187
-7.64027
-7.59257
-7.91464
-7.93502
-7.84051
-7.75055
-7.90244
-7.82038
-7.80487
-7.85657
-7.42758
-7.51256
-7.91951
-7.69633
-8.0073
-7.54077
-7.89207
-7.69858
-7.84217
-7.60018
-7.71542
-7.71929
-7.87548
-7.83288
-7.83392
-7.99197
-7.53354
-7.46189
-7.76607
-7.7404
-7.36232
-7.69498
-7.78662
-7.71252
-7.64496
-7.97972
-7.99236
-7.46147
-7.91016
-7.6832
-7.54803
-7.5771
-7.58164
-7.54862
-7.53571
-7.98675
-7.70716
-7.64272
-7.67876
-7.63863
-7.7857
-7.50759
-7.91463
-7.27804
-7.34358
-7.88931
-7.50421
-7.81837
-7.33501
-7.69746
-7.64895
-7.56758
-7.67159
-8.02905
-7.60971
-7.68343
-7.73446
-7.55952
-7.62245
-7.79717
-7.73987
-7.82632
-7.88095
-7.71625
-7.62876
-7.58826
-7.46831
-7.74421
-7.75509
-7.50773
-7.8321
-8.09062
-7.96011
-7.53976
-7.66724
-7.69241
-8.01213
-7.89264
-7.65435
-7.63414
-7.29991
-7.71268
-7.74705
-7.80858
-7.87114
-7.56592
-7.52089
-7.67579
-8.00997
-7.52719
-7.61223
-7.82492
-8.0647
-7.88215
-7.78798
-7.79824
-7.80932
-8.0319
-7.66444
-7.43869
-7.51178
-7.54233
-7.57841
-7.75694
-7.74794
-7.70634
-7.56006
-7.63626
-7.89447
-7.54787
-7.55348
-7.70436
-7.73741
-7.94905
-7.62541
-7.72424
-7.66872
-7.76191
-7.67894
-7.70531
-7.65749
-7.58479
-7.81746
-7.80115
-7.70407
-7.65713
-7.41358
-8.17534
-7.59819
-7.79025
-7.64114
-7.39281
-7.90053
-7.69049
-7.5568
-7.4371
-8.01303
-7.36805
-7.62843
-7.72829
-8.38947
-7.54788
-7.7358
-7.47221
-7.92318
-7.82883
-8.09406
-7.61021
-7.9071
-7.90331
-7.65989
-7.74797
-7.87101
-7.91407
-7.84846
-8.09191
-7.53303
-7.41138
-7.7734
-7.70994
-7.78111
-7.77503
-7.31465
-7.8857
-7.81615
-7.32171
-7.96614
-7.57296
-7.50664
-7.68366
-7.81973
-7.70012
-7.66266
-7.54521
-7.72059
-7.45763
-7.97186
-7.88426
-7.59855
-7.58264
-7.66665
-7.85785
-7.69074
-7.79581
-7.61779
-7.84754
-7.39059
-7.61193
-7.51076
-7.74768
-7.77434
-7.8032
-7.82191
-7.6724
-7.49228
-7.7184
-7.55803
-7.80465
-7.6652
-7.56135
-7.71577
-7.2376
-7.48324
-8.05724
-7.49929
-7.74606
-7.64827
-8.00028
-7.6502
-7.50587
-7.77894
-7.97582
-7.80445
-7.46831
-7.60704
-7.76866
-7.74617
-7.48281
-7.74592
-7.9877
-7.60817
-7.64113
-7.4747
-7.73591
-7.86275
-7.34561
-7.89009
-7.62936
-7.59699
-7.60888
-7.81283
-7.91655
-7.66515
-7.50074
-7.81459
-7.76282
-7.94207
-7.59453
-7.85539
-7.89861
-7.70852
-7.35013
-7.98826
-7.63609
-7.35401
-7.61826
-7.82386
-7.79976
-8.01345
-7.61326
-7.79549
-7.36347
-7.65814
-7.47464
-7.99073
-7.90182
-7.6963
-7.63634
-7.94618
-7.83595
-7.75318
-7.80422
-7.95923
-7.4566
-7.77417
-7.57501
-7.87569
-7.59537
-7.83438
-7.6515
-7.70593
-7.57516
-7.65776
-7.90206
-7.7303
-7.35453
-7.73398
-7.81122
-7.70813
-7.53117
-7.61554
-7.22192
-7.77592
-7.58324
-7.50979
-7.86581
-7.21404
-7.76688
-7.73565
-7.76593
-7.70507
-7.60937
-7.93884
-7.64705
-7.69768
-7.62783
-7.45645
-7.62691
-7.84806
-7.56751
-7.51076
-7.81491
-7.56843
-8.07192
-7.60245
-7.41142
-7.44722
-8.19715
-8.05149
-7.65118
-7.90852
-7.69321
-7.63794
-7.60613
-7.62344
-7.59191
-7.82708
-7.70823
-7.57358
-7.812
-7.62256
-7.77714
-7.50788
-7.47899
-7.71698
-7.97358
-7.38291
-7.70622
-7.70451
-7.46796
-7.3323
-7.81487
-7.53614
-7.46772
-7.75511
-7.58832
-7.566
-7.81672
-7.77928
-7.5734
-7.8195
-7.70586
-7.77629
-7.57426
-7.92528
-7.6285
-7.60855
-7.45709
-7.81143
-7.90601
-7.70797
-7.576
-7.62916
-7.62559
-7.49414
-7.75034
-7.81076
-7.58939
-7.63345
-7.78864
-7.59487
-7.65145
-7.55054
-7.59544
-7.6352
-7.70236
-7.62511
-7.47766
-7.79772
-7.6103
-7.54499
-7.7611
-7.60563
-8.01054
-7.79773
-7.68274
-7.2518
-7.59617
-7.58985
-7.89597
-7.83285
-7.82072
-8.02534
-7.6276
-7.71209
-7.54737
-7.4875
-7.73241
-7.82614
-7.65395
-7.28592
-7.77479
-7.66554
-7.67925
-7.67527
-7.1254
-7.89735
-7.55411
-7.67685
-7.68414
-7.53543
-7.68986
-7.43091
-8.0007
-7.74472
-7.99299
-7.78517
-8.08389
-8.00977
-8.00422
-7.6441
-7.56633
-7.64498
-7.75767
-7.61168
-7.55269
-7.68906
-7.7494
-7.82163
-7.52757
-7.94263
-7.94929
-7.6308
-7.67136
-8.218
-7.89491
-7.70637
-7.44613
-7.80166
-7.53322
-7.81025
-7.41037
-7.19959
-7.89707
-7.70259
-7.53045
-7.83938
-7.51642
-7.42609
-7.85404
-7.69601
-7.73156
-7.59168
-7.64092
-7.78689
-7.96314
-7.75446
-7.76508
-7.82599
-7.70721
-7.83113
-7.82569
-7.97445
-7.77846
-7.64872
-7.92529
-7.80357
-7.63961
-7.82682
-7.68601
-7.68248
-7.77009
-7.62209
-7.68449
-7.5046
-7.64786
-7.69402
-7.86313
-7.72372
-7.58942
-7.62143
-7.69357
-7.62235
-7.5862
-7.70811
-7.91288
-7.90276
-7.66747
-7.74495
-7.69392
-7.7912
-7.79995
-7.55065
-7.51981
-7.86733
-7.61925
-7.57267
-7.685
-7.65057
-8.01977
-7.76339
-7.74165
-7.8564
-7.95884
-7.63256
-7.57973
-7.61474
-7.6581
-7.79716
-7.81011
-7.74727
-8.128
-7.53958
-7.63204
-7.64142
-7.62024
-7.76639
-7.39763
-7.61671
-7.6678
-7.59838
-7.81323
-7.8462
-7.70965
-7.60372
-7.76014
-7.48766
-7.80795
-7.59679
-7.70789
-7.73582
-8.05336
-7.42466
-7.95478
-7.68314
-7.48693
-7.68694
-7.66222
-7.76869
-7.66663
-7.74958
-7.71996
-7.2998
-7.70756
-7.92413
-7.50184
-7.81936
-7.5215
-7.81295
-7.54692
-7.61102
-7.89453
-7.78322
-7.40995
-7.56062
-7.7848
-7.8086
-7.16208
-7.43814
-7.6603
-7.7453
-7.47375
-7.63066
-7.78223
-7.80334
-7.7906
-7.74054
-7.99382
-7.77362
-7.49065
-7.42314
-7.71462
-7.96034
-7.77762
-7.67243
-7.495
-7.5052
-7.44103
-7.69418
-7.83252
-7.8359
-8.10257
-7.649
-7.3654
-7.36635
-7.71526
-7.53474
-7.7331
-7.91359
-7.57684
-7.90688
-7.79031
-7.57076
-7.43173
-7.64086
-7.86292
-7.76971
-7.96362
-7.45674
-7.76654
-7.86312
-7.55647
-7.67139
-7.91833
-7.77712
-7.7233
-7.75432
-7.95617
-7.34831
-7.86826
-7.74207
-7.92591
-7.93207
-7.6872
-7.65942
-7.51032
-7.84051
-7.59147
-7.80874
-7.76735
-7.42335
-7.62355
-7.81858
-7.5016
-7.49718
-7.63089
-7.67019
-8.0472
-7.61067
-7.74535
-7.79136
-7.92779
-7.56352
-7.63593
-7.8773
-7.83445
-7.64047
-7.61164
-7.69224
-7.77836
-7.73112
-7.6623
-8.12961
-7.64702
-7.67236
-7.77416
-7.41801
-7.60908
-7.82777
-7.73138
-8.19112
-7.65865
-7.79165
-7.49336
-7.7846
-7.58258
-7.5003
-7.4881
-7.7192
-7.71432
-7.53004
-7.86793
-7.702
-7.90955
-7.72923
-7.78818
-7.26378
-7.90355
-7.63005
-8.06349
-7.61679
-7.71408
-7.5571
-7.47906
-7.43527
-7.73083
-7.65016
-7.59013
-7.45155
-7.76179
-7.53041
-7.54201
-7.39724
-7.93572
-7.37423
-7.76074
-7.74518
-7.64535
-7.91597
-7.758
-7.89748
-7.61169
-7.58957
-7.52172
-7.88288
-7.91143
-7.77523
-7.76981
-7.84758
-7.56296
-7.4112
-7.44911
-7.61827
-7.77179
-7.50733
-7.9113
-7.94789
-7.88597
-7.47739
-7.65154
-7.64384
-7.78652
-7.78618
-8.03486
-7.62123
-7.61886
-7.6954
-7.92214
-7.60234
-7.61577
-7.35712
-7.66615
-7.91679
-7.71432
-7.82359
-7.5893
-7.69394
-7.88756
-7.77044
-7.89483
-7.71641
-8.12863
-7.61467
-7.56604
-7.7293
-7.6499
-7.3984
-7.98292
-7.57551
-7.69904
-7.70666
-7.66208
-7.60154
-7.39491
-7.69122
-7.8142
-7.94481
-7.95568
-7.58502
-7.8585
-7.6424
-7.74559
-7.78549
-7.91531
-7.66101
-7.85955
-8.07726
-7.98538
-7.97174
-7.7125
-7.89863
-8.0881
-7.60282
-7.70514
-7.61516
-7.68633
-7.63968
-7.86965
-7.60042
-7.52765
-7.52512
-7.79684
-7.37934
-7.5658
-7.53763
-7.69673
-7.44346
-7.28184
-7.74104
-8.03753
-8.15443
-7.51605
-7.94311
-7.80968
-7.93167
-7.56478
-7.98765
-7.59353
-7.77388
-7.59168
-7.84381
-7.6105
-7.78647
-7.56915
-7.70654
-7.84064
-7.81713
-7.828
-7.83342
-7.98325
-7.7399
-7.54967
-7.51529
-7.56127
-7.59029
-7.87151
-7.74197
-7.7359
-7.75534
-7.78399
-7.87408
-7.71996
-7.75545
-7.68258
-7.47344
-8.02073
-8.0313
-7.77806
-7.72535
-8.03476
-7.89478
-7.65264
-7.93332
-7.65473
-7.37562
-7.91298
-8.07305
-8.00073
-7.6488
-7.63697
-7.67013
-7.33694
-7.97639
-7.45526
-7.56637
-7.63968
-8.10664
-7.7746
-7.63092
-7.64103
-7.98209
-7.79544
-7.60457
-7.82516
-7.94153
-7.77892
-7.67892
-7.62448
-8.02635
-7.39927
-7.79056
-7.67767
-7.8678
-7.72595
-7.78076
-7.82195
-7.69619
-7.73188
-7.67808
-7.51323
-7.69415
-7.68853
-7.66145
-7.60282
-7.74683
-7.85998
-7.94919
-7.81805
-7.66763
-7.80654
-7.45755
-7.63932
-7.60275
-7.85754
-7.58416
-7.57148
-7.83659
-7.53123
-7.76475
-7.84761
-7.28893
-7.61721
-7.49601
-7.33002
-7.7969
-7.83661
-7.63766
-7.85721
-7.82638
-7.69601
-7.44299
-7.50054
-7.91356
-7.8282
-7.63427
-7.42345
-7.79411
-7.87569
-7.56215
-7.80367
-7.53686
-7.89795
-7.52423
-7.72776
-7.70301
-7.62243
-7.58883
-7.58497
-7.99659
-7.76407
-8.02089
-7.71193
-7.59145
-7.48343
-7.86968
-7.69354
-7.86495
-7.83575
-7.78801
-7.92288
-7.73421
-7.58329
-7.72493
-7.41709
-7.57125
-7.45171
-7.63175
-7.5504
-7.63512
-7.75416
-7.7515
-7.83119
-7.43517
-7.70835
-7.53065
-7.83622
-7.62739
-7.69725
-7.58021
-7.46015
-7.52638
-7.67214
-7.7794
-7.8293
-7.76039
-7.90598
-7.99168
-7.5919
-7.89413
-7.48237
-7.59197
-7.66629
-7.68238
-7.60547
-7.55066
-7.75482
-7.84303
-7.58614
-7.46896
-7.63656
-7.88961
-7.75015
-7.94745
-7.86383
-7.80431
-7.73157
-7.72346
-7.64988
-7.83791
-7.55496
-7.79701
-7.4028
-7.7182
-7.62332
-7.56029
-7.48011
-7.91742
-7.52554
-7.9556
-7.43679
-7.74304
-7.57438
-7.84824
-7.66169
-7.57466
-7.78741
-7.85718
-7.39237
-7.94809
-7.65886
-7.46674
-7.6629
-7.64664
-7.5648
-7.70027
-7.54947
-7.55806
-7.9238
-7.6111
-7.58541
-7.64538
-7.54947
-7.89773
-7.90071
-7.90256
-7.9036
-7.67969
-7.5189
-7.56995
-7.54805
-7.78269
-7.51651
-7.75463
-7.66062
-7.68391
-7.64826
-7.75664
-7.96157
-7.73144
-7.85769
-7.46688
-7.57737
-8.003
-7.73909
-7.67062
-7.6614
-7.77985
-7.44539
-7.94555
-7.66803
-7.61753
-7.5096
-7.74261
-7.45345
-7.85498
-7.7511
-7.72435
-7.69153
-7.56938
-7.84677
-7.67517
-7.567
-7.5531
-7.82095
-7.93268
-7.68539
-7.82454
-8.078
-7.26038
-7.34292
-7.80339
-7.55013
-7.71874
-7.7323
-7.89805
-7.68173
-7.86664
-7.91818
-7.49836
-7.59334
-7.52465
-7.70825
-7.75685
-8.12244
-7.79958
-7.59435
-7.64126
-7.83215
-7.90155
-7.92486
-7.77306
-7.83361
-8.04821
-7.80732
-7.82614
-7.72609
-7.73058
-7.80524
-7.94481
-7.76206
-7.8443
-7.45744
-8.08587
-7.55321
-7.77367
-7.77674
-7.51261
-7.65465
-7.757
-8.15798
-7.607
-7.34211
-7.59501
-7.75618
-7.79933
-7.65251
-7.74948
-7.81692
-7.59676
-7.86924
-7.87782
-7.48069
-7.81842
-7.57797
-7.63139
-7.84166
-7.53433
-7.58593
-7.88988
-7.83604
-7.95383
-7.9867
-7.5971
-7.72348
-8.06797
-7.70653
-7.91842
-7.68076
-7.62126
-7.53408
-7.90695
-7.86965
-7.60005
-7.70692
-8.0938
-7.80579
-7.81154
-7.48129
-7.86793
-7.6923
-7.71526
-7.32775
-7.70002
-7.85506
-7.6564
-7.4482
-7.61702
-7.76934
-7.67957
-7.40375
-7.67388
-7.88196
-7.59168
-7.87664
-7.7226
-8.22927
-7.88883
-7.87759
-7.76583
-7.94295
-7.83929
-7.94802
-7.51094
-7.77074
-7.69017
-7.75027
-7.4567
-7.65571
-7.50388
-7.55833
-7.50916
-7.74597
-7.55166
-7.92151
-7.771
-7.3348
-7.59657
-7.70594
-8.02362
-7.69642
-8.02035
-7.90139
-7.68598
-7.88953
-7.67567
-7.47602
-7.51057
-7.90585
-7.91409
-7.78335
-7.4494
-7.87666
-7.53586
-7.79881
-7.55812
-7.73132
-8.18611
-7.73476
-7.78336
-7.51454
-7.59931
-7.6802
-7.62148
-7.47596
-7.52143
-7.85268
-7.66367
-7.4456
-7.73671
-7.61042
-8.12673
-7.45958
-7.50523
-7.69055
-7.47565
-7.78453
-7.54585
-7.53903
-7.8803
-7.81822
-7.77727
-7.50236
-7.92373
-7.6809
-7.48068
-7.6065
-7.67811
-7.6662
-7.7893
-7.62735
-8.12967
-7.45378
-7.61263
-7.3777
-7.68631
-7.6983
-7.70771
-7.55158
-7.61251
-7.5722
-7.6787
-7.6615
-7.73089
-7.7827
-7.60383
-7.56576
-7.64807
-7.73518
-7.48591
-7.67366
-7.48989
-7.53221
-7.7989
-8.03852
-7.61026
-7.57422
-7.63754
-7.71285
-7.94577
-7.80306
-7.63949
-7.70223
-7.55176
-7.9176
-8.17292
-7.59526
-7.85707
-7.85689
-7.6267
-7.74017
-7.95984
-7.66576
-7.69209
-7.28956
-7.2908
-7.72555
-7.52516
-7.70826
-7.68464
-7.83371
-7.61877
-7.79616
-7.58515
-7.74738
-7.7574
-7.73349
-8.01185
-7.34722
-7.58538
-8.12752
-7.96445
-7.80341
-7.97529
-7.59904
-7.9621
-7.82023
-7.71884
-7.79731
-7.44326
-7.61619
-7.61393
-7.41583
-7.79066
-7.68974
-7.61179
-7.36848
-7.44432
-7.63385
-7.50183
-7.7389
-7.86236
-7.74445
-7.76785
-7.78143
-7.95567
-7.7098
-7.85176
-7.52203
-7.56077
-7.82083
-7.52892
-7.80232
-7.81238
-7.80182
-7.88155
-7.6145
-7.62502
-7.7998
-7.96289
-7.62601
-7.63663
-7.87983
-7.715
-7.72701
-7.61716
-7.46117
-7.82473
-7.76329
-7.88905
-7.81341
-7.58726
-7.7422
-7.58372
-7.78593
-7.62558
-7.80257
-7.79145
-7.84682
-7.79207
-7.87584
-7.81078
-7.70195
-7.70012
-7.80098
-7.51854
-7.49062
-7.79401
-7.62886
-7.78554
-7.74686
-7.49764
-7.67609
-7.3348
-7.66947
-7.59015
-7.98404
-7.44007
-7.74827
-7.57856
-7.9419
-7.96233
-7.71233
-7.65718
-7.65484
-7.64666
-7.56309
-7.72914
-7.50023
-7.62811
-7.83941
-7.92308
-7.53532
-7.6399
-7.76742
-7.75086
-7.80511
-7.96564
-7.60295
-7.37635
-7.69253
-7.5945
-7.99013
-7.76424
-7.79682
-7.84203
-7.95631
-7.888
-7.31681
-7.89335
-7.6629
-7.64725
-7.89486
-7.98971
-7.68823
-7.73888
-7.67087
-7.63074
-7.90874
-7.83882
-7.37352
-7.84719
-7.68971
-7.93043
-7.84454
-7.91069
-7.7242
-7.4725
-7.68709
-8.04203
-7.6058
-7.8815
-7.38714
-7.17468
-7.56798
-7.6324
-7.6177
-7.76684
-7.66701
-7.97914
-7.82784
-7.87569
-7.58881
-7.46554
-7.48144
-8.15274
-8.04269
-7.58548
-7.35047
-7.81369
-7.89883
-7.79988
-7.98505
-7.82003
-7.58965
-8.00794
-7.79698
-7.87994
-7.38542
-7.49799
-7.43717
-7.31962
-7.59553
-7.69783
-7.73998
-7.77816
-7.54314
-7.84393
-7.68258
-7.71376
-7.92036
-7.99689
-7.68003
-7.73206
-7.5373
-8.07751
-7.66963
-7.38654
-7.6745
-7.90761
-7.6485
-7.9417
-7.90182
-8.08848
-7.85343
-7.99759
-7.51033
-7.75628
-7.66553
-7.98311
-7.60136
-7.61638
-7.59406
-7.9876
-7.40368
-7.58637
-7.36788
-7.69853
-7.67082
-7.69462
-7.67517
-8.16623
-7.47155
-7.87312
-7.36597
-7.66319
-7.73663
-7.68484
-7.52498
-7.43209
-7.71527
-7.31017
-7.75108
-7.54851
-7.64
-7.69171
-7.44891
-7.83188
-7.68026
-7.58541
-7.61637
-7.77252
-7.92931
-7.66224
-7.82341
-7.80475
-7.48897
-7.63848
-7.96518
-7.69282
-7.90813
-7.84706
-7.726
-7.51407
-7.63005
-7.77433
-7.81104
-7.50387
-7.82125
-7.68914
-7.38939
-7.90812
-7.7463
-7.57352
-7.8743
-7.88167
-7.68938
-7.96157
-7.61128
-7.88793
-7.80416
-7.84504
-7.54227
-7.79426
-7.64102
-7.72705
-7.49164
-7.66452
-7.56895
-7.5826
-7.42616
-7.6551
-7.5807
-7.40224
-7.67429
-7.77507
-7.86757
-7.67733
-7.6991
-7.67755
-7.34557
-7.82804
-7.6187
-8.01116
-7.85669
-7.44123
-7.86639
-7.70271
-7.58071
-7.71893
-7.52904
-7.77511
-7.96776
-7.44574
-7.5368
-7.58408
-7.77559
-7.78824
-7.77876
-8.04984
-7.51092
-7.71878
-7.43866
-7.80458
-8.05838
-7.47101
-7.88399
-8.01965
-7.60006
-7.56516
-7.79767
-7.46278
-7.6741
-7.99212
-7.70441
-7.88434
-7.51012
-7.67102
-8.02614
-7.55684
-7.52273
-7.62513
-7.70769
-7.74665
-7.84302
-7.46861
-7.66003
-7.4973
-7.79149
-7.68165
-7.93446
-8.05526
-7.77138
-7.56209
-7.8644
-7.81463
-7.63012
-7.94985
-7.67503
-7.55912
-7.68618
-7.66954
-7.70965
-7.88267
-7.70905
-7.80837
-7.56739
-7.76229
-7.96117
-7.81809
-7.88106
-7.92259
-7.85917
-7.46569
-7.6009
-7.64797
-7.64457
-7.72503
-7.88614
-7.43046
-7.80682
-7.96552
-7.90607
-7.8467
-7.62182
-7.97562
-7.42885
-7.7824
-7.64049
-7.81523
-7.62578
-7.37826
-7.60726
-7.49826
-7.6393
-7.60003
-7.87584
-7.57995
-7.535
-7.67365
-7.49798
-7.45785
-7.3376
-7.68776
-7.50575
-7.60715
-7.99092
-7.69323
-7.66535
-7.94717
-7.6295
-7.57444
-7.66058
-7.52561
-7.79663
-7.71546
-7.64414
-7.89192
-7.67772
-7.74197
-7.63061
-7.82377
-7.67674
-7.83104
-7.55183
-7.6492
-8.07813
-7.69002
-7.5528
-7.81108
-7.7516
-7.55086
-7.8433
-7.55472
-7.50315
-7.87462
-7.95054
-7.46864
-7.66656
-7.88494
-8.04055
-7.68613
-7.51977
-7.45565
-7.56448
-7.83168
-7.59216
-7.37317
-7.55942
-7.72926
-7.64474
-7.62578
-7.61468
-7.70751
-7.79808
-7.40911
-7.99385
-7.55459
-7.71896
-7.37758
-7.77295
-7.37377
-7.71685
-7.94299
-7.93833
-8.17015
-7.5594
-7.52212
-7.50576
-7.77432
-7.486
-7.69255
-7.60842
-7.77728
-7.56583
-7.92738
-7.36836
-7.67182
-7.63165
-7.56773
-7.51097
-7.44876
-7.45693
-7.9923
-7.86706
-7.59327
-7.6796
-7.71543
-7.81372
-7.71488
-7.61184
-8.00119
-7.7384
-7.93247
-7.33065
-7.67775
-7.75783
-7.5973
-7.75153
-7.61213
-7.62527
-8.17903
-7.63657
-7.62375
-7.57283
-7.42651
-7.95339
-7.88261
-7.71522
-7.5649
-7.81721
-7.75409
-7.56659
-8.02132
-7.66511
-7.37623
-7.65567
-7.68614
-7.68853
-7.93629
-7.6885
-7.84482
-7.49105
-7.44996
-7.7419
-8.14973
-7.41996
-7.81295
-7.41983
-7.50134
-7.89897
-7.78041
-7.70074
-7.83339
-7.73937
-7.46831
-7.54155
-7.79027
-7.51319
-7.59163
-7.42322
-7.74815
-7.65363
-7.41345
-7.76067
-7.61364
-7.69757
-7.61566
-7.78232
-7.8679
-7.44074
-7.62329
-7.64891
-7.57195
-7.50267
-7.41624
-7.94743
-7.7321
-7.7165
-7.48466
-7.73754
-7.85237
-7.50895
-7.56791
-7.77172
-7.71215
-7.70461
-7.48807
-7.85406
-8.18273
-7.6943
-7.56151
-7.95497
-7.35104
-7.64492
-7.83109
-7.63175
-7.94212
-7.69488
-7.39258
-7.46332
-7.72913
-7.45705
-7.81915
-7.56984
-7.64675
-7.65795
-7.66775
-7.38716
-7.68231
-7.38539
-7.65446
-7.66906
-8.05914
-7.44797
-7.82373
-7.56166
-7.68769
-7.63991
-7.73591
-7.62969
-7.84904
-7.84688
-7.77049
-7.74278
-7.49011
-7.98543
-7.9789
-7.76184
-8.01538
-7.89154
-7.50593
-7.72676
-7.91634
-7.70226
-7.47309
-7.66338
-7.50713
-7.68981
-7.55948
-7.73381
-7.28209
-7.18491
-7.68992
-7.53018
-7.98722
-7.76327
-7.75815
-7.72387
-7.66748
-7.62582
-7.62959
-7.31523
-7.67604
-7.3821
-7.70697
-7.52631
-7.62243
-7.6869
-7.7843
-7.706
-7.71909
-7.69525
-7.49911
-7.64743
-7.77057
-7.83644
-7.64336
-7.51831
-7.71713
-7.7654
-7.69005
-7.77311
-7.67813
-7.48686
-7.83667
-7.42566
-7.55796
-7.71014
-8.05198
-7.55358
-7.81227
-7.69277
-7.77436
-7.73456
-7.83864
-7.79977
-7.70021
-7.36578
-7.51677
-7.54332
-7.73986
-7.55178
-8.00303
-7.41693
-7.5544
-7.61436
-7.62749
-7.72047
-7.56934
-7.71272
-7.62733
-7.43117
-7.52753
-7.97079
-7.67099
-7.6617
-7.52947
-7.76393
-7.45137
-7.83853
-7.7215
-8.01907
-7.57083
-7.58058
-7.63979
-7.65413
-7.75175
-7.48378
-7.50605
-7.67436
-7.40559
-8.06703
-7.40525
-8.17748
-7.4964
-7.5909
-7.35681
-7.50186
-7.68229
-7.61516
-7.56824
-7.34451
-7.66032
-7.76317
-7.84212
-7.079
-7.77402
-7.33631
-7.46885
-7.51341
-7.80123
-7.84377
-7.68398
-7.64093
-7.78805
-7.64748
-7.75384
-7.72853
-7.77918
-7.70031
-7.62813
-7.60724
-7.62286
-7.59789
-7.74942
-7.4861
-7.5279
-7.7358
-8.12482
-7.60394
-7.45095
-7.54598
-7.66315
-7.53682
-7.92889
-7.4499
-7.5447
-7.3067
-7.86393
-7.51993
-7.77837
-7.55926
-7.63879
-7.73067
-7.54186
-7.28116
-7.48016
-7.63824
-7.60143
-7.77566
-7.72383
-7.7666
-7.76667
-7.53502
-7.97938
-7.64655
-7.72184
-7.97625
-7.93856
-7.64627
-7.5523
-7.68249
-7.89521
-7.76476
-7.68939
-7.97129
-7.68717
-7.75953
-7.93911
-7.48385
-7.74368
-7.56921
-7.92067
-7.93604
-7.6199
-7.68513
-7.91386
-7.46218
-7.68053
-7.60597
-7.52109
-7.79485
-7.68309
-7.5929
-7.75095
