0.791603
2.13105
-2.60697
1.59264
3.1754
-4.19782
-2.67327
-1.79925
3.06569
-1.49614
3.49561
-3.95484
0.560716
-0.491213
0.98794
1.45435
-1.75879
1.26822
-5.00846
3.01543
2.43335
-3.99008
2.36426
-0.152614
3.30083
3.17746
1.80251
-1.27064
5.0777
1.30405
1.50354
5.40679
-2.29546
6.22748
0.733516
1.64687
-2.38279
3.35554
4.67573
1.71794
1.45919
0.957913
4.47286
-2.37784
-3.03582
-3.23827
2.06151
-3.56935
2.76804
4.26435
-1.07191
1.86255
1.32979
-5.95094
-0.070056
2.83986
-4.75031
1.20997
2.31527
2.28834
3.44199
-3.53599
-4.25184
4.3296
-3.64945
-3.47162
2.36759
1.96345
5.03269
2.64708
-4.37319
0.838947
0.237357
5.11339
-0.646896
-5.09654
-4.12907
-5.29199
-0.541158
2.41428
1.39925
0.209411
-0.535995
1.70894
-8.90467
7.90318
0.713169
2.98773
4.07286
-2.75622
1.85097
2.25114
1.16285
-2.3881
3.63951
-5.48206
-4.0595
-0.209491
-3.97355
-0.658039
-4.15276
5.01566
-1.79036
0.116614
1.49217
0.817209
-5.37202
-4.52152
2.39941
-0.707575
1.64293
-5.09241
3.88293
-0.0722106
4.8595
4.32814
-7.10941
1.18386
0.398489
4.01869
-3.17135
-0.185095
-1.80007
2.73986
1.27842
-2.3172
3.53785
-0.225652
-2.25427
7.3902
0.639543
-0.472023
3.84097
-4.21081
-4.70351
0.542203
1.55476
4.85532
-1.71222
-2.43428
2.39643
3.73015
-4.09552
-0.923474
6.04467
1.03661
-2.80847
3.07151
6.20743
-3.50959
-1.84872
-2.95771
-2.15719
-0.5606
1.87579
0.400717
-2.47397
-2.40034
2.65395
-5.41218
-0.510912
7.93755
2.88909
-4.55158
2.14061
2.31124
-1.28742
-4.95146
1.77905
2.2453
-0.548589
-3.62683
-2.78825
-1.22234
2.18606
1.82373
0.93575
-0.974403
-2.54684
-2.70445
0.758765
7.35003
2.39018
-4.41417
-6.45555
-0.289433
-1.90404
-4.20728
-3.92194
-2.28422
-3.66546
-0.01001
2.13524
-2.87942
3.12523
-4.76668
-2.44255
-1.94877
-3.22309
1.289
4.39828
2.52531
0.382818
-0.162105
0.624828
-1.5642
6.11498
-2.59038
2.69986
2.49127
1.27375
-2.5185
1.99939
2.27007
-1.69291
-3.86173
-2.99472
1.83901
6.64178
-2.86324
6.82013
1.80522
-2.24239
6.18993
0.194167
-0.150542
-2.70274
-0.411375
-1.8977
-1.28116
5.92673
1.77489
5.56839
-0.796859
-0.197998
1.12362
-2.51191
0.0970745
4.31956
1.81235
-8.3266
-4.88769
-1.12959
-2.03304
0.676642
-2.39352
-0.47384
-3.92806
3.0178
0.295151
-0.25788
-3.88421
-1.93713
1.70147
7.8038
0.653801
5.66614
4.46835
-2.39295
-8.2444
-3.07528
2.32492
-2.82984
-0.602048
1.09941
4.87662
3.54789
-0.24183
0.641205
-2.0483
0.763652
-5.31593
2.13583
-2.51275
3.65979
0.656874
0.0117804
-0.118167
-0.198634
1.43938
0.54837
3.61603
4.23843
-2.25747
-5.70054
-3.99772
-0.664868
-5.37675
0.272101
0.750852
-8.03333
2.06573
-1.02867
-4.95799
-1.42489
-0.395583
0.599557
-0.822876
-3.48048
-1.02667
-1.30319
-1.31489
2.97022
-3.38023
3.97174
-0.154417
-0.0331096
-1.19564
2.04983
-1.82199
-1.19291
-5.32254
-4.17036
3.61779
-1.57912
-3.26098
-0.371381
0.71496
3.50426
-1.04405
1.47792
2.38361
4.14638
0.462134
2.02099
-1.6857
-1.77481
-4.35068
-0.975754
3.93777
0.0956846
-0.177023
0.66672
1.51853
4.28783
0.480143
-1.71879
5.48809
0.0418666
7.30255
1.72555
1.1739
0.222414
1.43015
-0.230478
-2.22355
1.20772
-5.18337
4.90995
-1.85886
-2.553
-1.18345
-2.9256
2.26985
-3.9588
2.17144
1.45518
2.57824
1.02352
-1.59038
-2.06038
0.909462
1.4784
-0.448014
-0.113801
-2.13378
-1.13991
1.03037
-8.30401
2.24211
-0.69372
-1.15418
-2.1052
2.68323
5.31755
-2.77615
-1.29939
-0.646089
-0.126483
6.63111
-0.0110565
-0.0792774
-1.83031
-2.22585
6.202
0.591876
-0.227238
1.0515
-0.859598
0.215628
1.56072
0.0653209
2.436
3.37179
0.64229
-3.33748
-5.57601
0.916462
4.29745
-1.79017
-5.32053
3.06142
9.26394
5.27787
-0.572423
4.25869
3.46842
-0.290188
-1.32007
-1.95819
-3.44664
-4.5704
-1.2336
-2.47451
2.70104
0.83874
-2.10899
3.95502
1.44401
1.40042
-2.08796
-4.30389
-3.80368
-3.90791
-0.730005
-1.87038
-1.8358
4.8208
3.34294
0.685446
-0.381762
-7.31969
3.78017
2.24177
-6.08904
-1.78193
2.20934
1.06336
4.31703
-2.83683
5.05181
-5.54616
1.36511
1.47178
-0.450476
-5.00844
7.78827
0.357687
-3.06408
-5.41947
-1.23934
5.90247
1.12987
0.959579
-2.82972
-1.28316
6.79832
-0.402893
2.63397
0.159002
3.21352
-2.13869
0.441117
-2.44833
2.6313
8.12881
-6.38497
-0.469104
-1.7567
0.438422
-4.42971
3.06698
-4.16131
1.70705
-1.28314
3.99225
3.22359
-1.02185
2.67164
-4.51201
5.95573
-3.36898
1.41419
-4.98434
-2.77515
5.45972
-0.972579
3.00907
3.45813
-2.59938
8.39024
-2.2331
-0.432068
1.78741
4.55223
-0.665533
-0.591268
-3.64002
-3.42561
1.04897
-4.9644
0.25205
-3.21404
0.217246
3.11077
1.24553
-0.596995
-3.45166
-1.43755
-5.92618
-2.0854
-2.15303
-0.953584
0.652209
1.83829
-3.18147
1.05323
-3.92553
-0.108192
2.36618
-4.0989
2.60709
-0.708824
-1.4635
1.4303
0.542401
-2.29494
-2.65413
2.9508
-3.55725
2.05511
-5.90168
6.98413
-0.173272
-2.87211
-1.16558
0.662627
5.15879
-5.06754
1.9471
0.465628
-1.91457
2.62572
-5.38027
1.72272
2.26576
3.06772
-0.274703
-0.781577
3.51279
2.20556
6.77277
-1.49753
4.96611
-1.04957
1.8389
-3.94323
-0.0726944
4.05846
-1.86227
0.6882
1.59036
5.18785
0.174165
0.709966
-1.28029
-2.94076
4.07901
-1.86925
3.81571
1.32515
2.2118
-1.49921
3.55587
5.17002
-1.19455
-3.82443
-0.0452504
3.76749
-3.45834
0.0294386
-2.20814
-2.74422
2.58983
-2.97679
-2.73215
-4.62562
-1.03701
4.98449
3.88156
-0.890899
-2.79023
-1.87808
3.68833
1.38426
2.72834
4.32571
0.524031
1.5703
-0.176085
1.29361
0.855422
1.70459
-2.24779
-1.94956
1.47654
6.49458
-4.02466
-0.0904451
-0.852308
-0.00263585
-0.695512
3.6312
1.24033
-2.95084
-0.533001
-0.658973
-5.0324
-2.24234
-0.159455
-2.65112
-0.332372
0.643096
-1.22414
-1.94691
-3.85344
3.62983
-4.6278
2.26446
-0.963963
-4.80059
-4.47291
-1.16242
2.56266
3.33865
-0.551127
-1.73761
6.8017
-1.42568
1.86634
-1.75835
2.1637
-6.87882
-1.32362
-1.61014
1.59755
1.65291
-6.15428
-3.62862
-5.28691
2.54406
4.76498
-1.34127
2.54457
0.938185
-2.04203
-3.55673
2.48198
-0.176732
5.43399
-0.991761
-0.124709
0.194856
-1.07224
2.03071
-0.861715
0.336766
3.26243
1.63102
-0.867013
-2.76298
-1.61882
0.827482
-2.49727
0.35001
-2.40049
-2.9285
2.45566
-1.6801
4.90587
1.18464
-0.60161
-0.104437
-0.47072
-0.276307
-0.718113
-3.15754
-1.1381
-3.70571
-0.0410935
-2.77586
2.6115
0.377284
-1.90771
2.25182
1.9331
0.742986
-5.57524
2.23181
1.75367
3.58071
1.72808
-0.307842
1.31537
-3.81583
2.46495
-1.89193
-2.70465
2.24575
2.78737
5.2954
2.34839
-2.39327
-0.515091
0.885296
7.1524
4.05535
-1.4506
-0.825036
-3.40886
3.10838
0.337247
-2.45398
6.41379
1.93893
0.221284
0.353136
-2.37313
3.15502
-0.179428
-2.94907
6.84478
-2.47628
2.92765
4.1394
-2.34205
-0.0260588
0.0176469
-1.61568
0.262247
-3.90307
2.26617
-1.38775
0.39325
3.19488
3.01255
1.99782
0.702797
-3.40081
-3.45522
-4.92643
1.43144
3.41695
7.90417
-0.923056
4.9331
-2.56316
1.44975
1.5772
-0.820658
1.82566
-0.812357
1.15332
-1.98049
3.39724
-3.82456
2.61218
2.43819
3.33185
-1.62094
-3.4747
-3.40856
-1.29996
1.17563
1.4057
-5.63841
-0.542581
1.8531
-1.32888
-2.506
-0.169725
2.56261
-0.811268
5.13984
-0.693492
0.307033
4.2856
-1.03303
2.79125
-2.04301
-2.40198
-3.53851
-3.20449
0.466534
-1.22945
4.72319
3.37592
1.69829
-2.09621
-0.156918
-3.64451
0.758867
3.10006
-0.442774
-2.91202
-1.87446
4.69661
3.50875
-2.0942
-3.20209
6.39961
2.01499
6.43471
0.662451
-1.50459
-2.62297
-2.07163
-0.0226798
8.12681
2.36302
-0.0117704
-3.86031
1.62329
0.335546
2.27932
-5.09997
-3.49343
2.03237
-0.288012
6.91307
1.70861
2.51183
3.3113
1.37599
2.86986
1.77455
0.28706
-2.64937
0.790298
-4.52665
-2.82905
4.20289
0.24004
-2.21042
1.66482
0.352263
2.36241
-1.72366
0.622502
-2.19215
3.1628
-0.646262
4.2814
-0.610567
-0.625296
-0.907053
-0.558024
-3.38194
0.23539
-1.69778
1.34436
-1.75779
-6.51414
-0.823651
0.897556
5.3857
-3.59557
4.87657
0.590448
-3.13279
-4.29769
-3.85321
-0.353701
5.52431
-0.236092
-5.92513
-2.84072
-1.9729
0.693948
3.66806
-3.9406
-0.598544
1.40908
4.30342
-5.74808
-3.32417
1.23579
-1.40906
2.62223
-0.408947
2.22237
2.39121
0.0471039
-2.11821
2.86594
2.3293
1.36267
1.12199
3.12769
-3.50931
-3.72686
-6.47037
-0.48202
1.64802
-5.888
0.354474
6.64548
3.31762
-2.18879
3.91676
2.26333
-0.473689
1.5695
2.2897
-0.624981
-1.5476
-0.130312
0.30201
1.50893
0.443374
-2.54046
-0.385566
-3.64865
0.531236
1.23622
-4.18922
6.7385
-4.72192
-1.61815
2.35463
3.4338
2.38171
-0.657551
-0.970976
1.01243
-1.91683
2.80283
-3.39606
-1.3369
-0.120787
1.55382
-2.94306
5.44681
1.05369
-3.41885
-0.0960142
-1.34887
1.05162
-0.548347
-0.342427
-3.4849
0.375738
1.7066
-0.115233
0.869301
-1.62465
4.10019
1.85271
-4.13889
-0.0849776
2.11922
6.66651
-2.38654
-8.36869
-1.00309
-0.603999
-4.46684
-5.15918
3.77071
0.286823
-1.68214
2.80154
1.53901
0.353832
4.27746
-4.11887
7.15139
0.66365
2.03109
2.58044
-1.80114
-5.98706
-3.66149
5.95104
2.31777
-2.21567
0.145255
-5.63465
0.0551727
0.660591
-0.181214
2.45568
-0.0506325
0.614483
-4.97263
-2.33167
-1.34774
-0.314466
4.62814
-1.23524
1.12818
3.29973
1.62298
1.04207
2.74287
-5.54583
-0.508381
-0.967461
-7.55305
-0.51121
3.9291
3.28956
-3.40036
-0.932654
-3.63795
-2.63739
2.77299
0.864299
1.06316
-1.93166
0.521304
-0.853401
3.47463
5.39179
3.49003
2.31555
-2.71328
2.06432
-4.87661
-0.678204
0.593877
1.29154
4.41002
-3.44749
-2.20712
-3.28238
-1.08062
3.03925
3.50128
-0.392738
-1.94451
2.65818
2.18627
2.19939
-2.50542
-7.05886
3.20222
2.73641
3.97761
-0.761523
-4.93268
7.269
-4.64334
-2.42583
-0.134077
2.49834
1.90688
1.02349
0.0560203
-1.75508
2.27502
-4.71104
-1.19962
1.74604
-0.179434
-2.28094
1.27772
5.25462
2.27397
-0.0856547
0.0416622
-2.60477
-4.53287
0.145662
-0.0979904
2.8949
0.896825
1.74065
-2.27171
3.65688
4.23401
0.190841
1.09917
2.23955
-2.80222
0.710468
0.369515
4.06316
2.93849
-1.22006
6.64292
-1.54609
-0.48493
-1.59729
0.917334
5.87799
-0.59636
-4.07938
0.975556
-0.838633
-0.89313
4.88449
0.93619
3.09658
2.43693
3.287
0.860328
1.94746
-1.00117
-2.96287
2.41658
1.69663
0.639547
2.32215
1.33258
-0.27035
-3.5966
0.782312
-1.3577
-4.79233
3.67344
-0.178028
-1.90137
-3.30537
-2.00099
2.72534
-0.717566
-0.386734
3.21939
3.51298
2.56015
-0.466462
4.69323
1.73757
0.714778
2.02413
-4.27803
0.0669441
2.50217
-2.27938
-3.83357
-3.75413
-1.12844
-4.53199
-1.30596
-6.03985
3.05773
0.209513
-2.97752
-4.18342
4.69461
-3.00853
-3.32423
-5.99479
2.70097
0.240105
-5.44354
-0.195887
1.83863
-1.15897
-2.89558
-3.43889
3.3994
-2.69514
3.4377
-3.69802
6.13425
-0.356262
-1.38429
-1.4392
-1.9636
1.1837
0.500507
-0.944523
-6.73231
3.11628
0.437614
2.52345
0.651542
4.16069
-1.15053
-4.48034
0.745951
0.821525
-0.334967
1.86086
0.00734886
2.01374
-6.18953
-3.65114
3.04728
5.89832
1.03692
8.01859
-0.969817
-2.75733
3.84272
1.88816
2.04798
-6.81861
0.701289
-0.0620632
-0.269836
1.00714
-0.0906938
5.09459
-1.90539
-0.322482
2.53523
-4.30942
2.41182
1.25539
2.99318
-4.56719
-1.09497
-2.12841
-1.22007
2.78904
-6.2177
-2.49414
-2.2968
-4.31176
1.30404
-1.93369
0.0643093
-0.154316
-0.68256
-3.13432
-4.66929
3.61189
-2.92635
-3.05336
3.81561
-2.11687
-4.42221
-2.57687
-3.57907
1.45381
2.18046
-2.03405
2.80137
-0.842096
0.384852
0.746214
-0.200054
-0.353343
-0.92155
1.60067
1.92126
5.62921
2.39768
-3.40859
4.05551
3.15112
-0.55392
-1.71793
-0.902514
1.42207
0.622386
-2.50577
1.0776
-5.35417
-0.557583
5.19435
-4.3023
1.79058
3.54713
-1.85918
-1.27022
1.04205
-4.00435
1.31333
0.934458
-1.6011
3.12759
0.187977
-0.748575
4.57582
-1.18659
-4.04706
1.12061
-1.09696
9.56297
3.15736
-4.18576
1.38261
-0.794318
-3.74058
3.14312
2.12948
0.254891
0.979021
-0.488845
3.67273
2.17381
-3.07523
3.13527
-0.513686
-3.53492
-0.683407
3.12384
-3.79139
-4.49899
-0.770977
4.15016
0.322107
6.55297
-3.21467
-0.823229
-4.45736
-3.0954
3.07918
-2.13586
-0.709505
4.97556
-2.71489
-0.804515
0.586962
1.0317
-2.59516
5.86008
-0.336449
4.47645
-3.21631
-3.16104
5.37654
2.36037
-0.339193
-0.913552
-3.56888
1.72836
0.0601048
-5.33486
0.568548
-0.108519
-0.558684
-5.84189
6.15595
-4.16651
2.92259
1.9755
3.71401
-0.62782
3.98098
-4.60596
3.4521
0.0554046
2.16359
1.14362
5.23317
-0.743403
0.121474
-2.02309
3.84542
-4.19118
0.497769
0.760193
2.07175
1.47545
2.05428
0.692878
-0.770284
-2.03646
0.977523
-2.76581
2.91571
-0.694653
-4.57044
-0.459108
1.26218
2.95819
5.29815
7.99183
-0.454643
-1.37608
-0.700582
-3.1574
-0.881449
3.83937
1.12315
1.65911
-6.1475
1.0413
-1.56311
2.26828
-0.417475
3.78895
4.29493
3.42272
7.82442
1.19251
3.93012
6.47881
-3.45688
-0.206373
4.2994
-2.13938
2.85443
0.0849134
-0.863943
-4.46256
1.80745
1.00241
-4.82858
-5.64082
3.09875
-5.96372
-2.03818
-0.506655
-1.00179
3.39294
0.280217
-2.18879
-0.140462
-0.539795
0.718928
-1.69429
-5.18221
1.54755
-8.22445
6.0843
-0.247179
-1.35799
3.39996
-0.94974
1.66123
4.10392
0.0863916
-5.22372
1.3342
-1.10913
1.34866
-0.541947
0.137807
-3.43701
-1.19697
0.913608
-4.51819
1.36861
-4.59675
-4.11379
0.0954703
1.72857
0.565841
-1.56889
-2.2622
1.60717
-2.22848
0.0442778
-2.75134
-3.28764
-1.44385
1.22972
-1.32599
1.35938
2.82062
-1.43237
-0.0576031
-0.14097
2.35406
-1.41189
4.35109
-0.0431374
3.74195
-0.328006
-2.06677
1.19175
-5.28176
-0.0328167
-1.22373
-1.49901
0.606658
1.41264
-0.741989
-3.09632
1.61971
2.96267
-0.725928
0.0540865
-0.355837
-1.50696
4.26991
5.32209
1.85649
-0.882536
1.13121
-8.00087
2.25445
3.3796
-1.49312
-1.07914
4.13653
-1.7228
-6.95748
-0.618005
1.47071
1.05225
-1.26039
-7.64235
5.39833
-0.939953
0.933089
0.0507837
-0.97212
2.49312
-0.756829
-1.38118
-2.87871
2.8804
-4.60421
-2.77705
-0.444661
-3.84376
-3.93785
1.45091
-1.14524
-0.922285
-1.05081
4.58706
-1.78209
-5.88856
0.424983
-4.71733
-1.98696
6.25966
5.96971
-7.65151
0.768419
-2.38067
1.44306
0.269078
-0.941769
0.128703
1.30401
-1.10395
0.447014
-0.160618
-2.03724
2.12356
3.29832
2.07823
-0.796526
-1.86997
1.28652
-1.21466
2.3286
-4.08013
1.6336
-1.80929
-1.13698
2.89884
-0.364198
-0.705802
3.11618
3.67163
1.10505
4.82049
-3.54105
-4.70187
-2.57926
0.0990755
-3.39906
4.40537
0.527729
3.0725
4.45032
4.14935
0.730586
0.883628
4.89402
2.14618
1.73918
1.30749
2.45589
1.63392
2.09234
-2.00079
-5.02941
-0.502011
0.797299
-5.41833
-4.69232
5.49497
-1.50029
1.34481
1.53509
0.799108
1.65223
0.720544
-1.5092
1.04551
-2.48412
-1.79473
-1.73889
2.53045
-0.138111
-2.00547
3.57031
-4.24881
1.3314
-2.01372
2.74009
-1.46161
-1.8292
-0.536214
3.42343
-2.83275
-0.966851
-1.59997
-1.38073
-0.324312
1.82123
9.87448
-1.60421
5.12411
0.679834
3.35663
3.85045
1.14875
6.04031
5.7085
0.592843
3.48915
-2.9597
-0.773816
3.86881
3.56531
-3.13087
0.741594
-1.91518
2.01143
-4.22974
0.0597878
4.88522
-4.22672
-3.15647
-5.13666
-3.12922
-0.0884542
-4.29045
-5.14608
0.521499
0.772905
1.09867
-3.73943
3.16762
5.49952
-2.35342
-0.348784
-0.68988
3.43987
-0.888576
-0.441635
3.2144
5.02054
-4.19706
1.53834
0.897681
1.28566
4.87969
-1.83128
-0.31235
-1.87985
-1.79075
-5.52275
-6.05633
-3.50197
-3.56712
0.877507
4.66135
-3.46913
-3.84037
1.38631
0.718785
-1.15634
1.93146
-1.74494
-4.9728
6.129
0.040027
-1.86982
-2.80843
-0.0360583
-8.71359
6.66458
-1.02788
0.141491
-1.16588
-1.9625
-1.92815
-6.28983
3.5449
4.46365
-1.05803
2.27758
0.167669
2.03651
2.59782
2.645
0.808831
-4.33806
0.512295
2.87437
1.85463
4.78577
-4.39153
4.27036
-0.20615
7.3127
2.23159
1.79898
-1.213
1.99451
0.588807
-0.0302791
2.43925
4.63842
-0.15573
2.32412
-0.938999
-2.6765
1.03122
-4.36902
-4.64458
-2.8988
-0.868549
2.36864
-5.16833
0.262381
2.26885
-3.77733
3.106
4.0456
-3.63362
1.87175
-6.53022
-0.558322
1.6364
2.10618
-4.43517
-4.71314
-3.94681
-1.17822
-2.64756
2.57715
1.93361
-0.626615
-0.976887
-1.53213
4.52438
2.35768
4.83645
-0.433627
3.59844
-2.11978
5.71147
7.54457
-1.29423
-2.74195
2.21927
-2.91682
-5.97039
-4.1154
3.69576
-3.94247
-0.106657
-6.66437
2.28915
-2.91542
0.89639
-7.30362
-3.0696
-6.12885
0.101342
-0.214406
1.21897
0.772336
4.13666
-3.39347
-0.173126
-0.593654
1.44545
0.496161
6.21074
-1.66558
0.578362
0.195958
-6.54311
-3.1104
-0.231547
-5.08689
1.53463
2.78974
-5.38685
0.354064
2.0363
1.60054
0.721058
-4.13259
-4.49991
3.86523
-1.59936
0.765865
-3.42539
-2.46742
-1.93111
1.65839
-1.44939
1.48617
1.88447
1.05455
-1.00019
-0.671314
-5.63074
-0.181248
1.06189
0.135595
-2.55073
1.47713
2.51244
3.91703
1.12887
2.17975
1.31223
0.713491
4.21024
-0.0668025
-2.40379
-3.60279
0.0864708
6.80856
2.93462
-2.94737
2.62954
6.16957
-2.30479
0.519132
0.918016
-3.02082
-4.81886
1.37501
-8.11277
6.42779
3.42634
-1.82141
-0.752617
6.58549
2.71711
2.52761
1.33428
1.42779
-1.23897
-2.26542
3.27075
-0.340989
2.17722
-1.69778
-0.801991
-1.74741
-7.03883
1.1915
1.37075
-1.19259
0.895047
-0.76313
-3.70979
-4.69768
-1.30617
1.33782
-0.192426
-0.21108
4.50857
0.94352
-0.868099
-2.81032
-0.211451
-2.23696
-1.4113
-0.658189
2.17001
5.73445
4.92422
-4.46842
-0.377485
-2.38089
0.893025
2.51305
-5.12135
1.75096
-1.92344
0.652134
0.311239
4.20609
0.849831
4.01313
-0.905125
-4.93538
-1.69505
-5.44319
1.25151
1.86251
-2.04831
-0.55006
-3.47972
1.68683
4.46441
-3.12106
0.241633
4.10978
-0.829698
-0.1351
-2.98187
-2.5431
-1.01478
4.32336
0.750763
-3.98959
-0.428768
-1.38496
3.86604
-4.31059
-2.04877
-4.25511
1.37953
1.88094
3.12384
-1.93321
-0.0493914
-0.00951829
1.85575
-2.68068
-1.49682
5.17693
-2.84068
5.08849
0.715246
-1.49159
-1.11293
2.14865
1.17238
-4.56321
-1.80831
-1.00185
0.881647
-0.0558435
-2.30208
5.46514
-4.27528
-0.640784
4.16828
-2.55099
2.0876
-2.94833
1.30519
0.74622
-0.241523
-0.619011
3.66337
-6.21556
-4.51682
-1.25631
-3.67259
-1.82145
1.17252
0.659076
-1.63378
1.09795
-3.71393
5.62143
-0.377481
-0.167495
-1.42532
-0.668557
1.1976
0.321574
6.37186
0.977287
1.61165
-5.56363
-2.69815
-2.26439
-5.74065
2.73518
2.17861
-1.80532
0.412734
-4.571
-1.60447
3.34286
1.43848
0.37021
3.38226
0.152767
0.588262
1.99847
-1.30442
4.13599
3.1326
-0.848653
-1.23054
-4.78987
0.714569
1.23226
-2.12614
-0.128743
-0.158426
0.602365
-1.38597
-2.30915
-1.17235
3.68744
-2.53344
-3.79067
3.59322
-0.537635
0.960055
-3.35402
-1.53317
2.29667
0.417059
-2.03258
-0.718991
-5.2267
-1.35696
1.52093
0.0374173
-7.53588
2.34619
-0.803681
6.27691
-4.61236
-2.05394
0.598542
-0.698114
-0.294817
-6.95534
2.91768
-4.31852
1.22353
-0.041012
-1.66747
-0.508927
4.73937
3.03528
-2.45089
6.3428
-3.5212
2.243
-3.37125
-0.242284
5.54257
-1.66664
-2.82016
-4.3883
-5.98745
3.68354
-4.56776
4.1874
0.0735347
-4.854
-0.781169
-2.86494
-1.84384
-1.91657
-2.11576
-1.19743
-1.52112
-2.96951
-4.76531
-5.06496
0.195885
-1.06368
1.90047
0.693979
-2.06269
2.08265
-3.21008
3.18792
-4.26467
6.05866
-0.643992
0.850165
-2.07797
-1.17373
0.570309
-0.979105
-0.224746
-2.36481
0.218439
-4.25875
0.160057
-5.01226
2.84657
-1.45668
-2.23427
-1.87624
3.72926
-3.19283
-9.5032
-1.47918
-0.582158
-0.931552
4.5663
-5.34482
4.1681
0.867174
3.3004
3.14445
1.76301
3.47589
3.33628
0.95329
0.649261
-4.11149
1.15415
1.19394
0.568093
2.03322
0.72997
2.43119
1.76553
-0.831571
3.71428
-2.42464
0.0372536
0.341887
4.72792
-3.69206
2.98414
2.92276
-2.57911
-3.04434
-0.447387
-2.04555
0.229851
0.651099
-6.07492
-1.41539
-3.34737
0.396921
-1.77824
2.35857
2.71298
-0.386933
4.35601
-1.35526
-6.61831
3.04653
2.00663
-0.646328
-0.342685
1.37003
-0.795991
3.46372
0.648181
-0.550841
-0.160586
0.564306
-1.69023
-2.79017
1.74147
4.88439
-2.68453
9.07997
2.64659
-1.79122
1.01444
-1.0437
-0.72447
-5.08172
-3.4883
-1.04651
0.926532
1.75356
-0.0142937
-1.35314
-1.23662
0.265108
0.744715
-0.794215
2.20334
-0.717803
2.32866
1.3654
0.159758
-0.711866
-0.398215
-0.920266
2.19283
3.91263
3.23905
0.0502368
1.35441
0.00588014
0.43329
-0.0899261
-1.85965
-0.196155
-2.46702
-2.51305
0.752745
0.167374
3.05129
3.51211
-9.08231
-4.03958
-3.91015
2.62667
-7.44516
2.26305
2.22898
-1.77906
0.398532
-2.76513
2.18945
-9.0941
-2.75361
-3.30888
5.49043
0.732175
1.0591
2.45542
0.892979
0.436467
-3.73529
-1.20321
1.22233
0.613905
-2.34061
-1.73751
-3.2137
-0.918868
-0.969156
2.34154
-1.15103
0.798923
-0.145409
-0.0841517
5.15416
-0.750119
-0.36587
3.43574
1.04245
3.17033
-3.08137
-1.81802
-2.1713
5.31749
2.13305
-0.887139
1.45993
-0.70482
-2.82182
1.64221
5.13501
1.50929
-3.67872
-0.0776606
1.95885
-3.69867
-4.00756
0.505445
1.05978
-2.4267
-3.10178
2.66571
-0.3081
3.92992
-5.50318
1.16918
-1.15383
4.70636
-2.13165
-1.03852
2.76086
-1.56707
3.24153
-5.78192
1.03852
5.04313
-5.61417
-0.534455
-3.62969
-0.534196
-3.18978
2.80514
1.30064
-2.65616
-4.76889
-4.51443
-2.65592
-2.30289
-4.22164
-1.58362
0.663255
-0.468623
-4.73197
0.138105
2.06818
-1.08155
1.8842
0.709573
-2.71911
4.47244
-1.9814
-4.64614
-4.14735
0.221845
-4.18893
-3.73544
0.00342887
3.00369
0.979146
6.93346
0.0503054
-3.09452
-0.387603
-4.23245
1.81349
-5.33062
-0.597043
3.14667
2.91836
-0.784277
2.55136
0.239467
-1.9062
-3.99231
-1.28448
-3.51392
-0.401496
-0.95519
-5.82441
2.81607
0.959217
-1.85393
-5.31159
1.61832
0.22922
-2.59772
0.2053
1.44364
3.49149
-3.7316
-1.78451
0.497098
-2.28025
3.69215
1.08087
1.46019
-3.19383
1.66808
-2.54416
-2.00541
6.27915
-0.316995
-1.55049
-0.0525422
1.0066
-1.73894
-3.10822
0.507014
-3.07123
-3.76408
2.73382
-2.55771
0.0510732
-2.50422
-2.90916
0.155435
-0.853538
-3.03078
-2.12872
-5.00701
0.0660684
1.07287
-0.55151
-1.67674
1.41982
2.04635
-2.87411
-0.650642
2.66288
-1.6998
-2.33853
0.462257
-2.74427
2.59463
-1.38283
-2.2677
-0.498084
-1.93548
0.730598
2.32007
-4.70142
0.32165
-0.600712
-3.41145
-5.22689
0.282348
-2.80826
2.22793
-2.29552
1.24339
-4.03371
-2.66142
-3.82124
0.277171
1.0378
-0.459812
-1.63264
2.3602
2.08138
3.24502
-1.74937
-6.67122
-6.17787
-0.775983
-6.45446
3.46963
1.92922
1.33106
2.89554
-6.26263
-0.556086
1.08835
1.7753
-2.39462
-4.36292
1.49993
-0.342875
2.665
0.532634
-1.0804
1.21185
0.158611
-0.416348
-1.99769
0.742609
1.76901
-2.16606
-5.38423
1.71032
-2.29322
-1.33337
-2.58083
-4.96936
-2.93959
1.01452
1.70026
-1.52654
-1.4521
1.55892
-1.31246
-3.08406
7.27874
-3.08145
-5.08401
7.32577
-4.11924
6.2883
-3.17321
0.900063
7.40188
4.3603
3.42697
-1.03753
2.40783
3.93914
2.39422
0.15045
-0.223534
3.45159
3.34021
1.16561
0.5797
2.11552
-0.464372
-1.88517
1.45387
0.403735
-0.68969
-3.69689
0.298196
1.58891
-1.60292
-0.261205
-0.0138938
-0.768293
-1.97545
-2.34957
0.866498
-0.493053
-1.47043
-0.430268
-1.86875
-1.02558
3.04072
-0.774833
-0.679595
-4.33324
-2.49362
-0.897101
0.780398
1.37602
-0.704286
0.746519
1.22006
1.73738
-0.518686
2.18801
-2.8082
2.69032
4.02453
0.654411
0.154828
-0.925657
-3.62889
-7.02131
-0.501202
-0.750952
0.175552
-1.58029
-1.13044
-3.59735
-2.58204
0.630679
3.28687
-2.00685
2.86323
-2.59207
-4.15667
4.25433
-2.15835
-1.74687
-1.10058
3.77243
-1.24104
-6.3142
0.86314
5.05494
-0.157401
-2.1215
-1.61308
1.35229
2.40409
-1.64483
-3.87088
-0.364779
3.67882
0.111426
0.181192
-3.01174
-6.79474
-1.37561
-5.45334
-0.397578
1.01859
-1.34074
-0.223395
0.594097
-0.0216202
5.26203
2.53816
-0.614189
2.19496
0.9817
0.137872
-0.250721
-3.06121
0.725873
-2.36319
-0.74838
-0.178117
0.806908
-3.93429
3.6486
-0.00194402
2.13116
4.5462
4.59633
1.4064
-1.29714
4.08017
-2.88664
1.05109
-0.240818
2.92355
-3.40113
5.24705
0.138703
-2.09157
1.66935
-3.68802
0.892993
2.60047
-2.91646
4.24245
2.52759
0.211366
-0.559524
1.96811
-0.511819
0.300549
-1.55242
0.0561935
2.59278
-1.57123
-2.10008
-4.26738
6.31102
-5.10022
2.49114
0.419171
-3.71226
-3.62149
2.18689
4.55594
-3.91947
2.09863
6.05522
1.49604
-1.33915
-4.31727
-4.06245
4.4499
-0.888362
-1.37329
4.73304
-1.38445
-0.13663
-3.12919
3.19719
5.92017
4.44127
-2.98215
-4.48092
3.54763
-2.26093
1.40791
-2.31197
-1.33899
-4.03876
1.42575
-1.30078
1.59346
-0.794572
-3.50599
3.05732
0.830949
4.82946
-3.81294
4.05907
1.40772
0.5383
1.59874
2.89591
-2.32238
1.07144
1.37805
2.58232
-0.344387
-3.84259
-5.17279
-1.35213
-1.95938
2.34675
0.546793
-0.698501
3.80419
6.19112
3.49832
-0.95534
2.70361
1.59138
-2.67641
-2.18909
-6.88732
0.642997
-1.79426
-3.19951
0.968036
-1.59871
-0.0129277
2.62939
-5.10684
-0.150364
1.68376
0.336106
6.65783
-2.92818
-2.79578
0.899997
0.173061
-2.95797
0.535352
3.59782
-4.48753
-0.50603
4.30524
3.11632
-0.235898
-1.7888
-0.68263
1.22865
-2.07835
-2.48002
-0.806017
-3.07367
-1.12697
3.88574
-0.608586
1.31788
-3.30482
1.25732
-2.13962
2.78028
-4.36992
6.61264
1.14809
-0.590838
2.5485
1.63029
-2.9368
-1.79952
-3.24881
-1.58357
-0.935835
-1.94065
-2.58043
0.643201
1.31659
0.899469
3.06409
1.57275
-0.857368
3.01207
2.15127
2.20552
1.93839
1.93733
0.387214
0.717446
-2.60514
0.109054
6.63941
-2.99795
4.1565
9.53662
-7.58282
-1.61802
2.5582
2.11433
-0.174224
-3.40935
3.98249
-3.20744
-6.04952
-2.13641
-0.302901
-1.57163
-1.1948
0.80223
0.193463
-5.26551
-5.03455
-0.252937
1.08626
1.4448
0.324833
-2.15237
1.03798
-2.47371
0.0954784
3.14222
0.689723
0.697355
-1.73557
-1.93649
6.32572
7.62218
-1.39484
-1.19347
2.52147
-0.302209
-2.31061
3.3765
-5.23673
-2.98385
-0.819715
-0.70332
-0.14148
-3.35917
-0.0419277
-0.220666
3.72989
-0.821478
6.97665
-2.37126
-3.36475
-5.49013
-0.792257
3.31332
5.12711
-4.02958
3.5132
-5.86298
-5.49195
-2.92806
1.80151
5.31273
-0.283321
-3.61959
2.42254
0.0960814
-0.279839
3.225
-0.861167
-1.35258
-0.323718
1.35503
0.981536
-2.57442
0.274694
3.54812
1.12865
-1.01006
-1.22489
0.257653
2.30093
0.0774387
7.74888
-3.18155
-0.392788
0.670535
-1.7946
-0.977584
-0.429833
-1.45015
2.47017
1.91302
-0.482379
0.0609927
-4.06099
-0.931254
-0.589622
-3.7985
-1.13314
-1.5421
-5.48246
0.462912
0.626289
-1.91742
-2.44909
-0.952751
-3.53228
0.682245
-6.02397
5.44574
2.41698
-0.432226
2.60204
0.758988
-1.39332
1.55112
0.873145
6.98617
-0.00360701
0.0845903
-4.3702
-1.47838
4.72092
-1.48582
3.62933
3.44715
-0.708212
-3.46647
-0.428559
-8.52995
-5.71476
1.85042
-4.90181
-6.17574
-0.738277
-3.00553
-0.234072
-1.81827
-2.14407
1.15334
3.02249
-2.3533
-0.872624
3.07667
-1.5013
-2.8107
-0.195592
2.0549
0.401811
1.1177
3.49481
5.17306
-1.51454
-0.868438
-2.22788
6.74602
3.74314
-3.81413
-1.47751
3.06376
3.13737
-0.292544
4.03687
1.14797
1.49654
-0.362403
-4.72876
-1.17664
-1.16053
-4.31487
2.78775
-5.806
-0.398071
-0.00476164
7.63438
4.21136
-4.14273
0.0820715
-2.47639
-0.230126
-1.53401
5.68981
-3.22836
1.65537
1.1256
3.10521
6.57169
0.624604
0.580622
-0.248
1.22712
1.73596
-5.25942
-1.54123
-6.5646
6.29467
6.66542
-1.61323
0.539538
-0.717034
3.79946
5.87542
-1.77846
1.83641
1.38393
3.00321
1.51771
2.09541
0.296498
0.498715
1.85506
-0.413495
-2.48508
-1.71171
5.07241
-0.983715
-0.397306
-1.57395
0.429738
1.84699
2.97736
-0.419321
-4.91716
-0.487031
0.298131
3.93858
0.620851
1.96771
1.46307
0.0952914
0.254016
-0.445315
-3.25011
-5.06162
0.487612
1.21626
-0.37859
0.848411
0.680915
-2.00023
4.39938
0.161158
-3.50194
0.529413
0.595638
1.11408
1.6946
1.46083
-2.77047
-1.19819
2.54523
-1.2874
3.31752
4.55282
-1.58487
-0.991253
-4.37597
3.60699
3.19974
1.43404
0.240969
-2.62298
0.771745
-1.93252
0.475434
1.16645
-1.93696
-5.03653
-1.51323
2.54688
-0.0153574
5.95316
0.340119
-1.64282
1.11872
-5.83094
-0.066521
-2.41584
-1.55915
-3.06459
-1.33634
3.73736
-0.847517
1.09418
0.865901
1.16766
-2.52878
0.52641
3.8744
3.99253
0.932714
-0.529174
-0.112754
-0.930666
-1.26832
-3.46546
-0.684161
3.82437
1.95369
-1.45079
2.91783
1.78033
0.398651
3.58536
2.26607
2.66003
-0.14322
-1.60858
-1.66398
2.29998
-0.302731
2.57025
2.72941
-0.865559
-6.11644
-2.26653
-2.37021
-0.671288
-3.36701
-0.347568
-2.48285
3.91039
3.52012
0.357675
3.63309
3.31578
0.901441
1.54109
-0.70015
0.531317
0.456867
4.11775
-2.99595
-4.02724
5.54832
-1.5646
-0.643312
-4.03761
-3.76663
-0.637667
1.54305
-0.10327
-4.12484
1.32594
2.91291
7.62597
0.142916
0.440642
-1.11627
0.536582
1.39519
0.970641
0.727769
-2.05265
0.88826
3.85185
-0.240365
-1.94399
-5.52354
-3.45343
-2.09951
-2.91186
-4.23948
-0.123184
1.30778
-4.63943
-0.089176
0.835995
1.7403
-0.0487604
-1.9984
0.923937
-0.831738
-2.97468
-0.615136
0.221885
-0.514187
2.3064
0.73837
-4.9372
0.779504
-2.88338
-0.7396
1.80123
-1.63893
-5.9319
8.30878
-5.03962
1.93277
-0.389171
2.77444
-0.863758
5.42581
-0.205021
-2.19772
-4.66072
-2.8671
3.81164
0.587789
1.46532
0.481607
-0.472052
-0.454726
-1.55702
3.71631
5.47556
0.0977441
-0.0885268
-2.78069
-0.0512142
1.03723
-0.516612
-0.130418
3.23722
-3.07968
0.239361
-2.71352
-2.04025
-2.16027
0.740665
-3.89611
-1.56268
-4.58924
-2.02073
-1.7354
-4.05327
-0.0704227
8.53402
-6.30014
0.593526
2.65072
2.18075
0.0119096
1.08713
0.863342
1.78368
0.979332
2.94095
5.2612
1.4581
3.60079
0.716193
-4.23142
2.13061
-1.14859
-4.43095
3.74921
-5.1281
-5.039
-5.54877
4.29585
-3.15104
-2.52912
-0.37306
2.40469
8.23349
0.340709
-2.40172
5.19895
-2.94741
4.71594
3.7613
1.64388
2.23252
-1.15347
-3.92283
0.485358
1.23342
0.182777
0.886123
-0.924515
0.184816
-2.58899
-1.75182
-3.04626
-3.76542
-0.384953
4.87744
2.32626
0.595753
-1.63602
0.350013
1.39095
2.36556
2.89782
4.52303
0.734317
-2.54512
-0.0505643
2.75491
2.71815
-1.2855
-1.97306
8.56646
7.70524
-0.882992
1.58763
1.96232
-5.51645
5.54408
5.75926
2.05682
1.21944
-3.33878
-0.271214
0.237226
-0.216442
-2.65001
-2.30735
-0.432677
-5.39682
4.53629
-5.49385
-4.55649
0.250506
-4.06731
-5.01055
1.22465
1.09941
-3.19891
-0.0895304
-2.3121
-2.54154
-2.06476
3.03664
-9.5681
0.882461
-0.280287
-3.02183
-3.44439
-0.891704
1.66513
1.54405
2.75333
0.267865
-1.84977
5.03225
-1.46575
7.98808
2.22656
-1.66098
0.925162
1.21042
3.00334
-6.59879
-2.27093
-4.61351
-0.12574
0.552206
-2.83505
0.364766
1.24407
0.064353
-0.0168452
-3.31759
-1.84581
5.01606
5.16754
6.64607
-1.13224
-2.30415
-4.16556
1.19444
-0.11964
-3.97052
2.08295
-1.53651
-0.851193
1.59471
4.06772
-1.41392
3.20201
-1.73701
-1.4662
-5.7943
0.324363
2.60713
-2.0231
-0.2762
2.38244
2.65236
-1.14686
1.76391
7.22888
-0.878323
3.25394
-0.342956
3.33566
-2.33727
-0.414393
-4.27775
-0.769998
-1.99182
-3.17682
0.330912
1.42284
-2.86694
0.853301
3.94145
-3.15917
1.35402
0.767282
0.847298
-0.281124
-9.24978
1.9035
1.04198
1.25545
3.7133
1.99261
5.55472
2.94929
1.11689
2.99171
-2.51566
5.20231
-0.0596452
-2.08475
-5.40039
4.33516
2.11852
-3.53462
1.31516
-1.10374
-1.44248
0.619
-2.53239
0.417272
0.684667
-4.43052
-1.73479
1.61751
-1.43028
-1.18311
1.43184
2.49634
3.16217
1.89196
-2.11239
-1.83714
2.60194
-0.866542
2.88409
3.8116
-0.775068
-0.149284
-4.368
-3.03298
3.21386
1.45194
-1.08362
-5.17283
0.0141231
1.63544
0.571876
-0.0950528
3.82853
-1.48301
1.81696
1.94419
4.01591
4.25892
-0.353645
-6.54027
4.66183
2.14175
-2.52171
-2.14394
-0.727081
6.47937
4.08286
1.09027
-0.191704
0.645651
-2.0902
-5.53772
2.91725
2.23113
-2.525
-0.468278
-5.06833
-3.06054
-2.64027
4.04595
3.81034
0.628229
0.325159
1.87211
-0.714775
0.88186
-5.60609
0.0697503
3.71553
-7.10552
-3.22821
0.347445
-1.49683
0.0400757
-1.50787
0.502108
-1.2528
-2.51843
-0.526462
5.95513
-1.43217
4.51585
-0.0821686
1.92531
-0.129812
-0.741704
4.92823
-4.88503
-1.69256
-0.707218
-3.13664
4.11434
-2.92548
2.98367
-0.960726
0.912518
-3.2926
-6.02031
-3.96202
0.943951
1.37515
2.66816
3.55957
-6.62753
1.2538
-0.748434
-1.28348
-1.91607
-1.09366
0.958361
3.58688
-2.171
-3.74304
-0.812646
-1.12604
1.18962
-5.5466
-4.76422
-5.93676
4.29486
-2.40987
-0.160407
0.736042
-0.884093
-1.76683
-2.73396
-1.42107
-0.0771829
3.41239
1.31544
4.58621
4.09311
-2.52675
2.09452
5.6932
0.30562
0.261106
1.85914
3.31671
-1.22534
-5.5712
-4.97572
-5.36164
-0.718871
-1.98444
-3.13652
0.767357
-4.24023
-3.93801
-0.296603
-2.28163
0.668679
0.171305
-0.111153
-3.03927
0.361445
1.13225
1.56915
1.63352
2.80923
-1.45939
-1.98449
0.618905
-1.80531
-3.0667
4.45203
-1.1081
-1.57825
-3.53678
-0.098177
-2.3208
5.62973
-4.48436
-1.04713
-1.68823
2.04233
-2.4605
-3.53854
0.307228
-3.65619
2.23863
3.92555
0.928042
1.67569
5.40954
-1.59478
-0.671686
0.483373
0.0278309
1.10139
0.6521
0.674238
-1.59132
0.291768
-2.23884
0.844823
0.993307
0.496628
5.2297
0.142102
-3.52797
1.52651
-0.0846116
-4.04398
1.39702
-2.13828
-5.41037
1.56074
0.0587772
1.70428
-1.00899
-0.0128056
0.652251
2.97409
-1.3967
0.705046
2.34078
7.74743
0.307676
1.89953
-3.9787
-3.72145
3.02276
-7.69138
-5.84027
-1.83285
-4.44959
-2.82698
2.52444
-0.951779
3.01399
2.76078
-0.967627
0.60401
0.808921
4.03936
0.87568
2.53237
-0.626732
6.69754
-0.208333
2.88736
5.09062
-1.10837
-0.698151
1.35426
-1.08783
-1.37372
6.67498
-1.84439
2.16849
1.20565
-2.29892
-1.30744
0.433288
-3.1951
1.3465
-0.408139
-0.0636076
0.685346
5.02529
-3.02127
-2.56822
1.03041
-0.333543
1.33949
-2.97236
-3.31831
1.47807
5.2075
-1.95512
-1.06309
3.9342
1.98631
-1.91685
-2.35839
5.16392
-1.64242
-5.93258
-2.03877
0.630837
-2.61802
3.13331
2.52975
-0.0366755
1.80947
0.484562
0.655283
-1.10648
-0.81667
-0.201645
-3.74124
1.15309
1.52435
-0.988376
-5.68671
2.09666
-1.59093
0.489796
-6.84935
0.256791
-2.11392
4.18829
3.27995
-0.0589725
3.30858
-0.227339
1.18914
2.76438
2.23118
-0.641871
3.30827
-0.0721942
2.00788
1.47162
-0.584684
0.575717
1.70204
4.59308
1.69651
3.0186
-0.33372
-3.04159
-3.76577
-3.08556
-0.974541
2.9388
-1.01021
0.605136
0.920287
-1.23765
1.12409
0.422036
0.715917
3.85709
-2.03754
-0.341994
0.67928
4.86862
6.27324
-0.236668
3.76592
0.619325
4.08731
-1.94857
-3.89659
-1.23998
-1.96256
6.1123
-1.92115
2.55564
2.10446
7.49461
1.3959
-4.26859
3.07108
-1.92543
-0.40884
4.38909
0.153766
2.66412
-1.44687
-3.52702
3.95829
1.00999
2.9671
-2.80018
0.52901
-6.05709
1.35658
3.24141
-1.19608
0.727669
0.462453
-1.82453
-1.92246
-2.78732
3.89901
5.54331
-4.88969
-3.65329
1.18347
-1.48064
-4.80527
3.99427
-0.76877
-8.46981
3.25701
0.284102
-1.00497
2.14396
4.56728
-2.00912
-1.10727
-1.05545
4.21396
0.622849
-0.181527
6.38798
-5.87556
-1.36038
-1.85826
3.96467
0.151418
-2.51324
-1.52905
0.238874
-2.02692
5.66164
-3.1797
2.32402
-0.739811
3.47699
1.60731
1.53354
-3.19294
-3.67422
5.18045
0.718617
-0.643084
0.487227
-2.83849
-1.13269
0.512794
-1.25801
-2.15262
4.53806
-4.56607
1.42669
-2.6536
6.06435
-2.24192
-2.26613
0.0491147
-1.93332
3.26704
8.9045
-3.21515
5.29407
-3.46579
2.24588
0.777149
3.07286
-2.58671
4.15152
-6.2628
3.26991
-0.720727
-2.84192
-0.517308
-5.76601
2.58822
-1.03921
1.93338
1.55344
-1.57338
-1.15886
-1.31421
1.4389
2.9085
0.986372
-3.69869
-3.79206
-1.19418
1.2573
1.25277
-0.3022
-0.277185
-0.461171
4.4921
2.72392
-7.80409
-1.95867
1.63156
5.83971
4.88727
0.887915
-0.192951
2.09624
2.53318
-0.522357
-2.84301
5.70834
-0.83507
1.91226
-2.85405
3.36256
0.418205
3.2115
-2.425
0.00547031
2.3016
5.73714
-0.377844
-4.70218
-3.54319
-8.08742
7.70021
-4.05764
2.0995
-4.28346
5.22488
-2.84204
-0.777162
-5.75143
1.33124
-1.37602
4.1064
0.0020352
2.40414
0.361523
-1.70694
-3.07389
3.82321
-1.22423
3.76347
-1.25445
1.30039
0.0941138
-2.69591
0.403587
-0.84636
6.09679
-3.85264
2.16126
0.740704
4.98628
5.23541
-2.12624
3.41884
-2.31353
3.50731
-4.14169
0.787549
3.9757
-2.93844
-2.36859
-3.93805
0.561387
5.54285
1.99104
-0.191539
1.291
-3.56365
4.76431
-1.66039
2.02502
-0.0296301
-0.351644
-2.59038
-0.549873
2.9495
3.1942
-1.10161
-0.286071
-0.453712
-3.44114
1.65982
3.581
1.29937
-0.207043
3.06343
-0.509355
2.59419
-0.72723
2.49828
3.8874
-2.7398
1.10802
1.02681
-1.41401
3.18237
-2.27419
4.1951
5.29189
1.79545
-0.816071
-0.0587174
5.94112
-2.83067
1.67114
-3.36774
-7.84427
1.92402
-3.97644
2.28017
-4.06006
-1.36934
0.245714
-0.283302
-0.565081
7.62723
-4.12756
-3.96999
0.0570253
3.0589
3.38377
1.01095
0.941395
4.79242
4.15351
-1.19166
-0.475175
-3.47101
2.77214
3.64269
-1.96291
-3.39
5.1973
0.703269
0.38681
-4.13298
-4.092
-4.21471
-1.82345
0.515375
-0.346299
-5.42441
-1.99998
-7.76353
-3.26364
0.875182
-2.43001
-4.7931
-5.29728
-0.746865
2.25674
4.1454
0.479446
-1.82538
-2.03055
-2.07294
1.34625
-0.310524
3.6263
4.14619
3.55517
-0.189831
-1.93349
2.59641
-3.34867
1.4516
3.3198
1.1527
-2.57772
-3.20752
-4.45149
3.04854
-5.79623
-1.55018
-0.671858
-3.12123
2.3967
-1.04953
1.43993
3.92973
1.75698
-5.4048
-2.4439
-0.367602
-1.34487
-4.56594
3.40379
6.12662
0.965582
-2.56753
-1.8068
1.11496
3.07578
0.25058
-5.65091
-6.87718
-1.43731
-3.72584
-4.9113
1.41396
-0.597289
-2.62578
0.57481
2.20405
2.52335
-0.432165
-1.36671
-0.610646
0.166906
4.31666
0.277056
1.21628
-0.0124042
-4.203
0.422274
-2.53443
4.53441
-0.692755
4.00947
1.21947
2.55924
-1.68281
-1.95122
-1.26218
-1.9851
-1.67394
-0.279266
-0.662704
1.06678
0.483615
-1.04196
2.51642
0.570766
4.63207
7.63971
1.36512
0.135583
1.00558
0.0713418
2.09888
-1.35524
4.68144
-3.26124
-2.08402
-1.97409
1.65215
0.561731
5.88583
0.629538
4.20208
-3.79535
4.74803
-0.617569
-0.19215
3.68483
-0.89103
-0.76665
1.30623
3.36507
2.82313
-3.87951
1.73818
0.237671
2.89938
1.64369
-11.3563
-6.28134
1.98888
5.40968
-1.76084
-3.3501
1.98931
4.06969
-6.80225
0.924115
1.63998
5.49181
2.96748
-4.63656
3.07378
-5.45325
2.63077
-1.61699
1.09291
-0.730039
-3.87128
-4.47026
-1.5348
3.30499
5.03053
-3.7032
-2.07276
-2.42367
-1.9042
3.14236
-1.28596
1.60613
-1.31602
-1.43503
-3.95798
0.617796
2.72563
1.97862
0.403841
3.00362
-3.05705
3.36326
-2.03809
-0.523464
5.03712
0.015682
-1.15239
-0.419441
1.31873
-0.966121
-1.77084
2.79289
3.75215
1.76258
-0.480791
1.42983
-0.954495
-4.95816
3.13444
0.311273
-0.175767
0.415843
-0.151751
-3.06401
-1.00485
1.31432
-2.38881
-0.406594
-2.57418
-1.20138
3.90069
-3.71293
2.41605
0.640376
-2.20232
-0.924597
-1.96017
-1.92922
-6.06375
2.51265
0.246328
0.635039
1.32385
2.4844
-3.5673
-3.63897
-6.0083
-2.85441
-1.23373
-0.115892
-3.72154
-0.304865
-2.11684
-0.452048
-1.65597
1.79065
-2.91672
1.16762
-4.38292
-0.833284
1.30018
-4.92387
2.54472
2.29765
1.81044
-1.53964
-2.70637
1.96871
-5.37036
-2.45202
1.59307
5.70587
-0.834561
0.489769
7.26553
5.55513
-4.87872
1.77805
0.836003
-1.34752
-0.808104
-5.94389
-1.08544
-5.6
3.96126
1.4492
-4.50194
0.723284
-2.13993
2.41378
3.26913
3.10589
-1.29061
-7.15745
-3.65845
5.14352
2.55403
5.98986
-3.17883
0.838975
0.74741
-4.31692
-5.62879
-3.70303
0.219551
0.467826
3.43164
0.0780316
5.05574
3.5112
-2.98471
3.52041
1.48444
1.1155
-1.22273
-4.44841
3.50117
0.506499
-1.77853
0.639716
1.53515
-1.06732
-1.1062
4.44562
-1.62668
1.57425
1.62689
-2.80514
-2.33647
0.25526
-1.81864
-2.63432
1.59094
2.65424
1.89844
-1.50289
5.17507
1.55269
-1.72008
0.207741
1.16036
-0.726719
3.12465
-0.703504
0.20644
8.32889
2.111
-2.63648
-1.84182
3.11439
3.75727
1.32059
-1.86764
-0.939811
4.02448
2.6422
2.09881
6.44084
-0.920871
0.845508
-2.61672
1.12961
-0.858428
2.10431
-0.374338
-0.521317
0.996307
-0.164631
6.87527
3.30137
5.75452
0.188269
-4.16713
-2.42606
2.68295
1.65241
3.92181
5.16091
0.534041
-2.12618
3.08836
0.696067
0.978705
-3.53894
2.96482
1.6959
2.66472
-0.804587
2.10353
-2.60142
7.05179
4.91927
4.20785
-2.6256
0.486691
1.43617
1.31542
-3.51682
-1.14757
-3.35124
-2.11071
3.50191
6.12942
-3.64672
2.83242
2.45966
-0.89876
2.35747
-6.9589
-2.0748
-2.90277
2.372
0.813779
4.89854
-0.255299
1.99661
-6.9398
-5.16725
8.78346
2.99313
4.0246
-0.815426
2.73321
-2.14995
2.30245
-1.13648
1.66268
0.0588461
-3.35791
0.901152
-1.7348
2.18396
-2.69418
-4.16598
-2.04686
-0.654006
3.93295
2.82198
0.35338
2.54608
3.20872
0.956394
-0.348068
-3.53308
-0.0140417
-4.82097
-0.0941184
2.17395
-2.76394
4.21356
-0.990577
2.17899
-6.30586
-4.62931
3.9055
0.648177
1.5531
4.01624
-2.79108
0.185218
2.4547
1.70153
-5.02037
-5.04059
3.76193
2.63732
-4.22962
2.57601
1.68782
4.53596
0.494451
-5.40604
1.36825
0.760556
-2.66562
-0.0749123
3.18929
-3.72548
0.58399
-6.13992
2.71363
-0.850906
-2.51183
-1.82682
1.27435
-7.59525
-3.25222
-3.56892
2.76604
-1.19757
4.87832
-0.42972
1.5263
-1.71319
3.59551
-6.09379
-0.325912
-2.45769
-1.82892
-0.849705
2.68534
1.5999
-2.74347
1.06011
-5.18035
-2.05973
0.291571
2.53837
-3.94327
-0.777229
1.13792
-2.68943
0.323263
-1.83325
-4.19178
0.965039
-0.327826
0.528881
1.21554
1.55635
-1.58834
-0.433096
-5.14146
-1.02426
-5.62421
0.0431394
-2.01917
-0.243516
2.06362
1.20209
-4.02024
-1.19898
0.0196532
-1.77298
-0.513824
0.213679
-3.31652
-5.78638
-1.27977
-1.16142
2.36541
1.55812
0.161137
-3.78842
-5.52259
3.34898
-2.24456
-6.05318
-2.81899
3.2269
-1.09462
4.13432
-1.11841
0.429499
-1.71757
-3.65357
6.76245
0.893757
-1.09299
2.11803
-1.82565
-1.86527
-2.55106
-2.72733
-4.97461
-4.8121
-1.35466
3.73137
5.61701
3.05234
5.3101
-4.47819
2.70866
5.18019
-1.65044
-1.6234
1.15047
1.14808
1.5395
0.892924
-1.94811
1.18221
2.66225
-3.46317
0.185484
2.78713
2.74974
1.89169
-0.651175
-5.84851
2.79284
3.21292
-1.20787
-1.24257
3.68617
-0.540222
-1.48768
2.83688
3.66604
2.02172
-0.162583
4.42309
-5.52472
1.85178
-0.529181
4.59412
-3.95648
-0.901345
3.12182
1.01553
-3.38372
1.97383
0.58522
-8.57625
-9.12598
1.84296
-2.9895
-0.339166
-4.9811
0.339897
1.83985
0.388269
3.03631
-1.26219
-0.179153
0.496783
2.02466
-3.11089
0.605281
1.94643
2.23365
-2.03658
-0.210263
-0.595359
-5.05093
-3.47954
-2.19134
-0.103659
-3.29244
-0.780282
-3.75257
4.51329
-0.786188
0.579646
-1.05998
-1.89549
0.513584
0.970425
0.0101151
0.329732
-2.14527
5.78277
-1.00057
0.988398
4.97664
0.951754
4.03058
-0.056549
2.38898
2.87902
0.848739
-2.33905
-2.62301
-5.62508
-2.5906
1.54244
-2.40152
2.38731
-4.59668
3.44727
-1.88436
-0.418446
-4.85225
-1.91618
-1.75758
-3.02153
-2.73936
-2.66248
-0.401373
1.54338
-4.82411
-2.91133
1.32039
2.83533
6.81468
-1.25908
1.74624
-4.45465
3.65906
3.88092
2.27636
0.45912
0.775808
-1.35399
-0.321906
2.504
-2.42047
-1.96312
2.65502
-1.99582
-0.616534
5.89496
0.33998
-4.59817
2.08877
0.341882
-0.467889
3.20508
4.41773
-3.4389
-1.52858
3.89991
-7.42884
-2.32018
0.738305
-0.425083
1.73015
3.05175
1.11973
-4.106
-2.32223
-3.94246
-4.56974
-0.860357
-2.30424
2.83201
-2.58652
-1.06852
0.923699
-0.127081
-1.44568
0.463527
-0.122943
-0.750246
-2.33356
0.431477
0.529451
-2.35115
1.74802
-0.85282
6.68085
3.50999
2.63694
0.355077
0.320851
-3.45191
-1.83704
-1.93386
-1.45483
2.46151
0.992728
0.446188
0.219314
2.97417
-2.21475
-4.50504
2.86435
-1.18521
0.110553
-2.33794
-1.6999
1.10676
1.58623
1.66179
-2.595
-1.03083
-0.770766
-0.120033
5.2741
3.02433
-4.3967
-3.08353
2.65056
3.57184
-2.41267
5.91912
-0.409894
-1.58281
3.15992
5.29186
-6.74936
-2.64329
-3.64944
1.32746
2.43209
0.420311
-2.35413
0.544183
3.71675
-0.300001
6.05458
-5.51858
-2.76348
-2.44355
1.52344
2.02411
3.4648
-2.41476
-2.93748
-1.82539
0.569116
-1.98164
-1.54402
-2.12455
1.33263
1.69965
3.76424
-3.27274
-0.755955
-4.32373
5.80941
0.91336
-2.99736
1.29848
5.38967
3.21733
-5.83008
-3.50473
0.848804
-0.563749
3.11001
-1.21753
-1.69879
-5.15901
5.18644
1.16711
-0.871407
-2.32081
0.840792
4.31902
-4.45507
0.194456
1.79086
-1.97144
1.52312
-2.90051
-5.14787
-2.98717
-2.74837
-0.100734
-0.0631802
0.068526
1.66054
6.13406
2.47817
-1.28771
-0.455201
-2.98046
-0.663404
-1.82816
0.938973
4.76344
2.39323
-1.24821
1.62106
-2.31238
-3.39207
4.11457
-0.564927
5.28556
1.35333
1.29488
5.47363
5.11214
-0.142354
0.624211
-8.61321
1.3291
8.6304
-2.69459
-3.6655
1.64644
-2.44696
-2.72907
0.586879
1.78305
-0.924745
-0.101929
-3.15844
3.7685
-7.95462
1.28778
1.02919
-5.60671
3.82173
0.248503
1.7833
2.02535
-2.30094
-0.00845248
-1.06967
-3.11825
-0.233878
2.89089
-0.0438475
2.46091
3.58231
2.08197
1.0132
3.06773
-0.687125
-2.97075
2.70318
1.85528
-0.381515
-1.59824
-1.15982
-2.70661
5.60571
-1.29544
8.6154
3.46861
-3.44755
1.19136
-4.1527
4.29837
-5.65721
0.375016
6.89331
0.622956
2.40471
-0.977106
0.62405
2.77254
-2.42217
-1.61817
-2.35211
-4.1562
-0.132645
0.646331
2.64842
4.31719
2.56577
2.86952
-0.460365
1.5063
-0.97308
1.11496
1.79111
-1.68505
1.99331
-1.15681
-1.30133
0.807296
1.66223
0.949084
2.00844
-1.04095
4.92068
-0.78411
2.35863
1.80009
-5.21133
0.532516
2.06502
-0.45486
0.945934
2.59859
-1.49939
-4.72198
-7.00002
0.564307
2.97697
-5.50978
-0.399169
4.56457
1.01577
3.89179
-1.54466
-1.46327
3.72121
-0.430806
-1.71946
0.422416
0.63826
-1.14703
-0.729503
1.24192
4.60729
0.0161439
-1.21057
-0.532851
6.01298
-2.8101
1.40686
0.788761
-1.71695
-1.43832
-3.94191
-1.42226
5.53952
-1.016
-0.757311
2.17854
2.30679
4.38988
-0.520988
0.434507
-2.36668
2.60512
1.84135
-0.36109
-6.00862
1.95189
2.43047
-3.31431
8.76632
0.0638769
-0.397192
-0.404986
-2.59909
-2.20874
2.5217
-1.02845
1.76885
-4.80319
1.47838
-0.926735
0.795693
-3.11455
4.58936
-2.08694
5.70499
3.88513
3.97546
2.34929
0.0955606
1.26428
-3.22995
0.74984
-1.77929
-1.59268
-0.599421
4.13967
-0.475704
0.552333
-2.59496
-3.62409
3.48764
-0.524981
-0.0451862
1.65759
0.561345
4.1261
-0.92864
-1.38216
0.817379
-2.96996
3.51415
1.1313
1.57915
1.6512
-5.44702
-0.267448
-0.551916
-3.93777
2.42412
-3.85267
-1.30618
1.35332
-7.59205
2.72823
1.4302
2.28588
3.13781
-1.19799
0.0888792
3.3828
1.75275
-2.32712
-3.21563
-0.374968
-0.144437
-1.23023
-1.33665
0.0217045
0.615874
0.0576089
3.13618
4.62106
2.29729
-2.76695
0.0881792
-0.531574
2.88873
-3.79772
1.41815
2.36698
-0.894121
1.62598
0.340735
-3.808
1.31549
1.61084
2.2358
3.57255
3.32825
-1.07622
-2.30566
7.64364
-5.3798
2.00876
-6.62175
3.78928
-1.32445
2.97574
-5.19212
-2.19735
-0.952291
0.795863
-2.72143
-0.414882
1.40766
1.99444
-0.135636
-0.365147
-1.41451
-1.40772
-0.679894
-2.19531
4.50559
0.736287
1.67153
3.37385
-5.2227
-0.453566
3.16089
1.06925
0.856149
6.8357
-4.25501
1.49425
3.95855
-4.47091
-2.57145
0.471553
2.66096
1.28408
-0.553858
-3.06554
0.891814
3.46273
-3.46145
-3.24029
2.82383
6.2033
-3.84548
5.5306
-0.680241
0.340616
-1.43605
-3.78763
6.21105
0.716015
0.756583
-9.51881
3.36829
-2.10195
-0.808872
3.94201
0.787739
5.54912
5.52077
3.46164
4.00637
0.98232
-3.15353
0.267495
2.40063
2.42665
1.35493
0.7646
-4.84922
6.09828
-0.966438
6.14572
-0.220117
4.00799
-2.83489
-1.86776
-0.877221
0.214308
-2.82521
-4.38571
4.0252
-3.87584
0.582182
-1.40965
-0.68326
3.66179
0.0103099
-2.74904
2.66439
0.235942
0.883987
-0.958381
1.66003
-2.6248
-0.993182
-2.07281
5.94576
-4.09456
1.23511
-2.33931
4.79619
3.44393
-4.57289
9.30242
-1.84235
0.0258357
-2.98174
1.95277
2.92738
1.67602
1.51323
-3.73869
1.91054
-1.20926
-3.98897
2.32116
-2.14337
-0.656045
-2.30365
1.20144
-0.349263
0.884085
-1.469
0.225118
-8.45128
-6.31116
-5.95522
4.58776
-0.947183
2.24587
-2.93669
-1.19598
2.09828
-8.80675
0.625527
4.3243
3.96894
-0.162738
1.33534
-0.932063
-2.20959
4.27078
1.90963
0.155634
-2.40737
6.08941
-2.78471
-3.90494
-5.65039
-5.90572
-4.36754
-5.81067
-3.34375
-6.34843
-4.06575
-1.41017
3.26383
-0.120851
0.0959472
-2.57764
-1.88952
0.266439
1.45097
-5.21695
-0.360161
3.12418
0.570581
-7.52555
1.41477
1.11828
1.72558
2.98529
2.81953
-2.33281
3.16475
0.926957
0.67615
1.20161
1.00739
0.843099
-1.60427
2.76631
1.68169
0.774214
-1.31808
0.0567108
-5.66064
-0.676179
-0.547522
0.271659
-0.0778122
-1.76683
-4.77674
0.197483
-0.489981
-3.68373
-3.36107
1.45126
-1.3448
0.219436
-0.644198
-2.3744
-1.07647
4.07868
-5.08742
-2.55253
-1.24612
-0.151479
-1.29856
-0.803124
1.05664
-0.404199
0.0564555
-0.145963
-0.882078
1.93963
-2.49126
4.90646
-2.5089
1.49941
-1.39713
2.6852
-2.89638
0.0634681
-0.022657
-2.11377
1.49301
-2.98673
-1.17063
2.9573
-0.224239
-3.05457
5.62701
-2.93365
2.73148
2.18327
3.0869
-3.33589
0.048708
-3.60213
-5.77751
-2.04758
4.74409
-2.60593
5.38436
1.40885
-1.27187
-1.44549
-5.14209
3.09613
3.09667
3.96427
2.5039
6.2086
-5.28507
2.06489
-1.79773
0.640559
-0.126331
-3.82179
0.223175
-7.2142
3.86415
0.406964
0.831948
-0.116045
2.52964
0.995802
-2.89479
0.800524
-3.20243
2.64403
-7.69551
2.97179
4.00234
4.69733
-10.3891
-0.296111
2.89712
1.02764
-3.60493
-3.86846
3.9438
-5.5853
2.64718
-2.75406
3.66645
2.92896
-0.792109
2.32637
-0.531626
0.855919
1.92568
-6.29001
2.51674
-3.98742
-3.91523
-1.82886
-1.07521
3.78865
-1.46772
1.79211
3.43899
-2.6357
1.77726
5.73124
-1.84727
-0.395065
4.27465
-7.50242
0.908464
0.695045
-6.31429
4.71708
-5.30616
-0.730403
0.504059
-1.27066
1.04653
4.00945
-3.2967
-4.30393
-0.911195
-0.144212
-2.51681
-2.85573
0.136071
-1.30122
0.246746
-0.546055
3.22722
0.365986
-3.02669
-0.953884
-0.653921
2.28899
1.80683
-1.1246
-0.33653
3.65696
-5.98607
0.160428
-3.93345
-1.70248
-3.25852
-0.47274
-0.250834
4.8849
3.13282
-4.34258
-4.29526
-0.457491
1.144
-0.689955
5.05073
-0.400737
1.7405
5.43457
-1.62875
1.78785
7.40024
-1.01813
-0.298666
-3.25199
-0.174765
2.93134
0.282816
-0.545332
3.73108
0.105909
-1.38357
-0.085825
-3.47818
-2.27201
-1.495
1.0798
6.3129
1.67902
0.504809
-1.81208
0.309113
-3.05993
-0.147614
1.40639
-7.90203
-1.88026
-2.98043
-2.34055
7.31929
-1.04947
-3.47168
-1.19659
-3.21922
-1.38776
-2.66159
3.4101
1.77105
2.1629
0.723401
1.93092
1.86771
-1.33858
-0.880032
1.15248
4.22413
1.05409
-2.75867
1.73319
1.69401
-1.79118
1.36923
1.17428
0.498684
0.167204
-3.20826
-2.53135
1.03659
1.9368
-1.16857
-3.99475
0.296977
-3.34847
-0.890878
1.75235
-6.24236
2.38056
-1.22492
-5.31387
0.69563
-3.04147
-3.74273
-0.227168
-2.73026
-1.85791
-6.18371
2.46246
1.44878
1.12434
-4.08154
3.50485
-1.46804
-0.903194
-1.09914
5.67915
2.6095
-0.731369
4.64697
-1.66373
-1.55425
-4.60504
-0.804624
-5.02412
2.44634
-1.47675
0.10528
-0.884164
2.6252
3.75796
-2.51614
-1.33996
2.07136
-0.790885
5.08908
0.867981
3.36758
0.129478
-0.517221
-4.36081
1.34883
-1.98715
-4.21214
0.356176
1.35049
7.20802
-0.222374
0.501405
-6.4879
0.0857702
-0.08918
3.38828
0.864744
1.34555
-2.68472
-1.22347
2.74995
0.564977
1.74888
2.31527
0.334545
-4.94664
1.85959
-1.38277
2.20783
8.21298
0.125071
5.11441
-2.40455
1.50667
3.92901
1.20025
-1.67132
-1.68407
-5.20516
5.17213
-0.330695
2.93786
3.93653
0.850654
3.1519
4.2474
-4.73845
1.09171
1.47375
-2.77939
-3.10732
-2.0501
-1.20588
2.07934
-0.413541
0.562786
6.49114
2.25093
-2.03829
-1.85923
-1.10784
-4.05008
1.00729
5.46167
1.62277
-5.75334
-2.10654
-3.38193
-3.94654
-3.35098
-1.37814
-0.0703897
2.41713
-2.52056
0.592402
-2.62338
6.49753
0.645002
-2.42055
-2.10204
-3.43154
-0.170169
-0.488325
-1.87543
-3.16376
-1.67003
-1.39942
2.85755
-3.77783
4.979
0.884235
-0.62534
-4.5235
2.5277
-2.75712
-3.06523
-0.755871
7.06258
2.0418
0.256144
-0.334894
1.82024
4.83002
-2.52692
-4.02668
-0.0244431
-1.09649
4.96549
-2.69147
-1.6907
-0.967742
3.17924
5.67603
-3.07532
1.76386
-2.25905
1.69199
1.47099
-1.35915
-1.62016
-4.13633
0.483983
-0.459228
0.246314
3.11318
2.77418
-2.64709
-1.12197
-1.35463
6.15457
3.81424
4.0805
-0.793103
4.98602
-5.15793
2.86069
-0.985458
-2.68517
-1.54957
5.1265
-1.0683
5.76564
4.52407
4.20633
-1.09498
0.249758
-2.18416
2.856
-1.65783
5.00492
4.07052
-0.929982
0.472294
-2.76863
3.60843
1.57337
-0.123452
2.36301
3.98588
1.59635
2.63326
5.40794
-1.1975
-1.69919
1.27798
-3.57827
7.0841
-1.42537
-1.43036
0.273468
-3.1503
0.0773443
0.764844
-3.44299
-0.237704
-0.570843
-5.99144
-3.10728
-0.622721
0.0410277
4.84666
1.54964
5.22984
-4.01997
3.32402
0.528052
1.158
-2.08564
6.61031
-0.234186
1.65186
-5.74976
0.0167378
1.45344
-1.89761
-0.967637
-0.912697
-2.10969
3.09767
-1.65511
-5.04667
-9.10029
0.779185
-1.30918
3.86887
3.05019
-1.18767
4.51821
-2.23097
2.14446
-1.44863
1.99149
0.103367
-0.934902
0.456819
1.23893
-1.65618
0.434455
-4.15628
4.02024
-6.67318
-2.06688
1.35895
1.60678
4.18359
2.00166
0.535175
1.53294
-1.09938
5.94246
4.70303
2.29887
0.914998
-1.55447
0.593352
-1.14357
2.00562
2.13952
-2.18704
-0.362965
2.26879
4.68843
3.75463
7.21335
4.08075
-0.127281
-0.494502
0.451343
-0.314677
-2.54767
2.56669
-4.65186
-1.87359
-0.961101
-6.37048
4.10836
7.42444
0.401697
-8.04331
-1.08466
6.02529
-7.0638
-1.88896
6.61269
4.34719
0.0383598
2.59598
2.53863
-3.30567
0.392047
-0.0979879
0.231447
0.868287
1.57085
-2.62426
1.21642
-2.51341
1.45768
-0.568136
-2.20702
-0.300118
-1.05618
3.64722
-1.04514
-0.653733
-1.18313
-3.66911
3.29937
2.99431
1.73311
1.30924
3.96591
-0.781323
0.122173
-5.8897
-0.437474
3.49753
4.71496
-2.59722
7.73473
6.09979
0.355479
-1.46011
-0.0911135
2.42626
6.24457
-0.106334
4.22364
-1.97723
-2.28746
7.10339
-4.92311
-1.47099
3.8169
0.56462
0.909365
-3.9355
-3.74882
-1.82033
-0.00616829
1.16894
4.71512
-3.7621
2.43728
-0.968586
-2.69053
-1.45167
-0.718786
-0.0369927
-3.03206
-1.01005
0.260562
-0.087237
0.623685
-2.21158
-4.95178
4.10275
2.85256
-2.36865
-2.85039
4.77558
-0.695568
7.17757
2.97155
-5.80292
4.23611
-0.785022
1.001
-2.2507
3.21591
-0.635426
-1.47732
0.711481
1.12837
2.96962
-3.83524
-1.05153
-1.176
3.43764
-2.75824
3.5198
-3.20892
2.75551
1.57839
2.38404
-1.0743
-5.02399
-1.30766
-0.247211
0.154676
2.64739
2.89202
4.04499
-0.924247
-2.45102
1.58326
-0.207425
0.146762
-2.19901
-3.10933
1.39572
0.373564
-2.85802
-2.92472
-0.845627
-4.06772
0.333259
0.589458
-3.42839
0.991149
2.67536
2.59527
4.31367
-0.408005
2.67963
-2.77471
2.58824
-2.90635
0.521334
-4.31971
7.06181
-3.79352
-1.71364
0.731666
-1.04987
-4.99624
-0.059264
0.88265
-7.83983
1.23199
1.10556
1.22201
1.44289
-1.84531
-2.5976
-0.912112
-4.70441
2.18843
2.95174
-0.899429
4.01287
-2.33787
-2.98309
1.24646
1.91158
-2.14231
1.86739
-1.97238
-1.82919
-3.88302
-2.32587
0.702711
1.69776
2.96954
2.77255
0.662222
5.31656
-0.0441014
2.2464
1.67427
5.61857
0.0348011
-0.0445381
-8.26184
2.31837
1.53673
-1.6651
0.819303
0.600574
4.81501
1.62123
2.88953
-1.71428
-5.91722
2.34411
-0.0475725
7.29596
6.26035
-2.81549
0.816951
1.80764
1.19482
1.22551
-1.79471
-1.09911
-5.27032
-0.482362
-0.99794
-3.12925
2.23322
1.82754
-1.96749
1.83732
0.213425
-1.65288
0.408173
8.39437
-2.57507
1.2239
-0.35229
-7.66707
4.42567
-2.59933
-0.736686
0.588678
-2.43277
-2.37405
-0.656503
-5.68151
-0.328873
-1.36272
-3.10254
0.566264
1.06978
-0.806739
-0.610047
-2.59597
-2.06952
-1.64232
0.513265
0.680673
1.74157
-6.58347
2.22909
1.66765
-0.329531
4.30342
-1.29465
0.329812
2.34771
3.11643
-3.75909
1.46521
8.22139
0.231047
0.861902
-1.67246
-1.74553
4.21982
-0.690747
-1.07306
1.07747
2.54836
-4.83905
-0.638724
3.04339
2.30109
3.31869
0.07328
4.34937
-2.40088
5.58247
3.00816
-4.15623
-0.983814
3.91962
-2.19895
-2.1816
1.45497
0.636165
-1.84046
-0.890586
1.27214
2.36309
1.9918
-0.768914
-1.54231
-3.14317
4.63081
4.36568
0.871892
-1.7292
-1.88359
-0.415133
2.15377
-4.08575
-6.22692
0.493329
-1.54667
-3.33804
8.55772
0.656306
1.6224
-0.955925
-1.45762
-2.58028
-2.76128
1.46423
0.3896
-0.317532
-3.22577
2.36946
-1.59418
-3.43294
-1.04399
1.36235
1.95685
-0.661781
-4.0702
5.8325
2.62206
-6.09875
-5.93868
3.35977
-1.69733
-1.51272
4.38717
-1.5252
-1.89184
-0.0963216
6.18396
1.06295
-1.48231
1.25498
-5.1425
-6.41407
1.23785
-1.64244
-4.00547
7.00841
-3.57514
2.5751
-0.733521
2.23782
-3.37952
-6.39164
2.33638
-5.74582
-3.55576
3.14955
-4.10076
-0.951107
-5.89105
1.93596
0.173004
1.91624
-3.65693
0.609272
-1.02262
2.24313
-1.65013
-0.516957
5.00234
-0.347637
-2.19504
-4.32976
3.47544
0.377638
-6.17254
-1.92019
-1.31409
1.64683
-3.04234
0.499972
-5.48668
2.39528
-2.78515
7.01941
-2.18009
0.826612
0.474376
1.74843
0.514786
-1.98459
5.90555
-3.64041
-0.0119165
3.27531
4.88242
-0.315715
0.00366314
4.45807
-3.78057
3.14073
3.74701
-2.05555
4.96865
-0.762233
-3.74726
-4.47939
2.69961
2.65791
-2.45897
2.28069
3.90995
-5.70463
-1.65544
2.04255
-0.161585
3.31412
1.93814
-7.91114
-2.66364
4.82543
-1.89928
0.481276
-0.0995821
3.44189
-2.71493
-4.56306
1.17892
2.44013
3.07761
-1.89895
2.24548
-0.471372
2.79407
1.12471
-0.103679
0.19748
0.591466
-2.10772
3.40551
0.819157
6.33679
-0.650929
6.8432
-1.44267
-3.09746
0.539592
-0.817003
4.08354
-1.69125
5.01518
-3.9446
-0.330976
0.840856
0.955287
1.05919
6.19527
2.85663
2.34507
3.48918
3.52144
-4.00608
-3.96318
-1.308
-3.1292
2.30113
-4.27454
3.07841
0.391815
0.125673
5.09793
0.339862
-2.10006
-0.210485
-3.81232
-2.16015
-0.670284
-0.772318
3.69845
3.57502
-6.34449
0.914196
-1.39319
6.46916
2.37465
1.21681
-5.37444
-2.7401
-2.8605
-3.55647
5.82765
3.91079
0.452078
-2.97226
-2.72311
0.612042
-0.256436
0.27128
2.594
-0.643985
-1.93153
3.08802
-2.18957
-5.06243
1.9018
-1.57656
8.53685
0.527867
-0.70493
-2.09291
-0.969107
-1.5233
2.51622
-4.64717
3.015
0.665097
0.073158
-4.34624
-1.77351
2.72673
6.62545
-1.95168
-3.5207
0.661432
-1.20673
-2.04751
-3.81471
2.2354
-5.62765
-3.02578
-0.480701
1.03099
3.34309
-1.10651
-3.12509
1.91098
-0.696182
1.74369
0.883528
4.30313
0.343793
1.66585
2.46796
4.49304
3.1687
-1.02041
1.07474
3.87965
-3.8309
3.1698
4.21248
2.44791
-0.856145
0.277322
4.08746
6.13825
-2.31632
-4.56429
1.15044
0.304971
4.54932
-0.233953
-1.85658
-4.24999
2.30366
1.31517
5.29152
1.69504
3.47582
2.23678
-0.0613856
-2.0824
-2.88531
1.25188
0.0659101
-5.31622
5.35879
-0.335928
-0.567103
-1.99605
-0.83041
-1.57807
4.80049
0.884554
0.419205
5.79777
0.454583
-0.520177
-4.84337
0.435516
2.66815
-3.8424
-2.97703
-4.00675
-4.0733
1.88004
-4.74328
-4.15956
-1.85095
0.544801
-2.65415
-5.51285
-4.67561
-2.7167
1.24341
-3.42713
2.78282
5.41424
0.301813
-0.947162
-4.54858
0.0416047
1.36162
-1.02535
-4.31813
6.96402
-1.70931
-0.585752
3.37804
1.05215
2.08233
0.274366
-4.61471
-0.925332
-0.90279
6.15112
0.671484
0.572136
0.672892
-0.208222
0.840456
1.30489
-1.84251
-0.75235
1.29335
1.28945
-2.0518
-5.38141
-2.72742
0.016351
-2.15786
1.7855
-0.691311
-7.35358
-1.94504
2.56157
-3.02237
-1.71623
0.46505
1.75615
-5.78675
5.9713
-3.14208
5.53017
2.46231
1.01326
-1.96004
1.03376
4.52875
3.92177
2.07419
3.97295
4.30399
-1.27268
-4.28351
-2.51324
-1.82627
3.041
0.900351
1.82004
0.655829
0.776593
0.61875
0.903694
-4.88272
3.5651
-1.9342
-0.313789
1.35543
-1.54276
-2.06908
2.09396
6.0037
-0.632935
-0.703024
1.21996
-2.38614
-1.25557
-0.786907
-1.70445
-3.98115
2.45473
0.683331
3.37508
1.51785
-2.90042
1.33102
-4.34628
3.02705
0.289768
-1.30325
1.27962
-0.459372
2.31371
4.15509
0.282441
-0.24225
3.12847
1.93372
2.65504
3.76409
-2.17014
-8.46678
3.75755
-1.55886
0.972177
3.07468
1.95526
-4.39287
3.81159
-2.87875
2.7957
0.056134
-0.662397
4.32224
-5.2861
2.0138
0.878715
10.9446
3.05066
-5.18401
-0.842845
-4.62769
2.2605
-4.50792
5.20201
2.34267
4.66748
6.48617
-1.7062
4.61956
-5.97376
0.453583
6.62929
-1.51116
1.42671
0.378951
1.32714
-0.38008
-0.62759
0.449032
5.10804
-0.890631
-4.86764
-0.948544
1.6342
0.275573
-1.41751
5.99562
-1.98968
-1.04061
0.374219
2.36944
6.67876
-0.378022
0.0535034
1.73142
2.56886
3.25835
5.43983
-1.85858
-6.58255
-2.64126
3.60502
0.975009
-2.96108
-0.722132
0.957497
-4.33613
-1.23793
1.81458
2.49927
3.9908
4.04727
2.12948
4.7479
1.78884
2.64327
-2.2331
3.71463
-1.39084
-1.68078
-4.12891
1.17716
-0.0363428
-0.00517921
-0.440961
-4.18441
0.177431
-1.40087
-3.43986
1.91529
-2.84962
-5.07176
-0.305091
-2.90148
-1.87308
4.46918
0.624993
-4.8251
-1.73924
-4.18173
4.07968
3.56202
-3.11154
0.348378
1.94308
-7.15814
-1.34171
-1.36642
2.86997
-1.7978
4.77924
2.66763
-0.0982959
1.61559
-5.10099
-3.93438
3.21148
-2.23776
-4.52759
-2.88002
-4.06387
-1.48214
1.8395
-0.185893
-2.69012
3.30694
2.38663
-6.58538
2.88222
2.22717
1.90837
-0.440416
1.50497
-1.92494
-3.70337
-2.58344
2.69302
-2.52981
-1.00969
6.61598
-0.680487
1.58968
-0.816286
1.96241
1.82691
0.145912
0.28215
-4.49406
0.153178
-0.053633
-2.99556
-4.26738
1.71598
4.85607
6.59203
0.0546702
-2.7276
-0.835508
2.08951
4.24302
-0.545426
-2.9726
1.1266
-3.58604
-3.33215
-3.95651
2.48255
-0.162177
-2.0495
-6.36511
3.62123
4.84758
0.787389
2.09766
-5.64847
-0.184098
0.950808
-1.76846
-0.990041
-3.43014
0.591202
-1.62683
2.89515
1.95431
-1.88968
4.45273
-0.901922
1.77986
-1.60404
1.87916
0.582106
-3.67603
1.2429
-2.52565
2.20682
0.119723
-2.65695
-2.17884
2.90248
2.63135
2.67826
-2.77099
2.26785
-3.04325
-2.53063
-2.28361
-1.06922
-2.99206
1.8509
2.80137
0.151295
-1.06554
-1.50224
-4.44027
-3.97403
4.69498
0.37646
3.00599
-1.32495
1.38067
-4.88371
-2.31848
2.80551
1.20839
-1.77332
2.40573
-0.195796
0.0426441
2.17002
1.32975
2.73045
-0.422974
3.03056
0.804786
-5.11309
-0.242895
-3.33835
-3.48804
4.15967
-2.67291
-2.8908
-3.71121
-1.07185
-3.12035
-3.35384
-2.8056
0.472377
-1.06997
6.69237
4.7836
-1.65169
-0.000942308
3.93647
-2.4691
0.390488
0.227416
-0.749401
-3.46946
-5.85743
1.97889
-3.39953
-4.71417
2.2754
-5.37803
1.70856
-1.73938
0.305842
5.23489
3.49326
-0.930289
0.0341989
4.56333
-1.01999
-1.19831
7.54292
0.604994
4.71393
1.42396
-1.97049
-0.937081
1.71357
-3.97429
-3.87406
-3.11608
-1.13539
3.70031
2.74255
0.95501
-1.38333
0.530908
1.49471
-0.139658
1.66958
3.53601
-3.11432
1.79048
-3.4977
3.45547
3.25248
2.66926
-0.539384
-0.70047
4.04785
2.66917
0.920181
1.83831
3.19387
6.26435
-0.966441
3.13053
1.64534
-5.64536
-0.796251
5.01959
5.09802
4.07238
4.50573
-5.91639
-4.65512
-3.95335
-6.75278
3.51602
0.966428
1.27281
1.19839
-0.994955
-0.773326
2.23763
-0.101087
4.0331
1.21632
1.06456
-0.14823
-3.95173
0.652219
-1.25466
0.808839
0.560955
4.06185
-2.98275
-0.631647
-3.58549
-1.47679
-2.20791
-1.51452
-0.725115
-0.526774
0.915781
-0.79066
2.96592
3.39322
-3.32491
3.41065
2.57277
0.54087
0.590833
-3.61392
-7.48014
-7.07863
0.236903
-2.36453
-2.65915
0.803763
3.18461
1.22272
-3.9828
-0.790803
2.2359
-1.85862
1.5617
1.72544
1.40932
-2.73583
6.29311
2.83862
0.327098
-0.0641644
2.21532
4.09875
-1.44248
-2.38417
-0.168755
-1.1349
4.61721
-3.59117
1.25807
-0.412224
1.79923
-1.71758
1.23397
-5.29124
-3.5924
0.445831
-4.91342
5.6646
0.916827
-1.4097
-5.43974
4.16418
4.79459
0.744352
2.02899
2.46315
2.4075
2.43592
1.9508
2.24971
-1.30018
1.57227
2.93486
-1.70526
-0.3197
-4.77492
1.93833
2.04661
-2.89486
-5.243
2.52398
5.32151
1.31233
2.59691
0.811624
5.50172
1.27728
1.89311
-0.834439
-1.22536
1.11489
-7.45917
1.15327
-9.44107
-6.01093
4.10447
1.53143
-3.33062
3.16727
2.73748
4.83924
2.72916
2.23984
3.90634
-3.55206
3.85414
-3.17599
3.4425
2.73649
2.3887
0.251194
-2.36901
2.09215
-2.26745
1.03289
0.364785
-1.96206
0.737743
0.0831046
0.490644
-1.95515
-2.27297
3.1945
1.47309
-6.20692
3.16008
6.44505
4.91133
5.3565
-4.48385
0.0928099
-2.10797
-4.07049
5.5486
3.31426
2.61065
-0.291558
1.3243
-0.491056
1.19433
1.18057
4.88674
4.97707
1.21083
3.91755
2.43427
1.82126
-1.11452
0.0883871
0.63962
-0.826853
-0.723922
-1.83196
2.08184
4.00901
0.272486
1.99747
0.0613094
-1.23104
3.30805
-1.69059
2.36674
-6.62357
-3.68426
-4.18447
2.53281
-0.684666
-1.93859
4.91433
-3.12339
-1.55989
-0.489654
-2.34613
0.51799
-0.579277
-0.861314
-0.546406
0.24954
2.11603
4.82352
3.37633
-6.27562
3.21163
1.4757
2.49095
1.9623
1.05323
3.20477
1.38586
2.42613
2.90338
0.278111
-1.28045
-2.77697
-1.86715
-2.26987
0.771881
-0.704786
-0.0105701
6.73683
2.85609
2.29243
-2.85507
1.13127
-3.52662
-2.2726
-3.00031
0.567747
-0.928561
6.60221
3.14624
1.89495
0.872297
4.10242
4.15683
4.19352
0.543358
0.449875
2.4565
1.9613
-2.85558
1.3092
1.36965
-4.78239
3.53612
2.03549
-1.24276
-0.118968
1.74277
2.62776
0.151221
0.380065
-0.739207
-0.077589
-0.927978
-0.303724
-3.47349
-2.75818
-1.16268
0.232237
-2.74002
5.32462
-5.30541
-0.341913
-0.0331079
6.3737
-0.598899
1.50116
7.37908
1.6052
-0.811689
-2.25318
0.0842159
-3.41755
-1.33935
2.41945
-3.71439
0.306982
0.936787
-2.54483
-0.344236
0.655542
3.71854
3.94889
-4.95155
-2.20108
1.81209
0.504491
-1.66295
0.476611
-0.25679
1.23902
0.405979
-3.71286
0.990795
2.38751
2.66548
-1.32455
0.249806
1.0081
-7.67067
-3.67574
-2.26328
1.73626
-1.91265
3.8039
-1.82938
1.78761
2.21064
-3.42162
-1.38058
-4.26146
0.0817635
-0.213013
1.37641
-0.328531
-3.26983
2.19447
1.98905
-4.10963
2.30451
-2.76377
2.77935
-0.287782
1.3782
-2.49623
2.3606
-0.709034
1.81434
0.717275
3.8737
-4.58611
1.20243
5.19966
-1.69394
1.12117
-5.40155
2.26125
-1.10873
3.53679
2.36228
-0.560285
0.810039
1.22416
-0.226866
2.01641
-2.54274
1.13086
-3.86823
3.9262
-2.12185
1.12679
-4.54228
0.863585
-1.04183
0.162244
-1.34024
3.29727
-0.234813
-1.86571
-4.556
-0.745173
6.38661
0.0205749
-2.28937
-1.20897
5.16235
2.56714
-4.54775
-2.73722
1.53763
2.18249
-0.190014
1.95771
-3.12565
-0.218573
-1.51022
1.42003
0.675726
-0.943153
1.62968
0.663675
-2.94648
3.22988
2.60163
1.13584
-3.21179
-1.05091
-4.37046
-2.07761
-3.97854
-3.223
0.662834
-4.49365
-0.402017
3.48304
-3.07935
-2.54898
-2.3389
-0.124837
0.465607
-0.724547
-1.58045
1.95597
3.9733
2.54067
3.14037
0.301522
-4.95888
-1.29071
5.83852
2.26558
-0.868528
3.31056
0.450161
6.77001
4.38695
-4.93733
-0.187632
-2.88006
3.09693
-0.350206
-3.10004
3.63479
-0.925603
-3.73572
-1.64628
-1.1592
-2.26629
-3.49827
-2.41275
-0.451311
4.81857
2.68061
-2.73559
4.52515
0.0657428
-2.05554
0.679228
-4.94006
0.787824
-1.05026
-0.157147
-1.91302
-6.41449
-0.602634
0.798489
-2.25181
0.363011
1.88104
1.38019
-0.694691
-1.61416
-6.81219
-0.42343
-0.839987
-3.12288
5.12201
-2.74679
-1.13182
2.11616
-0.0652971
-3.17748
0.585918
-0.911597
-4.17674
-1.47043
-3.40689
2.41689
2.48117
-5.17994
-2.12958
-2.05656
3.32846
-3.7199
3.41668
-1.40032
-2.36154
4.21538
-0.954785
-0.327715
-1.76743
4.28891
5.47012
-0.421683
2.97233
8.86844
5.01646
-3.9215
-1.60745
-2.86862
1.34663
-2.29822
0.11605
-0.439237
-0.0207018
-3.08968
-5.01865
2.08267
-2.3376
-2.30808
-5.59572
2.27436
-0.293544
-1.37119
4.90547
-0.541528
4.44603
1.16333
-0.268095
-0.994181
5.7751
3.02408
2.09806
-3.29294
-1.57741
-0.970774
-4.37963
-0.793134
-1.4619
2.29251
-3.36164
-2.03647
1.74708
-0.776051
2.39779
0.957436
1.29499
2.43393
2.43786
-1.36556
3.45975
0.303609
5.51679
2.99907
0.16282
2.33383
2.56986
-1.65732
-0.1471
-5.2182
4.93967
0.810211
2.40355
2.97852
-1.02568
-0.122503
-2.46418
1.34873
-0.225343
-0.524716
-3.75577
4.34471
-0.733735
1.21771
-4.70055
3.25107
2.61756
-0.280205
2.96276
-4.97621
2.64227
-1.74585
-0.742637
-2.97471
-1.5477
-5.28583
-0.61083
-2.25901
-6.2286
0.940985
0.982969
0.671725
-4.62187
2.06548
3.8361
1.60445
3.68274
-2.24588
-4.01118
-1.02417
2.89374
6.55244
0.314504
1.33012
-0.441593
-3.90925
3.29294
5.82518
3.61595
-0.41456
0.239747
0.513598
-0.371252
-0.843292
-1.85961
7.23817
-4.90384
5.91146
-5.37604
-0.118789
-1.06561
2.09534
1.39106
1.30233
-1.85988
-0.380668
3.74249
-4.0043
-0.144557
1.11701
2.14301
-2.71033
0.6424
5.16203
0.332591
-3.56009
-1.09181
0.565313
-4.46006
2.31274
1.44236
-0.535571
3.00936
-0.320769
-3.59926
0.611243
3.42075
2.88273
5.3442
1.22271
-5.13252
2.10837
-5.42209
-1.42611
-2.24245
0.43474
0.936548
-2.09159
2.25477
-0.683111
0.920202
0.422492
-2.06314
-3.95196
-1.75868
1.9702
-1.54274
-2.91571
-1.26539
-4.36948
-5.07714
-0.652682
0.0106948
-4.60549
-0.12386
-1.30263
-0.905454
-4.26346
-0.324738
2.99889
-2.64908
1.34507
4.71273
-4.65381
0.953968
1.60474
4.75808
-2.84884
0.237959
1.44869
4.38135
-1.70219
-2.58925
3.26113
-0.0474945
-4.25345
-2.11596
1.87762
-1.71538
-0.953834
0.217134
2.23051
5.67552
-0.813019
1.23264
-2.4412
-1.5432
-3.44692
2.14023
0.0718062
3.79057
-1.33949
1.22929
-1.23213
-1.48384
0.461844
4.46688
0.491662
0.497625
2.72985
-3.20378
0.400298
-1.06335
2.84382
4.40201
-2.04787
-1.54144
0.648803
-2.04703
-0.909155
-1.39819
0.794636
-1.58024
4.04605
-1.43233
-0.429662
0.224301
-5.15401
-1.36338
0.000294611
0.920485
-3.38205
-1.83758
0.270607
-2.34339
-3.08467
0.491978
0.963746
1.55665
2.08138
0.00237884
0.177072
2.49852
-6.35524
5.86518
-2.2367
-4.60341
2.42582
0.999878
-8.47324
1.61964
-0.458419
-4.72668
1.64982
2.7278
2.96187
0.651439
2.93057
-0.280599
4.44304
-0.653971
-3.50246
-4.67867
-4.97286
-2.22501
-1.50234
-1.19916
2.38141
-3.33807
-2.76549
1.1373
3.42021
-2.24885
1.80397
-1.65313
2.54399
4.44336
1.06497
2.88966
2.41083
2.49889
1.64514
-1.89762
4.84596
-6.24974
-3.02303
1.14613
-3.95594
-0.837655
-0.544745
-5.00369
0.398997
-3.03758
-6.44983
4.13025
-0.253987
-3.6265
2.10409
2.39453
2.64309
-3.14239
2.7725
-6.47083
1.99411
-0.726632
0.183663
2.54037
6.32311
-1.56028
3.43656
-4.59913
-1.16234
-1.29635
2.12939
1.53838
5.07487
1.90164
-5.6931
1.09304
3.1639
6.95505
-4.36157
-0.503435
5.74661
4.9389
0.371073
-0.306327
-1.95394
0.9131
-1.36498
-7.77166
2.43033
1.78539
0.00978456
-5.39517
0.324548
3.44275
0.746321
-2.8913
-4.69484
-6.86635
-3.99647
0.123826
-4.12796
5.13017
3.3306
-9.13054
-0.260579
1.84423
0.967995
-0.479461
2.89303
2.86118
0.977263
2.01887
-2.2399
-5.68468
-6.01813
-2.24973
1.68556
2.53235
-2.8394
-2.30591
3.12832
-4.40056
-0.980274
-3.51841
-0.952721
-4.82427
-5.34837
5.07209
4.02811
-5.97099
-1.55648
-1.22213
-1.63242
-2.08897
2.23483
-8.54223
6.24896
-1.86361
4.7338
3.4428
2.73147
-2.06448
-0.0928067
0.617736
3.27428
2.86096
5.32233
-1.54525
6.46233
-0.08943
-1.97132
-2.1239
-0.972852
-2.55473
1.79963
-0.754052
-1.62726
1.36093
-1.91743
1.0247
-0.785581
3.13805
4.58167
2.12976
-2.39665
0.357342
4.16776
-1.73533
0.131303
4.5618
-2.14001
-1.54041
-1.39899
6.63255
3.04491
1.65061
-5.35776
2.19562
0.772715
1.89209
2.9386
-1.28984
1.51556
0.841062
-3.93405
0.994785
3.3291
-0.400785
1.24616
0.690469
0.196886
-1.4129
0.56656
1.27951
3.51569
1.84831
-0.0535348
-1.74192
7.96817
-3.45079
-0.539788
-1.69396
-4.93459
3.85875
-4.2051
3.45194
-0.596019
-3.56764
-0.589798
2.34275
-3.04623
-2.83133
7.39002
-5.67584
-0.932226
-1.21701
1.62536
-0.403366
-1.83013
-0.255616
-1.13927
3.09246
-2.20861
0.255208
0.0981256
1.8701
1.60917
0.417316
-2.91882
-1.36744
0.791632
2.41477
-1.64368
1.50519
-6.86733
0.610299
0.928479
-7.67334
3.0835
-2.48105
-2.26329
2.56179
3.82713
4.85715
-0.0902023
-2.95751
-3.46566
4.72763
3.21204
1.30153
-1.74982
1.9834
-3.09497
1.6315
2.4735
-2.86835
-0.607425
-0.233632
-3.6691
1.2696
1.32852
-2.38504
-1.83339
3.77967
1.45982
-2.12179
0.866643
-3.92084
1.67427
0.634848
1.54671
-4.58337
3.59668
-1.25055
0.441558
3.23751
5.35434
1.48942
0.801231
-3.26475
0.452127
1.3647
4.99071
-0.682219
3.58169
1.4708
4.91161
-1.87153
-2.36591
-4.15021
6.84428
-4.77163
-2.59228
-2.35168
2.84583
3.2854
-2.41775
-6.24982
-3.7766
3.92733
3.04546
-0.271569
3.02597
-0.29069
4.26221
-3.6161
-1.11174
0.967172
-3.72191
8.11202
-2.04221
6.11323
3.91407
4.49001
0.963089
-2.22244
0.0517948
-3.58496
-1.07488
4.86571
-1.02927
3.2631
2.78516
-1.81353
-1.23618
-6.63084
0.522875
-0.485543
-3.38675
-4.42944
0.793801
-4.57341
-3.62388
4.61687
-5.04515
0.656281
4.40419
3.72752
-1.13223
-1.16623
-2.75413
-7.34987
-0.528713
-0.983641
3.32425
5.92638
-2.73525
0.437281
-6.00838
3.1559
1.72393
0.211154
4.59032
-0.598777
1.84298
-1.82147
2.41906
1.00205
-5.90713
-3.70012
-0.801624
3.98774
1.72953
2.55834
2.30618
-4.47304
-0.0458256
-2.11735
-4.87797
3.51946
1.92667
4.39717
1.71837
-0.605419
-0.426466
-1.49338
-3.46598
3.05625
0.71274
-1.50531
-0.732861
3.37032
1.26592
-0.732883
0.392209
-2.1061
3.79445
0.699827
-0.130516
-1.06876
-1.10512
-0.0683098
-0.760487
3.85397
-2.46478
5.20018
1.53564
-2.48873
0.64156
2.0964
-6.17104
0.820574
-1.75445
1.0479
-3.69998
2.85838
3.07327
-2.76121
3.82161
3.74557
-3.8109
-3.9047
-4.12858
3.75979
-0.989725
-2.41925
-1.00087
2.28335
-4.15913
-4.74807
-7.96965
7.02714
5.55675
0.266499
5.14629
-0.177931
-1.95844
-1.72876
1.28316
-0.278491
2.42317
4.43457
-2.20071
3.91821
2.6677
-2.27708
5.72126
-0.00897267
-0.658802
2.6075
-1.31695
0.471202
3.40115
0.486625
2.10746
0.250276
4.92501
6.7841
1.78406
2.35907
5.37661
0.620722
0.0403884
0.552406
-3.54736
-4.89045
-5.54205
-0.669528
-1.75786
1.04166
0.492144
-4.18641
-2.29038
-1.39648
0.268643
-0.561032
-0.274096
-1.39976
-1.86492
2.31698
-0.220575
3.82616
-3.71747
-2.67348
1.47103
1.71249
3.65253
0.0681938
-3.3017
-4.11119
-6.02148
0.185958
0.459524
-0.491351
2.84907
2.07913
1.82689
-0.748984
-3.41267
-4.0181
0.75975
-0.311103
-6.59195
-0.353204
2.73941
4.18397
5.40971
-2.25564
-1.10607
-2.88545
3.91562
3.99304
0.210627
-0.645162
-1.41738
-3.58192
1.43247
-2.80328
-3.75202
-2.66325
1.42987
-1.55564
-4.82157
-0.955162
5.40801
1.00428
-0.136082
0.91097
-2.61905
-0.781368
3.92272
1.06551
6.68137
2.45707
4.58799
1.51613
-5.01886
-0.938588
1.81534
-2.14953
-0.267618
2.36403
-5.07336
0.886405
-0.661917
-5.03705
-2.65538
2.48479
-0.361783
4.66125
-0.33931
-1.03846
-1.07424
4.75161
0.877949
-2.49236
-2.88743
-4.18794
-1.85602
-3.7376
1.66803
2.35757
-0.89267
-3.17914
4.10225
-0.930731
3.86169
-2.55138
1.31306
-0.314811
3.54761
0.202238
-0.0930722
3.36941
2.51132
1.57753
-0.332771
0.11849
0.247345
1.25572
3.40508
2.99969
2.346
-3.49966
-4.41766
-1.13587
4.6643
0.237753
0.111577
-0.345939
-3.07712
-0.897019
1.74683
-0.379549
-1.53706
-0.147419
2.84928
-2.29289
-2.97268
-5.55473
-2.12862
0.557822
4.35938
0.00629615
-4.03996
-2.21117
-1.51006
2.55873
1.97748
-0.646348
-3.56269
-0.169848
-1.06212
0.970494
-0.0635377
-2.99192
1.29656
-0.892842
0.0302462
-4.70323
2.41314
-5.68686
0.499585
3.43607
2.37616
4.46838
3.44779
-0.715518
-1.37655
-1.0428
1.74178
-5.8796
1.04011
4.10958
4.10723
4.96066
4.06204
2.58955
-8.92473
-2.24388
3.1773
0.409268
-1.21951
-5.32701
0.340796
0.934803
-4.07415
1.02034
-3.33336
4.89755
-2.24434
-4.37938
-1.02143
-6.51332
-0.383688
2.48776
0.675666
-4.99118
-0.750963
3.39029
-5.00624
-3.04469
3.69744
7.00136
0.735005
0.706255
3.11712
-7.076
-5.45119
1.22722
-1.73097
1.93565
1.33501
0.185503
1.11895
0.612743
-1.06922
2.05403
0.935876
1.12625
2.25311
3.24712
-0.787694
4.89997
2.57006
-0.567265
0.521009
4.17877
-2.33133
6.92666
-2.58575
-0.0862427
-3.37358
-1.37968
-3.0272
-1.32238
3.00626
-2.23472
-3.63463
2.09164
1.88236
-1.33087
-2.27478
-3.06571
6.75491
1.5416
2.20788
-1.96295
-5.95681
0.920926
-3.25672
-7.34563
-4.71617
-1.3943
-0.541605
0.464476
1.70083
1.50651
-3.32824
3.61698
-3.05542
-6.86068
2.8047
0.524872
-2.06353
-3.9958
-0.22047
2.45871
3.01062
2.31943
5.83401
2.27692
3.32567
-1.72982
-2.43505
-9.17996
1.06988
0.623253
-2.73807
2.09243
-3.07556
0.350816
2.12932
-0.000949539
-5.10047
-1.14028
-2.42296
-1.90313
5.09036
0.115864
-4.88429
-0.171755
-1.37264
1.3493
2.27448
-2.355
6.33503
1.4168
-2.73602
-1.61046
1.62578
2.59493
-0.456499
-0.737085
3.14434
-1.68863
-7.58301
-0.43308
-2.18601
-0.444735
4.47346
4.48101
-4.35557
2.54595
3.83043
0.228434
-0.413856
3.60713
-1.17625
1.34304
0.657114
-2.75602
1.80599
-2.74736
-0.191117
-1.9741
-3.03266
3.59324
-2.55673
0.116709
1.3437
2.17028
5.89755
0.159669
3.44635
1.83382
8.18684
-2.69351
-2.58555
5.98994
0.0116003
-4.45111
-5.06219
3.41095
2.91927
1.16398
-0.948025
2.34915
-2.08585
-2.32577
-2.07613
1.42466
-0.365792
0.0533656
0.0254488
0.0138742
2.86362
7.86046
-1.7677
-0.917287
-4.16394
2.56167
1.18861
1.12332
-0.936079
-1.02617
4.76314
0.65237
-0.131317
-1.55309
-0.824123
5.84583
-2.01375
-3.71987
-0.900633
-1.20873
3.92532
-4.24841
-2.05043
0.538247
-2.13362
-0.462728
3.24165
2.28789
5.87723
-0.415545
-2.72835
2.20127
1.28299
-0.638116
2.50106
-1.89412
-1.10372
-3.87175
2.49348
4.71081
1.09717
-3.47411
-4.20344
-1.84684
5.20792
5.38595
2.94863
5.1755
0.164934
-2.21436
5.10383
3.73164
-0.192946
-6.6295
7.01093
-0.310961
5.69053
-3.30857
-3.12057
1.7893
0.416717
0.0820529
-2.45461
5.28228
-0.549394
1.31452
-0.956725
-5.12842
4.36596
-2.44339
-1.6875
-2.74619
-1.1652
3.20652
0.0123558
2.50449
1.20883
-1.16876
-6.20362
-0.429621
0.474029
0.939847
-2.25974
0.927929
-1.87566
1.76031
-0.97224
2.17625
-0.851872
1.36356
1.1995
-1.89025
-3.41192
-4.20301
-0.107197
-3.81007
-1.79244
2.42658
3.16323
-2.78681
2.23615
-6.01283
-1.56914
2.57496
3.73981
-3.95571
-0.236979
-0.508038
-2.18932
-0.523863
-7.69534
-2.28935
2.16141
3.64619
-4.19727
2.76518
-4.52985
1.81082
1.11114
5.25382
1.90466
-3.81066
0.509253
3.20831
-0.873606
-0.573768
-0.439692
-1.32283
2.37137
-2.59663
-0.981597
2.54673
-0.0931403
3.39713
-0.99248
-1.67798
-2.66539
-3.5908
-1.90886
-0.552869
-0.2641
1.00058
-4.08218
1.98936
1.04655
-2.21456
-6.31041
-1.73788
-5.56205
1.18049
-1.55265
6.00183
2.41695
-4.88004
0.270186
2.50588
-0.848195
2.47383
-2.26162
-2.98521
2.91215
6.05341
-4.07841
1.89341
-4.57367
1.81777
-2.06932
-2.71182
0.91576
-0.156425
1.02425
-0.33555
0.122285
0.894305
-1.70206
-3.4456
6.41304
2.90819
3.39376
-0.622895
2.17179
0.591277
-1.56967
-6.70394
0.155347
-0.782066
4.32321
4.126
-1.60284
0.193843
1.80422
3.52687
0.430125
-1.36536
5.78832
-3.12746
-1.11422
3.83734
-2.35302
1.71446
-0.129825
1.49907
1.76152
0.145737
-1.64303
0.224392
3.68229
6.06764
-3.43695
0.897825
-4.54381
2.87918
2.07043
3.2945
2.15479
-3.11288
4.03434
-2.42488
-3.45711
-1.10965
1.78001
-0.850848
0.962378
-5.87635
0.694964
2.51537
1.33281
1.73653
3.15375
-0.699422
3.11753
-2.67462
-2.24986
4.5516
-2.5478
-0.409579
0.601283
-0.274253
0.919284
1.08738
3.3628
-0.0249992
-2.36088
1.78175
-3.16319
2.167
-0.0145739
-1.18416
-2.16677
-3.05665
0.876962
-6.60478
2.24386
-2.44895
2.62331
-2.99061
7.53413
-0.970502
-2.64789
2.44641
2.44588
-2.81902
-0.139104
0.749168
3.46913
0.508987
-1.73198
-1.20349
2.99032
-2.73974
-2.61762
-3.22287
-1.42453
2.32021
5.46849
2.8033
-1.09253
0.612817
-0.0412124
-1.12106
6.81481
3.05667
-0.752141
-0.99879
-1.64951
2.8518
1.39318
-0.861843
1.18229
6.98945
3.58805
-1.39604
-3.34554
3.96513
1.89281
-2.37261
0.939599
-0.899622
0.154368
-0.345426
0.898907
-0.187798
-1.15866
0.793999
2.5293
2.05232
-2.3371
-1.18088
-1.92603
1.45238
-0.531051
6.10861
-5.56273
0.375017
-2.49971
-6.01003
0.565137
0.343523
-0.698471
0.176389
-3.36836
0.943192
-3.23634
0.55107
2.79917
-0.213736
2.55982
3.04804
0.350422
-3.74668
3.30578
3.00861
2.22928
-3.6358
-3.31737
0.816114
2.14747
-4.19293
2.9579
0.873085
1.46894
0.22909
-1.88331
-3.7935
1.77163
-2.58442
-4.31351
-5.26516
-1.9366
0.256416
0.558605
2.77354
-1.02804
-0.975578
-2.2495
-3.43866
2.56611
5.72092
2.08091
3.79631
1.71249
1.93702
2.68371
-1.53595
4.16607
-0.896426
0.481337
-1.12744
-0.127444
0.576675
-1.35918
-1.29682
-1.92766
-1.6962
-0.0214536
-0.742826
-1.08903
1.11428
2.93165
0.846693
2.18302
2.31556
-0.101042
-0.443445
-3.79468
2.40619
-3.24419
-4.52967
0.122554
0.819941
-3.66532
-2.82545
-3.06805
1.23663
0.182044
4.4333
-1.13318
-1.98374
0.274627
-1.22903
-2.99247
1.75422
4.94978
-1.07493
2.95244
-0.867229
-1.26843
-0.208075
-5.32464
-1.9686
0.822061
0.641107
0.41506
0.190975
-1.25818
-4.64935
-0.716861
-2.54114
2.35785
-0.530859
-0.604691
0.822632
-7.0088
1.04378
-0.231579
2.89372
6.63894
3.20417
2.19752
-1.68243
0.447564
0.873057
1.81144
5.24759
-0.146818
0.14932
-3.97191
-0.635679
3.26011
0.778624
-4.86886
-4.74348
-3.25218
1.90589
7.19515
-3.11049
-2.40797
0.560254
0.836178
-0.0323391
-4.37326
-2.08538
6.45673
0.0379508
1.29725
1.63917
3.86505
-0.168945
-3.72897
4.60399
-3.40719
-3.99455
0.616802
1.32229
-3.15273
3.05929
-4.92207
4.84302
-0.187887
0.372065
4.01455
0.0189801
4.83312
5.6239
-1.54493
2.85723
-4.95422
-5.55008
4.00027
-0.366101
-2.38707
-0.227049
-4.88533
-2.28909
6.48823
-1.44905
-0.243664
-0.376792
1.2176
-0.741507
-1.27208
6.94949
-2.50726
4.53623
-3.61549
3.67435
0.744898
3.76495
2.26309
3.28746
3.19428
4.22288
-1.36602
0.271108
1.15451
3.06643
0.945472
1.36803
3.93601
-3.7453
0.185824
4.63252
-1.84459
0.716696
-3.19134
2.13182
-3.19774
0.113854
5.18619
-2.83008
-0.556305
4.4006
-1.81338
2.90065
1.29112
0.871383
-3.08947
-1.74698
-0.879605
-4.92261
-2.1063
-1.22512
-1.78776
1.5202
0.685398
1.82711
5.69591
-6.89473
0.108626
-0.562675
2.86418
2.00661
-2.01162
2.6097
1.86057
0.910074
-3.91328
-5.48688
0.947196
1.95677
1.76801
0.802588
-1.10293
3.31874
-0.296161
-2.79516
1.02232
-0.381855
1.90925
1.07217
1.95108
-5.05336
-7.52148
-3.67915
-3.86318
-3.29961
1.52711
-0.186573
1.52113
-0.0503185
2.4008
2.7584
1.48729
-4.44925
-3.889
2.0713
-0.643563
2.76066
-4.30499
2.75151
-0.651364
2.21446
-1.65007
-7.83029
-4.25659
1.90066
0.831913
3.17456
-0.982368
-3.36389
2.37746
-1.86627
-2.58514
-0.65215
-3.18999
1.35484
-0.356924
1.28415
-2.16688
-0.440631
4.3863
1.8609
1.44681
-4.59987
-0.623791
-5.76301
4.13543
-0.203969
1.95195
-1.29003
1.54634
-1.17921
0.529376
3.56351
0.842752
-3.15597
-2.36889
0.182669
3.49955
3.76384
0.543012
-0.442438
-1.27553
1.85258
0.683557
-0.396278
-4.47467
5.23336
1.06811
-2.80772
0.309214
3.19009
-1.29632
-7.3681
1.56772
-2.0592
-0.481987
-3.324
2.90023
2.32761
-0.133013
-2.91877
1.40001
-6.09077
0.524473
-2.86411
4.16973
2.83792
-2.35962
-2.93489
0.0994045
-0.375891
-1.72544
-3.82788
-0.126474
-0.302257
0.93636
-0.681689
3.2838
-1.94002
-1.33542
3.11234
2.72494
-3.52855
-0.466538
-0.919098
-5.02148
2.33754
5.58581
-3.26439
0.78039
3.28822
2.583
0.053204
-1.19942
-2.05823
-0.267133
-0.789381
0.945129
-3.60639
1.59128
4.42199
-3.72333
-1.67263
-2.88872
0.754355
2.41984
2.16418
-2.25371
-1.67384
-2.19791
2.70119
-3.47153
2.55104
0.710319
-0.96689
4.13655
1.82424
1.21996
0.313478
-0.694941
2.61219
-2.16398
1.33376
1.861
6.97759
0.260116
-1.53588
1.45532
-5.76668
-1.21053
6.87643
3.07692
1.40559
-0.519046
-2.82975
-2.22484
0.278646
3.46833
-2.85104
-0.392324
-2.44239
0.990176
1.17074
1.08778
-0.27323
-3.40684
-4.61703
0.116966
3.07789
-1.6101
3.00284
-3.44859
-1.41499
0.106244
-4.35036
-2.68151
-3.39714
-3.61533
-3.36235
0.680105
3.18611
2.18193
-0.160379
0.177306
1.58043
-1.89097
-3.41401
-7.13156
4.24209
1.65979
-0.862964
-0.836446
-3.36543
0.286922
-4.20977
-0.601886
3.60035
0.45326
-2.451
2.55867
0.985016
2.02851
0.0714469
-1.95873
1.27328
1.3739
0.954548
-3.4897
2.19524
-1.74295
0.561363
2.28788
-0.71255
5.05596
-3.0761
-0.364062
-2.0941
-5.53213
-7.13108
-4.36929
2.8077
-4.33162
0.800915
0.966596
-0.16149
2.69448
0.776806
1.11321
4.87875
-3.86531
-0.583387
-1.5471
0.973758
-7.40075
1.47282
0.189648
3.57924
-2.74675
-3.44339
0.209128
6.76374
-1.17574
-4.02005
3.88662
-3.4593
-2.17576
1.2455
1.98449
3.15125
-2.84626
-6.66947
-3.35036
0.572577
4.29621
0.538994
-2.71188
4.20627
3.43159
5.07378
0.710282
0.10934
4.72698
-2.39606
-1.07553
0.528916
0.322994
0.70747
-3.43843
5.12066
2.09336
3.59444
0.692695
3.04664
-0.880346
-5.00059
2.10101
4.72124
-0.622242
2.82129
3.26518
1.73128
1.43807
4.09949
-0.395475
-0.818272
-2.22847
0.447497
-0.779895
-3.23478
1.31555
-1.36037
-3.11297
1.21251
-4.12964
3.63165
3.10882
0.106316
-5.25081
-0.31263
0.361466
-3.19134
4.22406
0.306433
-1.83195
-2.55534
-0.12147
0.79263
-4.19245
-2.33606
6.92673
-1.84923
-0.364834
2.41796
-1.41218
7.66027
-4.81771
0.692866
3.92137
-2.17167
1.49827
-0.0256473
-4.82129
-4.20017
-4.37852
-1.68795
-2.30775
1.26964
-0.529227
-1.59477
-2.00729
-1.46782
-6.2946
0.39945
-5.21368
-2.11448
-0.427393
1.49456
-1.74234
0.918807
-3.15999
-3.06886
3.98173
3.27092
4.29784
-1.8191
1.97608
4.84071
-2.61716
-1.47996
4.2721
3.45595
6.66559
1.14345
-0.142972
2.81784
4.48633
2.5505
2.43662
0.184152
-4.17861
5.05092
-5.46421
-6.64313
-0.389594
3.5931
1.60603
-4.03175
2.87502
-0.247643
3.68126
-0.602978
-1.1073
-9.45144
-1.45481
0.998312
-5.90212
5.76297
-1.95831
4.52795
-1.43559
0.141177
3.33002
1.07504
-3.36313
-1.13078
4.80108
3.48275
2.64083
0.341618
-2.98077
4.66485
5.53634
0.705495
-0.0273811
0.371743
-4.76755
1.59702
7.35759
-2.18362
2.82182
-1.4277
-4.05874
0.502157
-1.17722
0.912022
-1.20945
0.309128
-2.09776
-1.67207
-5.68691
2.75073
2.53464
-3.06531
3.41181
-3.40415
-0.860342
-4.79773
0.0778003
0.0035015
-2.59573
1.31742
1.25553
-2.01316
-2.67445
2.14378
-0.506797
-8.61647
-0.810316
-0.153912
-2.64313
-3.17195
1.31831
2.61284
6.34468
-2.03707
2.93539
5.49174
0.416657
-3.52528
-7.55409
0.35179
1.80996
-1.22145
1.80614
-6.25255
0.625934
0.433272
3.38605
-2.71646
3.40318
-2.31483
-3.43417
6.31296
1.32147
-2.59158
0.55764
4.35372
-0.755112
-3.43919
0.614215
-1.3226
0.428775
4.28103
-2.85053
-1.37645
-3.18901
-1.01665
1.75655
4.21539
-3.16259
0.0939711
1.27211
-5.013
6.88807
3.63077
1.2659
-2.16784
-1.31832
-5.19238
1.09207
3.11802
-2.61059
1.32388
-6.75389
-6.29242
-1.90921
1.02366
-4.18863
-2.39505
-2.83477
1.49336
-4.21131
-0.0514187
-4.56378
-0.480561
-0.0270938
3.11573
-4.07044
-1.69929
-4.77631
0.378386
-1.66357
-1.23318
3.83329
0.995231
-0.393589
-1.94038
11.0679
-2.28632
5.0093
4.68221
1.17781
5.90021
0.643962
-1.09434
-5.94256
-0.460726
-1.03065
7.16016
1.03636
1.28638
1.50518
-2.54941
1.32774
-4.43971
5.58356
0.350047
-1.64392
-0.134115
-5.47858
3.97921
-5.99828
-1.48978
0.8327
1.11514
1.42854
-4.51131
-4.75512
-1.5294
-0.259236
-4.87307
-2.29432
-2.72551
-2.80748
1.64408
3.07338
-0.917113
2.8065
1.27752
4.46664
2.20496
2.36696
3.85761
0.938489
2.63758
-3.53751
-6.22772
2.68287
-1.12051
-0.740734
-2.01851
-5.58919
1.23489
-0.808676
1.30288
-0.636799
0.785436
0.314648
-4.28808
3.75352
1.27241
-3.02848
0.682219
-2.14571
2.65426
-0.254597
-3.72569
-3.92512
-2.16975
-0.285043
-2.97299
-5.22329
0.407221
0.433378
1.77805
4.20037
6.9987
1.1039
2.5366
-0.184878
-0.365868
1.19712
1.51107
5.57059
0.0632573
2.4722
1.36207
3.72833
-2.36454
-1.00426
-2.26415
0.222867
-1.33062
-0.0268282
2.47857
-1.6206
1.33352
-2.53959
-1.20202
-0.298294
1.45714
-1.56515
-5.26391
0.203622
1.34742
-2.75583
2.67133
-5.15134
2.91355
0.990198
-2.78543
-1.18114
0.897395
1.84708
-2.6244
-0.273179
0.271139
-4.90022
-0.140363
-0.0718669
-1.01749
-0.530812
-5.84387
1.26455
0.585704
6.97919
3.42848
-2.8583
3.04577
0.254799
-1.60358
1.0975
-0.56855
-0.965375
-3.0682
-2.24768
-0.0542164
1.42045
1.19919
-4.66542
-0.577918
1.44384
-5.8137
-5.32323
1.36226
1.61367
3.22419
-1.21772
-1.93012
-0.151122
1.53656
-3.14209
0.075142
-2.25086
4.37318
-3.80964
0.469428
-5.43135
2.958
-0.566628
-0.147978
-0.443333
-3.30087
2.10454
-1.35704
-3.11293
-1.12958
0.991318
-0.895536
0.835676
0.251232
-2.16088
1.28221
7.50356
-0.408429
-2.14766
2.55687
-5.49245
-1.42469
-5.1386
1.42921
-1.69205
-0.89525
-2.08177
1.40549
-1.9743
1.24978
1.30868
-3.26202
-0.76886
-0.979258
-5.49065
0.57008
3.25344
2.09141
-0.559236
-0.0140828
-2.06878
-3.14971
-3.00549
-0.658212
1.80561
-0.294566
-3.55713
-5.59667
0.042318
-6.4443
0.84657
-1.07892
-3.40698
-2.24772
-0.296123
-3.0337
4.99957
6.38223
2.51609
-3.07345
-2.65243
-0.521634
0.939554
2.30201
-1.46394
0.353881
7.88168
4.23683
-0.538174
0.285123
-3.82338
2.78499
-4.33049
-3.03476
4.26749
2.08239
0.280582
5.29739
-5.23464
1.48467
-0.200097
-1.90047
-1.06053
-5.30435
0.774404
0.272401
-1.8237
2.74682
0.350728
1.52204
3.49204
-5.90399
-5.24428
-2.92375
4.15737
1.26071
-0.963516
4.9104
2.95718
-3.52086
1.37427
-1.52302
-0.7067
-0.150286
-4.47673
-1.39564
2.66563
-0.878904
-4.73562
2.63523
-3.97769
1.32674
-5.07835
-1.15609
-4.43166
1.30011
-0.790778
-1.25632
1.25783
0.590249
2.30079
-7.69321
-3.54593
5.83008
0.305123
4.18867
-2.97001
-7.48023
5.44424
-2.04093
-1.45602
-0.390086
4.79939
-3.07063
2.16405
1.02122
-0.499038
-3.93791
-4.16039
-3.84103
3.49473
-1.11185
-1.91411
4.94611
-5.24217
-4.59695
5.04824
1.77564
-1.86624
2.32158
-6.62951
0.544208
-4.64182
7.97497
-4.07866
-1.65503
-1.19382
0.553298
-0.835769
-4.94875
1.84186
-1.04116
4.02082
1.67003
-1.56181
4.35052
2.27809
-1.93377
-5.69256
0.871101
1.56785
0.967843
1.70504
3.50415
-3.86314
-0.0292511
3.26393
1.7283
-4.60664
6.04416
0.625144
2.26469
0.869783
-1.38405
5.9888
0.745354
0.566536
-1.53349
4.32602
1.61704
2.15026
-0.623079
-3.44543
-0.531662
-2.16378
-1.79547
5.60354
2.34408
-1.73135
1.97843
-9.25296
-1.73943
-0.536391
-1.97816
-2.53546
0.516731
-5.84426
-3.36599
-5.14532
-0.420363
-4.03841
0.718077
-0.352005
-0.506192
-0.81373
5.20351
2.57164
-0.676159
-0.805934
-1.51323
-6.08525
-7.92702
1.68494
-3.84039
-3.19089
-3.7841
3.53128
-0.53728
0.67314
-1.3149
-0.873247
-3.88517
1.30524
-5.99538
-2.30451
0.273143
-1.82806
1.36035
4.51965
3.9071
-1.45464
-3.48141
-0.482217
0.581528
4.86049
0.305171
2.18276
-3.0985
-2.23853
-1.66925
1.90854
6.19715
0.236538
0.918195
-2.05177
1.56404
4.40489
-2.91071
1.744
1.89485
0.314242
1.32978
0.572643
-0.782736
-0.568195
-1.69353
0.893128
0.93921
2.866
-2.95549
-1.35038
-0.0218197
4.5706
3.72451
-5.29655
-1.17207
-3.93845
-3.77685
-0.410997
0.292996
0.132521
0.0672795
4.39592
0.712233
-1.85902
-1.34889
2.89299
-2.20164
0.151526
2.72148
-0.0537736
0.483502
2.4545
4.19342
4.38958
3.34509
-0.553701
-2.7131
-5.99237
3.22557
-1.88102
-2.01424
2.83892
1.38627
-3.27439
-3.34448
5.5086
1.24172
-1.59259
0.771834
0.265868
2.80444
3.87251
-2.32052
3.29311
-0.721857
-0.280119
-3.89651
1.34348
-1.39291
-1.42558
-4.38398
1.90825
-2.2397
4.85557
3.48923
2.48245
-0.0399707
5.24803
2.22816
-2.6819
1.01387
-6.15463
3.36119
-0.827166
0.896883
2.03133
8.60465
2.90222
-1.01952
-3.58273
-2.59981
3.77361
-3.13784
-0.655583
1.11807
2.52703
-1.02808
-2.06609
0.223
3.50602
3.01293
-0.624181
-1.14476
1.03502
0.0172401
0.635947
2.53747
-3.58939
1.69247
1.31347
-4.91249
-1.26254
0.211009
-1.657
2.18395
0.0795606
1.7153
-1.99769
-2.28999
-3.51506
1.23769
-1.22422
2.47424
-0.062636
-0.285797
-3.44978
3.71254
-3.402
0.72982
2.40871
2.17197
2.89471
2.34127
-0.649154
-4.19213
-1.78905
-0.594347
-6.66142
-0.078549
4.95704
-1.28693
1.16554
-4.57268
3.80825
5.61506
-3.92435
-4.67756
-3.47551
-3.46794
-1.78607
-4.06043
2.91031
2.39224
3.86599
-1.98144
1.04042
-1.11224
-0.796908
1.47049
1.41389
-3.7437
2.41635
0.457068
4.01964
2.51533
6.53352
2.50688
1.13015
-5.94737
-2.28341
0.234435
-3.81902
-3.40812
1.20605
1.17782
-4.57348
3.69141
