15.5196
18.4945
5.56283
19.7464
34.3463
20.0595
30.8823
25.8401
51.2393
36.938
55.5221
20.1163
26.7103
39.8039
36.3805
37.9458
49.1952
49.6618
41.726
28.6856
36.5467
63.0229
44.9575
30.9125
14.0856
35.6806
39.9534
55.8532
56.0515
55.5128
17.898
64.1427
15.9936
15.0568
35.9329
44.2591
46.9929
8.20603
18.6256
50.1255
27.9311
27.313
44.436
29.3981
47.9028
21.577
9.68188
27.1443
48.6621
2.09233
57.5762
58.6918
44.3722
29.2092
16.8766
56.988
30.5628
9.49926
23.5321
35.9291
29.3142
15.0045
38.5826
29.6291
59.1091
65.1297
8.95252
46.0765
54.5673
38.2515
64.8445
48.1504
36.9656
34.9555
54.3181
3.30657
36.0194
25.4523
27.8341
44.1596
48.1816
56.7389
49.3621
41.5316
48.5031
34.8594
47.9423
29.5133
30.5093
17.5501
27.6041
28.2226
29.6592
55.8776
18.5114
42.1839
22.0673
34.4817
39.3586
48.1521
21.6578
21.2034
35.4705
20.3626
43.3087
24.2251
49.5281
31.4509
41.1707
15.5169
6.1203
39.696
38.8641
43.5766
11.5578
55.6018
6.80085
42.2815
30.1832
22.7683
18.1081
30.2959
24.8755
21.7241
27.6503
41.4801
65.1619
36.8154
56.8825
26.6375
30.345
36.478
30.4178
27.0638
16.8209
38.7661
32.4706
24.7668
28.5508
28.9434
39.6045
48.1304
9.38931
23.1631
17.2374
41.9533
61.3988
60.499
13.924
43.1281
50.6989
14.6229
31.9199
2.74717
33.0413
26.5119
22.3813
30.8558
30.4184
53.8995
62.2618
13.7613
63.3375
13.3652
31.1508
26.2969
24.2259
50.8883
41.2867
30.3804
41.1079
39.9112
54.6815
43.2215
10.2753
31.8247
50.8971
26.7216
48.7518
53.009
52.7515
14.1582
51.354
18.2462
27.8574
13.4228
29.65
21.5326
42.8246
61.7947
42.051
13.4862
10.5706
9.1311
34.8828
52.3897
64.1843
37.464
43.9443
22.8344
46.9226
41.2736
32.2581
38.8356
14.0147
48.7689
57.3089
28.2516
1.24372
2.6485
26.1583
58.1477
47.6443
32.062
50.321
55.518
41.565
44.1983
9.11799
32.2208
12.424
61.3232
35.405
43.649
12.9772
32.8771
58.5681
10.8673
37.3025
29.967
31.5676
42.5816
54.9837
22.0353
39.6438
53.1788
43.5492
53.2284
30.0397
35.8576
9.4484
62.6974
51.6307
11.8003
24.7704
28.9515
36.539
25.1283
30.4917
41.7868
64.7536
33.336
25.8067
42.003
39.7522
42.7653
34.0158
17.6211
34.3834
63.6361
44.8346
45.299
43.8255
16.6801
57.6508
62.3158
58.409
58.419
20.2698
13.7898
26.0998
23.0855
31.9454
32.8536
57.7269
29.6138
25.5793
22.8059
29.8219
61.5193
57.0657
44.9067
10.3233
26.0671
15.4335
15.5926
36.4033
58.6047
56.5972
46.3018
58.6664
52.1529
37.6676
26.9793
41.556
44.9541
12.8306
22.8791
57.6005
31.9764
49.1302
21.6995
52.0023
57.6063
24.8062
60.2427
13.0507
18.4596
44.7399
9.86754
57.9535
57.2702
30.6184
8.06947
28.46
49.8508
24.1141
23.0952
53.1161
11.7819
60.9442
64.1932
36.0513
45.5146
50.3093
27.9944
15.5082
46.8307
39.8179
40.8394
23.3619
41.8285
28.1687
28.2745
59.7254
48.9009
62.645
31.8398
35.8674
57.175
44.0594
54.1347
52.2774
27.6503
62.3336
18.4144
29.4832
20.8994
27.5608
46.09
59.556
39.6755
22.8372
63.7873
62.5873
46.6965
57.0861
55.4541
44.0518
8.79792
24.0213
49.814
30.2819
15.2753
42.5988
45.6846
61.8636
19.5886
24.8923
39.7153
31.447
53.243
44.7753
56.35
24.3149
14.2416
20.8092
22.2856
8.20604
46.3234
43.173
34.9407
19.2881
29.5823
24.2524
60.0949
8.37379
56.1271
31.4216
31.1017
11.4901
17.8052
19.102
22.7745
9.52501
40.9109
37.0995
16.456
31.7391
29.4104
22.3098
24.1974
36.3404
9.45082
43.1784
42.2394
18.6663
4.99514
7.84198
38.2823
35.2644
25.5511
44.4173
52.3963
34.5323
31.6004
59.2191
16.4239
4.06557
23.0396
62.3578
40.3609
32.2469
6.60469
20.9307
50.3931
21.3356
18.9299
15.8782
44.3627
52.8054
33.7656
23.9063
17.0224
34.1836
37.3556
41.4067
50.754
46.212
10.9125
29.5953
42.2889
49.2451
52.9234
57.4093
36.7301
17.2799
53.7922
34.9923
15.6875
50.2451
36.9238
36.5885
11.1255
35.3778
16.4898
37.9518
39.9842
32.2994
45.3988
27.7325
6.60247
35.9599
3.87611
18.9065
22.7627
47.9544
19.302
32.6624
51.3556
21.4093
48.6572
20.6291
21.4749
51.8339
56.2751
37.3481
49.298
41.5302
29.5794
18.6649
38.4647
17.2278
47.9758
25.0536
10.6462
21.1101
14.0013
18.9764
34.2
24.0214
12.8262
24.6084
41.493
36.344
61.8002
55.4013
20.3983
27.7017
18.5483
41.8279
21.7323
46.6271
27.5225
31.8239
62.1333
4.18867
26.9767
36.9884
16.6214
35.9223
36.4017
21.2402
57.3898
37.9899
13.4081
18.6966
27.6911
40.0946
39.7926
30.5566
36.1661
44.8552
9.8851
62.4786
23.9043
59.1392
54.9476
36.2772
20.5489
20.3752
20.7339
38.0925
21.1186
43.0198
63.8084
64.7298
33.3049
26.2331
21.851
14.2783
33.4895
40.0453
8.01578
44.5988
50.3782
37.8812
30.6669
31.2386
25.9159
30.2168
63.6393
39.6555
27.0748
17.7132
13.0729
54.311
33.6587
17.6814
26.7851
4.95648
46.4141
37.1138
31.9898
8.07906
50.2195
18.4691
26.7631
51.399
54.8755
53.2968
54.1585
63.884
11.8312
25.7762
51.8226
55.785
40.4136
24.0955
64.8236
42.539
18.1634
18.4665
15.4366
12.8091
35.7277
38.2929
28.4514
36.1011
58.9282
32.1473
25.283
5.60576
34.1832
38.4677
55.7778
60.2076
45.3466
54.187
41.3641
29.8404
33.1152
64.9978
41.7262
22.634
25.0119
56.2521
36.0252
62.7756
28.9926
31.1077
10.7079
49.236
5.99801
7.4655
48.693
41.1685
48.764
18.5257
12.3218
61.6493
49.6277
34.0057
38.7611
24.1692
40.5244
21.5382
18.3451
23.383
30.729
34.076
26.4686
41.102
38.2816
60.103
51.5719
9.13908
56.9683
37.1189
56.6353
43.4467
16.4131
30.2989
8.15867
49.1212
3.72616
7.03688
55.0254
26.3319
25.8958
21.8106
59.1779
48.3623
63.685
63.5068
47.2328
57.0838
10.0284
48.6687
23.5583
15.7766
53.6376
39.5796
34.7024
30.7377
41.9833
50.5646
61.4067
6.34273
46.6139
30.0785
52.7285
59.2763
41.7343
9.42969
55.9871
50.3985
4.70984
13.323
52.8072
46.3895
61.1834
35.0552
61.3352
31.5339
29.4188
20.2139
7.97096
45.3344
28.8312
30.933
39.2692
37.7527
18.3818
33.4448
20.6199
36.3473
59.2831
45.1428
7.45534
19.3756
39.5764
60.8786
15.8726
38.1009
28.512
17.005
64.6054
53.1508
40.7419
21.0127
32.2961
20.0947
56.2947
29.527
58.5793
24.0435
46.4391
27.1796
43.2126
52.1233
43.0982
30.1883
13.5438
60.602
58.2686
26.6205
50.3457
12.65
8.92903
63.2877
32.3557
36.9368
39.2597
30.4751
17.5666
34.107
3.73096
38.5444
49.5802
50.528
25.1088
31.9326
29.906
58.6219
51.8273
31.6691
35.1883
11.182
26.7403
20.6983
29.4706
50.9514
14.1185
59.5301
20.9225
54.711
