62.5446
63.8623
54.836
64.3544
68.5131
64.4726
67.7144
66.3751
71.5186
69.0597
72.1217
64.4938
66.624
69.6211
68.9454
69.262
71.2127
71.2836
69.9755
67.16
68.9797
73.0737
70.5359
67.7218
61.8163
68.7995
69.6493
72.1664
72.193
72.1204
63.616
73.2061
62.7707
62.3172
68.8524
70.4183
70.8686
57.7569
63.9153
71.3534
66.9597
66.7916
70.4482
67.3444
71.0127
65.0205
58.9995
66.7451
71.1308
47.4893
72.3946
72.5388
70.4375
67.2959
63.1745
72.3175
67.6363
58.8565
65.6722
68.8516
67.3229
62.291
69.387
67.4032
72.592
73.3208
58.4111
70.7206
71.9914
69.3222
73.2878
71.0514
69.0653
68.6452
71.957
50.9276
68.8705
66.2615
66.9336
70.4014
71.0563
72.2846
71.2381
69.9404
71.1062
68.6246
71.0189
67.3737
67.6231
63.4685
66.8713
67.0377
67.4108
72.1696
63.8691
70.0575
65.1893
68.5427
69.5366
71.0517
65.0485
64.8892
68.7551
64.5852
70.2552
65.8902
71.2634
67.8515
69.8748
62.5433
55.5536
69.6007
69.4416
70.3015
60.3302
72.1325
56.3458
70.0748
67.5424
65.4243
63.7036
67.5704
66.0893
65.0715
66.8838
69.931
73.3245
69.0347
72.3036
66.6035
67.5825
68.9656
67.6005
66.7227
63.1496
69.4227
68.0912
66.0564
67.1246
67.2272
69.5834
71.0483
58.769
65.5534
63.3334
70.0163
72.8776
72.7667
61.7295
70.2238
71.4389
62.0975
67.9627
49.5351
68.2221
66.568
65.2955
67.7079
67.6007
71.8988
72.9825
61.6412
73.1112
61.4218
67.7794
66.5068
65.8905
71.4669
69.8959
67.5913
69.8633
69.6414
72.0071
70.24
59.4465
67.9402
71.4682
66.6272
71.1447
71.7737
71.7371
61.8549
71.5354
63.7607
66.9399
61.4541
67.4085
65.005
70.1707
72.9259
70.0338
61.4895
59.6593
58.5595
68.6296
71.6854
73.2109
69.166
70.3646
65.446
70.8573
69.8936
68.0419
69.4361
61.7783
71.1473
72.3597
67.0455
43.5811
49.2603
66.4671
72.4688
70.972
67.9961
71.3827
72.1211
69.9464
70.4079
58.5487
68.0332
60.8731
72.8683
68.7412
70.314
61.2004
68.1847
72.523
59.8673
69.1335
67.4883
67.8793
70.128
72.0485
65.1784
69.5909
71.7977
70.2968
71.8047
67.5066
68.8367
58.8161
73.0348
71.5757
60.4861
66.0575
67.2293
68.9781
66.1653
67.6188
69.9864
73.2773
68.2888
66.3654
70.0252
69.6114
70.1603
68.4405
63.4988
68.5213
73.1465
70.5153
70.5928
70.3443
63.0865
72.4044
72.989
72.5025
72.5038
64.5509
61.6568
66.4503
65.5282
67.9687
68.1793
72.4143
67.3993
66.2989
65.4366
67.4519
72.8923
72.3277
70.5274
59.4815
66.4408
62.5029
62.5799
68.9502
72.5277
72.2658
70.7573
72.5356
71.6513
69.2067
66.6993
69.9448
70.5353
61.1151
65.4607
72.3978
67.976
71.2028
65.063
71.6296
72.3986
66.0683
72.7348
61.2429
63.8481
70.4994
59.1422
72.4437
72.3546
67.6499
57.6308
67.1007
71.3121
65.8557
65.5313
71.7888
60.4744
72.8218
73.212
68.8772
70.6284
71.3809
66.9768
62.5391
70.8426
69.6238
69.8141
65.6176
69.9939
67.0234
67.0515
72.67
71.1676
73.0286
67.9438
68.8387
72.3421
70.3843
71.9315
71.6693
66.8838
72.9911
63.8296
67.3661
64.7808
66.8595
70.7228
72.6486
69.5969
65.4469
73.1643
73.0216
70.821
72.3304
72.1125
70.383
58.2802
65.8267
71.3066
67.5669
62.4255
70.131
70.6564
72.9343
64.2941
66.0943
69.6044
67.8505
71.8068
70.5054
72.2329
65.918
61.899
64.7483
65.2633
57.7569
70.7608
70.2316
68.6421
64.1779
67.3913
65.8987
72.7163
57.909
72.2031
67.8445
67.7676
60.286
63.5769
64.1051
65.4263
58.8768
69.8272
69.0925
62.9848
67.92
67.3475
65.2714
65.8816
68.9372
58.818
70.2325
70.0673
63.9317
54.0273
57.416
69.3283
68.7113
66.2906
70.4451
71.6863
68.5537
67.8871
72.606
62.9702
52.4802
65.5133
72.994
69.7256
68.0393
56.1259
64.792
71.3934
64.9359
64.0371
62.7163
70.4358
71.7448
68.385
65.7907
63.2391
68.4775
69.1442
69.9177
71.4471
70.7427
59.8985
67.3946
70.0761
71.2203
71.7615
72.3728
69.0173
63.3519
71.8839
68.6532
62.6255
71.3713
69.0568
68.9883
60.0438
68.7355
63.0002
69.2631
69.6551
68.0515
70.6093
66.9061
56.1233
68.8581
52.1217
64.0278
65.4224
71.0208
64.1834
68.1355
71.5356
64.9619
71.1301
64.6829
64.9848
71.6052
72.2229
69.1427
71.2284
69.9401
67.3905
63.9312
69.364
63.3292
71.0241
66.1429
59.7129
64.8561
61.7712
64.0555
68.4811
65.8268
61.1125
66.0082
69.9334
68.9379
72.9266
72.1053
64.5984
66.8978
63.8841
69.9938
65.0743
70.8099
66.849
67.9401
72.9669
52.7043
66.6985
69.07
63.06
68.8502
68.9498
64.9023
72.3703
69.2707
61.4459
63.9439
66.8949
69.6758
69.619
67.6348
68.901
70.5188
59.1556
73.0086
65.7901
72.5959
72.0435
68.9241
64.6537
64.5899
64.721
69.2909
64.8591
70.2049
73.1668
73.2745
68.2818
66.4885
65.1153
61.9183
68.3233
69.6666
57.5807
70.4757
71.3912
69.2491
67.6618
67.8006
66.3971
67.5507
73.1469
69.5931
66.7258
63.5379
61.2556
71.956
68.3612
63.5245
66.645
53.9689
70.7755
69.0954
67.9791
57.6398
71.3675
63.8519
66.6388
71.5419
72.0337
71.8143
71.9349
73.1757
60.5058
66.3565
71.6036
72.1572
69.7353
65.8499
73.2854
70.1204
63.7265
63.8509
62.5044
61.1025
68.8094
69.3304
67.0984
68.8875
72.569
68.016
66.2114
54.8938
68.4774
69.3646
72.1562
72.7304
70.6006
71.9388
69.91
67.4565
68.2389
73.3056
69.9755
65.3798
66.1304
72.2198
68.8717
73.0442
67.24
67.769
59.7563
71.2189
55.4019
57.0463
71.1356
69.8744
71.1465
63.8749
60.8111
72.9082
71.2785
68.4383
69.4217
65.8729
69.7559
65.0069
63.8013
65.6244
67.677
68.4538
66.5557
69.8622
69.3281
72.7173
71.5672
58.566
72.3149
69.0964
72.2708
70.2791
62.9652
67.5711
57.7134
71.2014
51.8253
56.6021
72.0542
66.5168
66.3913
65.1014
72.6008
71.0844
73.1523
73.1312
70.9068
72.3301
59.2637
71.1318
65.6805
62.6681
71.8622
69.5787
68.5907
67.6791
70.0216
71.419
72.8786
55.8218
70.8077
67.5163
71.7338
72.6133
69.977
58.8012
72.1844
71.3943
53.5854
61.398
71.745
70.7715
72.8512
68.6666
72.8698
67.8713
67.3496
64.5302
57.5386
70.5986
67.198
67.7267
69.5195
69.2236
63.8163
68.3133
64.6796
68.9386
72.6141
70.5668
57.0361
64.2119
69.5781
72.8137
62.7136
69.2926
67.1144
63.2314
73.2601
71.7937
69.7961
64.8214
68.0507
64.4857
72.2255
67.3772
72.5244
65.8337
70.7795
66.7548
70.2385
71.6471
70.2186
67.5436
61.5215
72.7795
72.4844
66.5987
71.3864
61.0086
58.3913
73.1053
68.0646
69.0595
69.5177
67.6147
63.4755
68.4606
51.8349
69.3796
71.2713
71.4135
66.1594
67.9657
67.473
72.5299
71.6043
67.9034
68.6951
60.0818
66.6324
64.7081
67.3629
71.4762
61.8338
72.6454
64.789
72.0111
