1.51225
1.84301
2.00839
1.73598
1.75743
1.76527
1.39811
1.75739
1.8155
1.22707
2.01703
1.7288
1.52512
1.92613
1.45037
1.5903
1.46351
1.53298
1.76754
1.52905
1.36871
1.75241
1.2507
1.55009
1.77788
1.98958
1.71831
1.46027
1.41958
1.13499
1.32941
1.51061
1.34754
1.65404
1.671
1.48523
2.01703
1.24983
1.74398
1.3958
1.60909
1.50573
2.01703
1.39032
1.56336
2.01703
1.85687
1.40749
1.79242
1.79628
1.65027
1.39927
1.34955
2.01703
1.70098
1.46174
1.57129
1.58433
1.83429
1.66655
1.37839
1.5498
1.49286
1.73282
1.22833
1.86303
0.917938
1.99656
1.82003
1.39613
1.38242
1.39363
1.68222
2.01703
1.63131
1.67454
1.77526
1.46809
1.71951
1.56406
1.23246
1.52183
1.66603
1.39222
1.78889
1.57669
1.3711
1.73835
1.73077
1.28138
1.92505
1.71453
1.40205
1.77081
1.7703
2.01703
1.47558
1.96368
1.71967
2.01703
1.71669
1.42341
1.89998
1.44946
1.69662
1.42317
1.72767
1.44088
1.44397
1.83919
1.50055
1.58789
1.38837
1.95433
1.75553
1.38377
1.80151
2.01044
2.01703
1.40241
1.48296
1.61561
1.66235
1.17878
1.27553
1.86085
1.63263
1.67147
1.53765
1.50164
1.59284
1.40742
1.21376
1.98074
1.65487
1.9936
1.89006
1.52571
1.68869
1.7802
2.01703
1.5341
2.01703
2.0107
1.78955
1.65186
1.27312
1.43305
1.6511
1.64674
1.48503
1.96443
1.76345
1.81724
1.74448
1.44066
1.80475
1.35256
1.32559
1.76187
1.53397
1.63564
1.79277
1.71266
1.76486
1.67134
1.84292
1.38784
1.39775
1.67441
1.69425
2.01703
1.40276
1.80279
1.10251
1.7091
1.63865
1.43621
1.66712
1.47701
1.47574
1.46053
1.36809
1.50871
1.50963
1.37839
1.30794
1.26666
1.88166
1.60646
1.58348
1.51104
1.53539
1.4854
1.65004
0.876339
1.71674
1.51344
1.90835
1.74333
1.33742
1.7125
2.01666
1.6714
1.46539
1.22653
2.01703
1.56284
1.36262
1.50015
1.90893
1.40126
1.59814
1.88492
1.28768
1.72435
1.58685
1.96311
1.44167
1.70433
1.15295
2.01703
1.48345
1.70739
1.7252
1.09965
1.73829
1.77333
1.53089
1.32503
1.89153
1.45247
0.964119
1.71724
1.20106
1.49512
1.86217
1.84993
1.40342
1.09039
1.59616
2.01703
1.66816
1.76152
2.01703
1.71139
1.54993
1.93934
1.59553
1.84102
1.7945
1.44226
1.33744
1.68756
1.38365
1.9339
1.80664
1.78782
1.7588
1.16959
1.39827
1.71441
1.62076
1.31692
1.39994
1.28496
1.6149
1.51041
1.04506
1.43111
1.6345
1.75302
1.69453
1.82549
1.3785
2.01703
1.5766
1.77876
1.09327
1.44384
1.58857
1.41853
1.29065
1.58033
1.64646
1.81314
1.86931
1.43229
1.67116
1.88315
1.60006
2.01703
1.39995
1.30614
1.36339
2.00912
2.00075
1.79493
1.87145
1.55627
1.24567
1.5349
1.55597
1.59887
1.35717
1.78612
1.47512
1.49976
1.9146
1.66361
1.72824
1.5419
1.90366
1.42068
1.60457
2.01703
1.56749
1.94137
1.69245
1.98828
1.56051
1.70135
1.80995
1.7511
2.01703
2.01703
1.91823
1.67905
1.30844
1.83835
1.42762
1.69793
1.34576
1.94004
1.38549
2.01703
1.6959
1.83988
2.01703
1.53511
1.38651
1.50002
1.64197
1.33967
1.29483
1.61806
1.82543
2.01703
1.59182
1.97214
1.78294
1.66801
1.68826
2.01703
1.19835
2.01607
1.50223
1.52912
1.82373
1.47279
1.85469
1.59797
1.65156
1.57869
1.70336
1.73022
1.68856
1.64244
1.67821
1.41837
1.69174
1.40991
1.30544
1.84398
1.7828
2.01703
2.01703
1.40008
1.62194
1.45339
1.50607
1.1875
1.68379
1.23919
2.01703
1.64966
1.88233
2.01703
1.59119
1.26063
1.8445
1.74677
1.75687
1.40611
1.7309
1.25198
1.35463
1.82613
1.67213
1.62284
1.9386
1.56173
1.55656
1.41554
1.22296
1.66817
2.01703
1.6714
1.37713
1.45035
1.21224
2.01703
1.5835
1.95399
1.84844
1.77871
1.61786
1.67103
1.61459
1.458
1.70606
1.63285
1.68742
1.54159
1.39278
1.93475
1.34182
2.01703
1.32854
1.3635
1.74977
1.80751
1.41865
1.37988
1.96575
1.18335
1.64919
1.97423
1.96598
1.80278
1.44319
1.70625
1.38875
2.01703
1.19439
2.01703
1.51065
1.43673
1.47643
1.45904
1.42
2.01703
1.07083
1.62934
1.44314
1.87873
1.59539
1.55172
1.55562
1.34727
1.36743
2.01703
1.45574
1.9424
1.28234
1.65944
1.82846
1.75691
1.67907
1.36217
1.4328
1.81604
1.42205
1.85737
1.56612
1.57347
1.52437
1.78497
1.37737
1.64828
0.835002
1.90901
1.68397
1.33196
1.78276
1.84341
1.77668
1.30725
1.40549
1.61792
1.44797
1.52884
1.37682
1.37032
2.01703
1.60882
1.25442
1.67326
1.3759
1.27292
1.4505
1.84982
1.84552
1.70145
1.6309
1.80086
1.57882
1.94293
1.62402
1.28481
1.17009
1.4787
1.68501
0.746811
1.28551
1.93154
1.49305
1.62926
1.86757
1.46407
1.92034
1.6447
1.61874
1.70383
1.78321
1.85122
1.71909
1.84462
1.95351
1.74081
1.68462
1.72662
1.42954
1.37927
1.58586
1.3714
1.95238
1.89148
1.40317
1.88303
1.57007
1.40665
1.29001
1.65973
1.43024
1.8231
1.51229
1.56879
1.59727
2.01703
1.52853
1.77611
1.3775
1.74511
2.01703
2.01703
1.54301
1.70381
1.39014
1.40301
1.15865
1.46676
1.72939
1.48701
1.51266
0.93719
1.91002
1.57448
1.1736
1.26362
1.78811
1.63787
1.44372
1.47099
1.2225
1.61521
1.72958
1.90712
1.52858
1.38702
1.49933
1.7647
1.47004
1.62646
1.69303
1.38052
1.33611
1.86321
1.64043
1.7867
1.72976
1.66616
1.76835
2.01703
1.47591
1.68535
1.34597
1.90938
1.50316
1.72683
1.61247
1.81791
1.69158
1.65118
1.72336
2.01703
1.96378
1.38827
1.30265
1.39746
2.01703
2.01703
1.44987
1.51
1.62516
1.35794
1.88693
1.30051
1.51583
1.54689
2.01703
1.85509
1.99103
1.81749
1.37533
2.00493
1.42235
2.01703
1.53254
1.45863
1.99973
2.01703
1.78282
1.4876
1.59542
1.60167
1.15552
1.54264
1.76262
1.23369
1.58029
1.52634
1.31593
1.65572
1.56667
1.41716
1.3923
1.54242
1.83717
1.67064
1.05875
1.70177
2.01703
1.24821
1.60201
1.78083
1.4955
1.31634
1.59705
1.68046
1.4104
1.56887
1.86355
1.72527
1.66047
1.60507
1.43042
1.81331
1.33857
1.57195
1.88277
1.31325
1.82142
1.5996
1.74375
1.63354
1.29421
1.8131
1.50363
1.55373
1.92256
1.21916
1.68391
1.45375
1.65745
1.52788
1.72161
1.1632
1.41111
1.68908
1.42118
1.3684
1.38526
1.24536
1.22953
1.82844
1.4353
1.2201
1.54673
1.57818
1.19875
1.72406
1.73946
1.91867
1.98029
1.65229
1.29094
1.23494
1.20894
1.93375
1.78266
1.68658
1.85478
1.79417
1.90793
1.81082
1.57952
1.80016
1.51018
1.85441
1.79177
1.81427
1.33306
1.61395
1.90878
1.68225
2.01703
1.79953
1.96025
1.29498
1.64248
1.47567
1.41753
1.464
1.8097
1.8909
1.5599
1.53526
1.47805
1.50577
1.25466
1.69763
1.88235
1.67153
1.39931
1.75602
1.75955
1.49161
1.54971
1.80717
1.67502
1.67106
1.33392
1.99813
1.32142
1.35637
1.82249
1.41584
1.40429
1.56238
1.89529
1.37357
1.0291
1.58746
1.51071
1.83562
1.45836
1.87234
1.51343
1.68194
1.80787
1.47121
1.84426
1.32235
1.44352
1.279
1.79326
1.83025
1.70129
1.81129
1.61399
1.48593
1.53717
1.0981
1.53045
1.8061
1.78067
1.1143
1.52235
1.19669
1.8297
1.43878
1.51571
1.44275
1.68958
1.1007
1.82859
1.40993
1.72418
1.74604
1.55935
1.94069
1.49336
1.56574
1.17499
1.51526
1.73838
1.7075
1.57818
1.3077
1.85208
1.6328
1.35366
1.66672
1.87981
1.57151
1.75012
1.31337
1.2553
1.44111
1.76251
1.48104
1.71599
1.39702
1.25068
1.48736
1.45316
2.01703
2.01703
1.33594
1.87611
1.55037
1.7251
1.77608
1.69387
1.56626
1.55969
2.01703
1.62999
1.76785
2.01703
1.52373
1.47969
2.01703
1.5233
1.52416
2.01703
1.81759
1.86327
1.87938
1.6352
1.25436
1.44895
1.48792
2.01703
1.28838
1.50693
1.56777
1.68154
1.43825
1.97896
1.82678
1.07861
1.78123
1.99885
1.83573
1.75839
1.58028
1.75513
0.927073
1.593
1.49925
1.84715
1.67338
1.76815
1.87258
2.01703
1.82216
1.86983
1.92266
2.01131
1.18297
1.5209
1.98462
1.48877
1.4429
1.50966
1.35851
1.86216
1.14377
1.60685
1.82704
1.76745
1.26593
1.89142
1.69504
1.6244
1.40973
2.01703
1.70259
1.28951
2.01703
1.36926
1.76555
1.99416
1.3
1.80222
1.76845
1.79413
1.65108
1.71609
1.78571
1.34597
1.65814
1.59495
1.74188
1.93999
2.01703
1.45073
1.83821
1.23369
1.91034
1.7735
1.24848
1.75993
1.84997
1.70451
1.43215
1.79399
1.51496
1.81988
1.4607
1.69514
1.75963
1.30069
1.91879
1.78037
1.46558
1.27353
1.65843
1.85325
1.62809
1.85043
1.4784
1.78032
1.77168
1.46197
1.52845
1.70874
1.34751
1.59889
1.65843
1.75858
1.3442
1.77397
1.65977
1.66494
1.81635
1.34293
1.73741
1.87754
1.82414
1.6379
1.59316
1.51516
1.86327
1.67122
1.49675
1.56749
1.56549
1.7164
1.61119
1.52256
1.74361
2.01703
1.71484
1.84038
1.78845
1.49064
1.47005
1.16169
2.01703
1.70338
1.653
1.63161
1.75246
1.59069
1.73001
1.67174
1.61981
1.8064
1.72998
1.54708
1.42703
1.55931
1.47581
1.26088
1.77342
1.21199
1.54982
1.65458
1.35281
1.72347
1.64592
1.71615
1.94615
1.65052
1.96414
1.19036
1.50795
1.65211
1.54682
1.69688
2.01703
1.58571
1.7702
1.10913
1.71577
1.68352
1.5599
1.68902
1.33497
1.35487
1.14873
1.80687
1.83878
1.58203
1.85779
1.43746
1.76384
1.44213
1.74618
1.6221
1.60362
1.62187
1.50236
1.75821
1.50519
1.45823
1.4692
1.29969
1.91714
1.64425
1.81227
1.39447
1.66752
1.31042
1.64309
1.4356
1.7029
1.6242
1.84857
1.71863
1.56952
1.75967
1.35077
1.48568
2.01703
1.45173
1.15221
1.4284
1.64723
1.92645
1.8021
1.68987
1.69426
2.01703
1.49245
1.69005
1.44892
1.65432
1.74046
1.78935
1.36996
1.31293
1.59582
1.77821
1.49331
1.48932
1.59717
1.6622
1.38564
1.47468
1.62991
1.88222
1.75664
1.11734
1.64046
1.70944
1.3928
1.79292
1.85122
1.7712
2.01703
1.46942
1.48154
1.36689
1.90795
1.08683
1.0453
1.92625
1.32872
1.82931
1.27881
1.71009
1.72197
1.60755
1.22464
1.52421
1.13669
1.60058
1.65056
1.40894
2.01703
1.44154
1.38396
1.86129
1.13784
1.91263
1.54583
1.71734
1.82049
1.63681
1.31463
1.57087
1.79932
1.77255
1.16905
1.72018
1.52274
1.68422
1.65454
2.01703
1.73571
1.91919
1.7887
2.01703
1.63563
1.84775
1.09095
1.33232
1.80004
2.00341
1.52623
1.70566
1.5619
1.47611
1.51369
1.16338
1.12449
1.9855
1.8608
1.85927
1.17814
1.65557
1.49196
1.48604
1.37528
1.73825
1.72178
1.90009
1.83226
1.6447
1.55094
1.05629
1.37422
1.65827
1.37674
1.42288
1.40597
1.55879
2.01703
1.56577
1.24512
1.87681
1.42578
1.58232
1.37492
1.2844
1.4087
1.51293
1.7318
1.84828
1.61336
1.43704
1.78325
1.48562
1.20995
1.70985
1.27075
1.75425
1.9184
2.01703
1.58223
2.01703
1.39712
1.59751
2.01703
1.55624
1.96426
1.58941
1.82963
1.64337
1.47166
1.88134
1.5453
1.51253
1.56233
2.01703
2.01703
1.80433
1.73235
1.48641
1.78386
1.67148
1.46294
1.21654
1.65073
0.99103
1.80245
2.01703
1.79572
1.66007
1.81845
1.28237
1.81714
1.65476
1.28238
1.53722
1.79478
1.46082
1.21857
1.97203
1.85017
1.41233
1.94867
1.64469
1.80467
1.52727
1.19433
1.62905
1.95478
1.8355
1.61995
1.79895
1.95051
1.66297
1.59822
1.24662
1.47506
1.86166
1.79873
1.38657
1.76671
1.65213
1.53471
1.97907
1.78605
2.01703
1.72515
2.01703
1.30964
1.90597
1.7256
1.82284
1.50424
1.66682
1.72449
1.34771
1.59059
1.39942
1.80008
1.43461
1.55172
2.01703
1.63364
1.91591
1.7042
1.15489
1.58052
1.70973
1.62462
1.2247
1.37959
1.31248
1.99117
2.01703
2.01703
1.49965
1.85019
1.84889
1.80831
1.6711
1.86272
1.50825
1.61223
1.5028
1.49963
1.45133
1.75312
1.25115
1.60758
1.52832
1.50476
1.56422
2.01703
1.42608
1.35947
1.78833
1.14834
2.01703
1.49228
1.56782
1.26143
1.21109
2.01703
1.4622
1.78968
1.41419
1.60534
1.92164
1.55681
1.76867
1.81524
1.27479
1.45558
1.68681
1.23391
1.84448
1.43567
1.68991
2.01703
1.26545
1.6627
1.75727
1.80903
1.72135
2.01703
1.51905
1.47737
1.03663
1.16757
1.98078
1.25355
1.87835
1.41365
1.68822
1.69468
1.78181
1.76425
1.54413
1.53922
1.44211
1.36473
1.49312
1.49738
1.43498
1.8365
1.58045
1.46364
1.25931
1.75714
1.89614
1.4724
1.8464
2.01703
1.80714
1.97073
1.43025
1.66785
1.71459
1.49661
1.45919
1.70661
1.90456
1.42294
1.74301
1.86465
1.56589
1.54136
1.90095
1.56498
1.31187
1.33487
1.21638
1.20144
1.53127
1.55356
1.6493
1.62714
1.77952
1.74441
1.46553
1.69997
1.95248
1.62963
1.35741
1.62032
1.61077
1.71433
1.41556
1.75905
1.6542
1.53967
1.74297
1.59427
1.75903
1.51789
1.61185
1.75678
1.52447
1.6667
1.93636
1.76809
1.84887
1.43924
1.93006
1.59423
1.74142
1.41283
1.72773
2.01703
1.47495
1.18864
1.36102
1.74249
1.67227
2.01703
1.49544
2.01703
2.01703
1.56138
1.50907
1.39787
1.69275
1.45388
2.01703
1.69562
1.61917
1.9967
1.82645
1.83625
1.58094
1.74107
1.65352
1.87589
1.42413
1.52521
1.76368
1.89557
1.42534
1.28233
1.51854
1.87514
2.00758
1.67563
1.31611
1.2158
1.74395
1.89177
1.28643
1.63403
1.83616
1.31408
1.12291
1.50732
1.47544
1.50643
1.13419
1.92738
1.91748
1.47523
1.3593
1.67725
1.56456
1.25789
1.74009
1.5889
1.69719
1.62799
1.96543
1.31541
1.37517
1.48
1.73979
1.99092
1.7564
1.99263
1.92988
1.94547
1.86508
1.56624
1.85069
1.48801
1.58173
1.83378
1.60547
2.01703
1.83106
2.01703
1.67929
1.37743
1.47289
1.5801
1.76875
1.51808
1.85028
1.64856
1.94256
1.48113
1.8325
1.59053
1.99965
1.47975
1.68597
1.63829
1.87947
1.45788
1.23132
1.42125
1.70475
1.59301
1.72437
1.69827
1.66638
1.85972
1.65997
1.81117
1.79742
1.2098
1.40203
1.90068
1.23475
1.73629
2.01703
1.65381
1.37614
1.61044
1.37886
1.76704
1.4267
1.51431
2.01703
1.65299
1.63054
1.61577
1.51312
1.51852
1.74845
1.82871
1.66082
1.86271
1.94704
2.01703
1.34117
1.54028
1.13909
1.39814
1.33437
1.47274
1.55364
1.062
1.83872
1.87914
1.41133
1.81854
1.26724
1.31681
1.48985
1.42231
1.59516
1.2557
1.85889
1.36835
1.62467
1.7745
2.00899
2.01703
1.70919
1.89468
1.96428
1.90354
1.84043
1.33648
1.46945
1.56309
1.35308
1.53419
1.36697
1.53184
1.54288
1.55041
1.47044
1.44199
1.46204
1.59136
2.01703
1.80675
1.41315
1.78092
1.46873
1.63978
1.48118
1.31616
1.45828
1.98393
1.6572
1.74462
2.00205
1.28589
1.40237
1.96852
1.7599
1.76629
1.2318
1.67061
1.67366
1.67072
1.54053
1.61171
1.72307
1.55279
1.83046
1.85134
1.40531
1.19113
0.95601
1.66115
1.2401
1.27917
1.45004
1.16043
1.42735
1.54353
1.92294
1.30134
1.75842
1.27988
1.37368
1.80209
1.84555
1.74346
1.8033
1.99292
1.96254
1.50412
1.28107
1.56292
1.62785
1.11652
1.41338
1.73695
1.88747
1.35917
1.77798
1.82908
1.61853
1.54729
1.62376
1.73578
1.81346
1.56455
1.71033
1.30082
2.01703
1.66403
1.55838
1.4888
1.87443
1.3896
2.01366
2.01703
1.26953
1.50026
1.45506
1.54398
1.48237
1.88359
1.83143
1.53732
1.27281
1.47397
1.6855
1.48359
1.92167
1.31856
1.86475
1.50238
1.4927
1.7777
1.41094
1.39737
1.66727
1.25168
2.01703
1.71444
1.94921
1.72129
1.99529
1.4736
1.59987
1.75203
2.01703
1.60253
1.44696
1.48345
1.61015
1.26238
1.72067
1.10637
1.48809
1.23567
1.3253
1.4886
1.66368
1.52527
1.26396
1.44986
1.58133
1.23124
1.76028
1.71972
1.71462
1.42129
1.50222
1.07157
1.7848
1.3408
1.72811
1.52845
1.5676
1.78631
1.7211
1.70939
1.68787
1.70623
2.01688
1.4238
1.50401
1.83247
2.01703
1.78457
1.74031
2.01703
1.36602
1.7746
1.68778
2.01703
1.41522
1.72117
1.38248
1.72794
1.7819
1.81717
1.15496
1.72929
2.00512
1.63426
1.80765
1.46942
1.74154
1.48034
1.6955
1.53408
1.66637
1.83705
1.44223
1.90235
1.94771
1.51833
1.56187
1.97275
1.17015
1.52517
1.4434
1.66263
1.85923
1.56397
1.89982
1.38396
1.29006
1.54145
1.67859
1.66169
1.20675
1.68334
1.54945
1.62419
1.28909
1.87509
2.01703
1.5419
1.75808
1.09418
1.74822
1.95627
1.90437
1.41073
1.59886
1.89021
1.79475
1.56949
1.52665
1.69544
1.81771
1.62856
1.37819
1.25753
1.49964
1.05762
1.27264
1.25464
1.22339
1.96929
1.54564
1.37716
1.71799
1.75108
1.63664
1.45505
1.92761
1.54381
1.77023
1.65008
1.57513
1.93299
1.23962
1.54006
1.38822
1.33993
1.97208
1.47443
1.72292
1.79038
1.294
1.91713
1.6465
1.02974
1.90236
1.43238
1.30042
1.50948
1.49815
1.55928
1.65076
1.84365
1.50651
1.78098
1.72391
1.95698
1.47811
1.711
1.14714
1.61728
1.85373
1.68954
1.77628
1.4578
1.28061
2.01703
1.76914
1.4978
1.40971
1.74739
1.54792
1.7597
1.49337
1.49114
1.69916
1.78676
1.67401
1.75782
1.78791
1.77408
1.84306
1.48404
1.57223
1.7754
1.65684
2.01703
1.82855
1.3673
1.23056
1.67693
1.50945
2.01703
1.49185
1.79331
1.61411
1.52478
1.42242
1.65954
1.36878
1.69999
1.55396
1.38688
1.73302
1.54794
1.68294
2.01703
1.62664
1.80406
1.79508
1.72993
1.60342
1.66442
1.97965
1.22943
1.45928
1.49313
1.80077
2.01703
1.88928
1.18875
1.1024
1.58724
1.3293
1.67169
1.97271
1.85245
1.5164
1.87682
1.25856
1.73048
1.62505
2.01703
1.44776
1.06901
1.51649
1.5782
1.42738
1.52729
1.55399
1.63189
1.70348
2.00268
1.7422
1.67068
1.74453
1.32679
1.7466
2.01703
1.80543
1.73077
1.53833
1.59144
1.5772
1.80635
1.73452
1.55555
1.63223
1.28809
1.46105
1.69256
1.31199
1.93749
2.01703
1.74303
1.59407
2.01703
1.84341
1.4523
1.42949
1.56673
1.76299
2.01703
1.43211
2.01703
1.38732
1.66101
1.64645
1.36304
1.65251
1.60766
1.54226
1.77536
1.60401
1.85628
1.40867
1.42764
0.837641
1.77491
1.36727
1.5147
1.61067
1.29074
1.12184
1.94684
1.72888
1.51813
1.88776
1.50285
1.42398
1.38832
1.55134
1.25346
1.59969
1.82831
1.87684
1.7489
1.73036
1.84784
1.38713
1.70219
1.63697
1.40505
1.84572
1.45437
1.99074
1.46716
1.80714
1.7442
1.63149
1.75707
1.77602
1.52307
1.46969
1.7768
1.59982
1.95077
1.53906
1.43105
1.49655
1.59782
1.88266
1.55655
1.71661
1.9714
1.17621
2.01703
1.732
1.61634
1.16903
1.87169
1.10429
1.97335
1.99977
1.5488
1.82737
1.80429
1.15659
1.24052
1.22393
1.58556
1.4591
1.88244
1.4913
1.18201
1.69649
1.56555
1.89317
1.59308
1.17908
1.81985
1.85532
1.84818
1.79413
1.84255
1.47216
1.67246
1.54651
1.62483
1.68017
1.82126
1.78985
1.71927
1.60991
2.01703
1.71295
1.65556
1.56852
1.10677
1.75475
1.52709
0.969811
1.85323
1.58522
1.02303
1.52037
1.51104
1.42648
1.53259
1.387
1.94236
1.3179
1.47899
1.87673
1.7607
1.57096
1.90996
1.35115
1.8015
1.67449
1.89616
1.40245
1.7801
1.81217
2.01703
1.46942
1.52526
1.26238
1.55014
1.72023
1.53789
1.37091
1.66017
1.50296
1.36045
1.81686
1.29086
1.62304
1.96396
1.39113
1.22215
1.66903
1.39012
1.11171
1.17628
1.42772
1.65334
1.57062
1.79647
1.89757
1.74174
1.56213
1.69223
1.74989
1.29085
1.92825
1.79861
1.56918
1.37526
2.01703
1.30501
2.00086
1.52172
1.53214
1.49458
1.94477
1.49322
1.66639
1.46537
1.32142
1.68869
2.01703
1.71142
2.01703
1.54999
1.89898
1.88168
1.52659
1.98119
1.63098
2.01703
1.66845
1.56962
1.28501
1.71533
1.60245
1.74508
1.74636
1.64819
1.53636
1.54183
1.40444
1.31797
1.53755
1.9542
1.68005
1.8053
1.78146
1.39219
2.01703
1.38647
1.58474
1.68064
1.82109
1.51673
1.74455
1.7671
1.17798
1.94919
1.22239
1.47213
1.2884
1.53479
1.64388
1.69322
1.35583
1.27644
2.01703
1.76659
1.50847
1.46999
1.46974
2.01703
1.64321
1.52251
1.41015
1.00963
1.42109
1.18222
1.69631
1.27849
1.63609
1.59131
1.5292
1.36252
1.89271
1.65594
1.53656
2.01703
1.59167
1.83043
1.63315
1.97237
1.48848
1.48052
1.78741
1.44546
1.46028
1.77602
1.4813
1.55734
1.14024
1.14214
1.6494
1.62756
1.70882
1.68885
1.95908
1.48421
1.74948
1.65681
1.7579
1.80593
1.58171
1.80114
1.69074
1.12072
1.41544
1.47912
1.94233
1.72884
1.74715
1.53846
2.01703
1.71877
1.49974
1.89674
1.92711
1.87263
1.72426
2.01703
1.42262
1.90991
1.48185
1.6319
1.96197
1.5165
1.66504
1.84917
1.34128
1.26653
2.01703
1.43253
1.60777
1.54095
1.40686
1.62765
1.46655
1.47182
1.59156
1.99695
1.44705
1.37767
1.90559
1.27371
1.57122
1.26055
1.65656
1.78606
1.21817
1.69223
1.69593
1.87184
1.67352
1.36157
1.60694
1.11382
1.50095
1.15694
1.64958
1.86113
1.4343
2.01703
1.63748
1.65656
1.50965
1.50472
1.74807
1.54884
1.41481
1.40196
1.62545
1.69931
1.58296
1.4725
1.66398
1.68359
1.74643
1.5759
1.87586
1.7504
1.86973
1.42509
1.61017
1.6853
1.66416
1.6594
1.52352
1.82871
2.01703
1.62861
1.67396
1.93475
1.86774
1.55799
1.13427
1.75866
1.47429
2.01703
1.3994
2.01703
2.01703
1.60794
1.74324
1.62446
1.15395
2.01703
1.81928
1.67467
1.41056
1.07763
1.49472
1.79339
2.01703
1.64177
1.87629
1.68639
1.58996
1.27425
1.47483
1.41507
1.74369
2.01703
1.73247
1.40494
1.68938
1.25387
1.67719
1.30063
1.85537
2.01703
1.53427
1.60595
1.76264
1.87062
1.58273
1.55324
2.00288
1.80146
1.72196
1.51302
1.63016
1.56889
1.66734
1.39432
1.35215
1.89665
1.52679
1.50717
1.6291
1.35626
1.17187
1.25808
1.44567
1.85453
1.95805
1.48686
2.01703
1.2757
1.82454
1.66451
1.96344
1.4454
1.9321
1.50577
1.68102
1.50616
1.53609
1.68031
2.01703
1.83547
2.01703
1.33194
1.55245
1.41051
1.55529
1.04386
1.85699
1.5078
1.94072
1.9026
1.45851
1.34477
1.54296
1.46628
1.82399
1.84075
1.95076
1.73269
1.40823
1.66985
2.01703
1.604
1.43635
1.61925
1.34306
1.41632
1.83852
1.50845
1.2183
1.9372
1.79273
1.89105
1.88091
1.4961
1.17153
1.71425
1.68668
1.52592
1.39335
1.57218
1.74473
1.63829
1.57661
1.52102
1.79902
1.65454
1.65117
1.57974
1.80703
1.9906
1.57484
1.69009
2.01703
1.72814
1.24343
1.69438
1.65722
1.72031
1.32955
1.21188
1.67367
1.77448
1.55228
1.73049
1.06206
1.64508
1.33012
1.77221
1.9874
1.71154
1.45553
1.91513
1.36642
1.79349
1.82234
1.98867
1.97729
1.45757
1.92953
1.372
1.40681
1.9718
1.65539
1.16824
1.48242
1.3649
2.01703
1.45661
1.6657
1.86482
1.43713
1.58087
2.01703
1.69965
1.55555
1.92092
1.64333
1.29459
2.01703
1.45164
1.85102
1.51249
2.01703
1.3555
1.41116
1.33753
1.65485
1.50304
1.60476
1.80725
1.75618
1.37251
1.74487
1.90521
1.52049
1.81159
1.63518
1.68325
1.63873
1.51059
1.6188
2.00877
1.50841
1.93813
1.74945
1.59036
1.88472
1.53258
1.41437
1.00601
1.91977
1.68449
2.01703
1.47698
1.70993
1.61581
1.55616
1.36599
1.41709
1.52364
1.11237
1.72035
1.58229
1.70637
1.99614
1.74858
1.7091
1.76174
1.79622
1.74895
1.3305
1.97862
1.3652
1.46001
1.99094
1.2145
1.8162
1.43193
1.48092
1.18058
1.5807
1.44275
1.24956
1.69385
1.62522
1.3056
1.6292
1.77501
1.52266
1.75683
1.55466
1.58765
1.31495
1.53615
1.60528
1.84646
1.5763
1.21236
1.83723
1.7984
1.74243
1.90935
1.74097
1.68762
1.64363
1.35683
1.4127
1.53779
1.43398
1.5838
1.65947
1.37837
1.40239
1.67703
1.43952
1.50322
1.53602
1.57148
1.68191
1.58342
1.39649
2.01703
1.84112
1.10646
1.84801
1.38928
1.84244
1.57272
1.36806
1.91083
1.55812
1.36135
1.80302
1.68575
1.51031
1.83099
1.69323
2.00197
1.67371
1.41792
1.27966
1.37558
1.45206
1.62216
1.56446
1.40023
1.4087
1.67403
1.76243
1.75341
1.60707
2.01703
1.82405
1.76462
1.43386
1.44953
1.75229
1.41599
1.96362
1.79062
1.82265
1.51107
1.85125
1.59931
1.78281
1.76419
1.71007
1.27375
2.01703
2.01703
1.51346
1.47913
1.98687
1.60416
1.85294
1.78318
1.79152
1.4477
1.5842
1.98384
1.90567
1.53523
1.81824
1.42538
1.46789
1.72985
1.68333
2.01703
2.01703
1.34954
1.64148
1.74439
1.64964
1.63658
1.67371
1.44702
1.57364
2.01703
1.12229
1.58861
1.40363
1.75123
1.4542
1.79758
1.3966
2.01703
1.51884
1.68069
1.46351
1.85813
1.66447
2.01703
1.57207
1.656
1.74409
1.23386
1.59597
1.88959
1.81839
1.60323
1.7272
1.25391
1.38236
1.42217
1.79307
1.39574
1.51452
1.41441
1.38151
1.32222
1.76478
1.85517
1.37107
1.57903
1.0633
2.01703
1.78175
1.85512
1.6799
1.34505
1.50439
1.46711
1.62556
1.58436
1.9758
1.92089
1.69993
1.41155
1.49652
1.54339
1.62715
2.01703
1.60467
1.84867
1.34803
1.4655
1.19191
1.57486
1.45871
1.97565
1.53749
1.46048
0.839776
2.00846
1.67874
1.63767
1.57651
1.5814
1.1351
1.58988
1.58032
1.27652
1.47066
1.27564
1.33824
1.52136
1.25794
1.41755
1.4393
1.70811
1.84881
1.19953
1.31196
1.31581
1.45333
1.12889
1.65253
1.54515
1.47272
1.76562
1.66914
1.63111
1.45222
1.45947
1.02899
1.49832
1.55839
2.01703
1.19352
1.46261
1.22373
1.27027
1.48912
1.61735
1.72088
1.29274
1.57335
1.43853
1.5229
1.61472
1.75432
1.78376
1.79926
1.90649
1.33963
1.52554
1.89987
1.1144
1.40966
1.32653
1.8011
1.64711
1.6332
1.77777
1.61371
1.52383
1.77616
1.61605
1.38623
1.56391
1.45698
1.30553
1.51144
1.57668
1.51786
1.79377
1.9266
1.5495
1.99629
1.62412
1.67167
1.40462
1.7664
1.67476
1.03808
1.44277
1.57251
1.61652
1.39563
1.55634
1.77877
1.52359
1.62576
1.69442
1.37144
1.87222
1.75223
1.86063
1.64729
1.31754
1.93256
1.83002
1.24155
1.97415
1.9391
1.57273
1.11571
1.71218
1.62628
1.62682
1.68923
1.76217
1.42085
1.52212
1.76806
1.50412
1.38746
1.26658
1.81765
1.96142
1.30813
1.69168
1.3683
1.74678
1.72132
1.92681
1.65697
2.01703
1.81708
1.68759
1.50158
1.56751
1.46853
1.36574
1.36544
1.31605
1.64277
0.962635
1.61132
1.77951
1.57162
2.01703
1.69921
1.56328
1.6681
1.8437
1.33454
1.43623
1.34099
1.41253
1.4072
2.01703
1.57319
1.76192
1.66168
2.01703
1.84742
1.5835
1.56422
1.23886
1.72747
1.72368
1.72647
1.24463
1.45084
1.42216
1.68158
1.32632
1.8863
1.95888
1.56174
1.49654
1.84675
1.81562
1.74608
1.71328
1.75358
1.58316
1.57071
1.78028
1.23396
1.32796
1.84664
1.702
1.43701
1.2896
1.89174
1.86385
1.44211
1.57808
1.77706
1.54993
1.25561
1.81416
1.3725
1.61587
1.22325
1.50802
1.36893
1.87265
1.75926
1.42936
1.32006
1.69457
1.53645
2.01703
1.68034
1.64464
1.56625
1.75831
1.26016
1.68773
1.87674
1.75983
1.78868
1.65786
1.92619
1.84098
1.68913
1.62581
1.4078
1.80805
1.53276
1.50006
1.4199
1.69954
1.82736
1.48566
1.18113
1.88735
1.57627
1.62707
1.82804
1.59174
1.40648
1.5301
1.40984
1.92381
1.81486
1.89764
1.16418
1.68972
1.25131
1.41799
1.36173
1.58785
1.36236
1.56809
1.50939
1.88216
1.46414
1.73619
1.64795
1.5905
2.01703
1.50203
1.52208
1.41415
2.01703
1.9229
1.8195
1.44467
0.954145
1.55855
1.68456
1.74881
1.70829
1.12247
2.01703
1.54386
1.86271
1.25853
1.62147
1.73922
1.6299
1.39504
2.01703
1.45244
1.75386
1.23451
1.49602
1.96913
1.54581
1.75872
1.89177
1.43105
1.66025
1.46379
1.5126
1.72771
1.21987
1.90667
1.43501
1.58426
1.68705
1.42086
1.67406
1.59198
1.83996
1.31872
1.29254
1.43638
1.50905
1.69436
1.90705
1.21163
1.47899
1.51039
2.01703
1.17056
1.28665
2.01703
1.65241
1.7489
1.42001
1.64534
1.74059
1.1984
1.48965
1.55022
2.01703
1.44964
1.83042
1.40161
1.64534
1.25228
1.53125
1.61159
1.22906
1.92806
1.56185
1.67065
1.75728
1.66136
1.80236
2.01703
1.5583
1.66419
1.84401
1.55255
1.70548
1.88677
1.99139
1.41548
1.53825
1.40723
1.25776
1.3582
1.77248
1.58927
1.86192
1.56489
1.80387
1.63676
1.76737
1.35371
1.35892
2.01703
1.35194
1.29014
1.71399
1.67158
1.53077
1.73319
1.4682
1.73768
1.33285
1.86248
1.81368
2.01703
1.90566
1.5034
1.66354
1.62903
1.15854
1.39514
1.30529
1.88153
1.92317
1.84211
1.61634
2.01703
1.24087
1.53139
1.55906
1.91482
2.01703
1.08171
1.60315
1.59203
1.84233
1.6892
1.75052
1.56537
1.74298
1.97571
1.78054
1.66334
1.99454
1.30056
1.29814
1.93106
1.82848
1.49305
1.89241
1.62192
1.94635
1.87119
1.59324
1.45758
1.6796
1.95393
1.62182
1.54579
1.88866
1.99653
1.98532
1.54261
1.50149
1.37402
1.96634
1.81479
1.82244
1.74065
1.96476
1.71097
1.56903
2.01703
1.91272
1.50409
1.70999
1.9283
1.51163
1.75369
1.32097
1.73386
1.9514
1.25024
1.30203
1.3896
1.84013
2.01703
2.01703
2.01703
1.50145
1.44618
2.01703
1.77127
1.43472
1.63692
1.62338
1.78693
2.01703
1.19366
1.81367
1.23639
1.03602
1.73814
2.01703
1.23941
0.93003
1.76556
1.79573
2.01703
1.98099
1.38916
1.81598
1.52659
1.63173
1.76589
2.01703
1.8456
1.29123
1.7569
1.70196
1.65705
1.52201
1.81379
1.79898
1.0739
2.01703
1.77892
1.71602
1.76446
1.56432
2.01703
1.63177
1.62759
1.47155
1.7743
1.1588
1.66636
1.8761
0.89575
2.01703
1.7367
1.08221
1.67673
1.70664
1.9273
1.69054
1.61821
1.16489
1.46407
1.70784
1.84073
1.43974
1.63626
1.93558
1.62852
1.37473
1.42962
1.68463
1.6628
1.94191
1.41292
1.80208
1.88462
1.53794
1.73784
1.43085
1.78049
2.01309
1.4113
1.93609
1.4985
1.8534
1.57671
1.27104
1.53858
1.45136
1.59159
1.52503
1.2573
1.42932
2.00237
1.54679
1.35412
1.51637
1.76706
1.9524
1.73074
1.67388
1.50005
1.54705
1.11669
1.64431
1.83363
1.78374
1.9568
1.43569
1.54908
1.84431
1.5526
1.28253
1.17444
1.73455
1.13703
1.67614
1.90487
1.55308
1.55727
1.6038
2.01414
1.24822
1.95869
1.44355
1.76204
1.2778
1.70139
1.53707
1.65762
1.21963
1.42609
1.62474
1.73254
1.1925
1.08363
1.76896
1.40494
1.70444
1.43023
1.59557
1.40588
1.42082
1.23356
2.01703
1.63754
1.78775
1.83398
1.43939
2.01703
1.30681
1.90454
1.58011
1.51056
1.74067
1.53456
1.98673
1.90582
1.59087
1.59592
1.01858
1.17142
1.71179
1.56317
1.9698
1.43036
1.87283
1.11516
1.51775
1.43378
1.73295
1.51452
1.40964
1.2517
1.48588
1.53041
1.28658
1.73087
1.44664
1.56053
1.83408
1.64414
2.01703
1.6142
1.57936
1.5899
1.60637
1.62131
1.7587
1.82347
1.55244
1.89203
1.56312
1.94685
1.27755
1.89379
1.20596
2.01703
1.50784
2.01703
1.30117
1.94149
2.01703
1.61292
2.01703
1.78986
2.01703
1.72668
1.44395
1.49914
1.07427
1.05753
1.32186
1.64175
1.50205
1.75602
1.74871
1.69483
1.69784
1.78772
1.54422
1.70041
1.94613
1.66264
1.55674
1.32526
1.52199
1.73863
1.53449
2.01703
1.77147
1.82375
1.4312
1.8535
1.44924
1.72777
1.60305
1.48971
1.23319
1.69941
1.55153
1.59249
2.01703
1.91367
1.68348
1.31439
2.01703
1.12882
1.55943
1.54447
1.51214
1.71101
1.64305
1.29196
1.79859
1.78267
1.71797
1.38013
1.20503
1.48421
1.48647
1.67107
1.79274
1.61137
1.18879
1.77349
1.20311
1.5549
1.75549
1.9839
1.7516
1.52673
1.69625
1.72656
1.55116
1.2034
1.66131
1.42597
1.32471
1.08433
1.52251
1.72969
2.01703
1.55341
1.59924
1.4068
1.4504
1.40825
1.339
1.51039
1.28754
1.76046
1.27651
1.35331
1.53559
1.94896
1.71339
1.51735
1.69943
1.7489
2.01703
1.71824
2.01703
1.40996
1.42743
1.52369
1.557
1.51818
1.87696
0.878017
1.59665
1.47709
1.71993
1.51832
1.70255
1.72497
1.5989
1.27903
1.68413
1.51412
1.81302
1.42431
1.71656
1.91034
1.47977
1.95888
1.8662
1.54594
1.61746
1.82492
1.57763
1.68265
1.67528
1.1674
1.95555
1.64954
1.73667
1.47984
1.52708
1.33014
1.76228
1.38969
1.22867
1.32176
1.57737
1.45698
1.5987
1.83551
1.7447
2.01703
1.42091
1.49911
1.85881
1.83911
1.50057
1.74923
2.01703
1.48526
1.69469
1.62908
1.85587
1.58604
1.60508
1.73244
1.68833
1.40904
1.38984
1.62639
1.71273
1.48701
1.46258
1.73143
1.71064
2.01703
1.70507
1.35122
1.64661
1.2403
1.84821
1.44907
1.59042
1.2042
1.83587
1.61952
1.42101
1.80045
1.66503
1.64803
1.89403
1.86821
1.05781
1.59067
1.2854
1.59462
1.5192
1.69165
1.77184
1.49348
1.47728
1.67457
1.09996
2.01125
1.88581
1.70881
1.87042
1.57365
1.87013
1.37485
1.50203
2.01703
1.58984
1.51965
1.92436
1.59668
1.5042
2.00485
1.87545
1.48621
1.77343
1.6265
1.35151
1.724
1.86625
1.65298
1.72583
1.90661
1.32449
1.70154
1.60274
1.57989
2.01703
2.01703
1.66235
1.43519
1.67065
1.76502
1.50114
1.1626
1.59026
1.57686
1.64325
1.94714
1.20195
1.32933
2.01703
1.94631
1.63945
1.89315
2.01703
1.56888
1.83763
1.73122
2.01402
1.43493
1.61825
1.75805
1.52917
1.71604
2.01703
1.40843
1.61618
1.56463
1.90767
1.70387
1.66484
1.56121
2.01703
1.4707
1.46984
1.36423
1.78924
1.94516
1.83775
1.60339
1.25074
2.01703
1.58912
1.33421
2.01703
1.68496
1.23762
1.66591
1.87165
1.91401
1.39596
1.9203
1.5491
1.39159
1.3575
1.27245
1.78244
1.63015
2.01703
1.5262
1.76352
1.83418
1.65424
1.80157
1.86521
1.68
1.19568
1.70309
1.42017
1.22713
1.57474
1.85822
1.93172
1.31424
1.09422
1.26777
1.50312
1.80128
1.82212
1.14477
1.76719
1.45466
1.33651
1.5159
1.87626
1.23355
1.73599
1.49589
1.92333
1.94696
1.67075
1.5503
1.54978
2.01703
1.59185
1.6029
0.848861
1.19573
1.48088
1.99589
1.72019
1.71787
1.52285
1.67859
1.56108
1.41367
1.75159
1.8529
1.54132
1.72964
1.98271
1.90951
1.27021
1.26995
1.05845
1.47448
1.47733
2.01315
1.32239
1.88257
1.62658
1.77774
1.7054
1.49489
1.9994
1.6378
1.16726
1.70602
0.995109
1.65943
1.91244
1.29291
1.61089
1.82321
1.32032
1.71651
1.84298
1.46094
1.95002
1.76187
2.01703
1.3024
1.66951
1.85477
1.50799
1.64026
1.8859
1.7663
1.41475
1.98583
1.5686
1.4657
1.59729
1.83635
1.20467
1.37554
1.21195
1.99488
1.43256
1.7782
1.79991
1.90347
1.66173
1.55585
1.45219
1.42955
1.07042
2.01703
1.75023
1.41768
1.69527
1.44659
1.80122
1.67515
1.94536
1.85042
1.96286
1.7338
1.6454
1.83316
2.01703
1.49823
1.50122
1.5663
1.60291
1.58358
1.89754
1.57355
1.54105
1.41008
1.22543
1.59344
1.5996
1.71885
1.99097
2.00696
1.53065
1.30125
1.50949
1.58551
2.0156
1.60576
1.31347
1.5719
2.01703
1.16845
1.57944
1.39187
1.90438
1.72484
2.01703
1.52696
1.81165
1.88219
1.65219
1.4635
1.49546
1.98652
2.01703
1.4026
1.45106
1.47912
1.64741
1.74236
1.51416
1.3088
1.61654
2.00329
1.70973
1.59711
1.20138
1.80825
1.75103
1.90491
1.50141
1.72745
1.9749
1.25823
1.65739
1.65267
1.63611
1.0521
1.94148
1.31797
1.95528
1.73821
1.4833
1.83913
1.85291
1.56406
1.56308
1.90497
1.35547
2.01703
1.25818
1.88989
2.01703
2.01703
1.71322
1.59762
1.63554
1.70668
1.57564
1.66905
1.85391
1.01762
1.6776
1.50679
1.67606
1.81705
1.62885
1.53278
1.39276
1.42715
1.74206
1.50018
1.65788
1.80083
1.89216
1.4886
2.01703
1.59682
1.73696
1.50997
1.59471
1.82686
1.27507
1.95788
1.61349
1.62397
1.52577
1.75302
1.33446
1.62036
1.51978
1.70402
1.51518
1.62714
1.77485
1.2674
1.47576
1.72206
1.33566
1.44127
1.31646
1.37521
1.43446
1.39485
1.54014
1.76503
1.62212
1.84246
1.76854
1.56392
1.41399
1.86972
1.63106
2.01703
1.73156
1.55531
1.58398
1.5839
1.71483
1.89436
1.32412
1.79435
1.67083
1.3815
1.607
2.01703
1.56598
1.49927
1.52735
2.01703
1.48108
2.01703
1.66534
1.77858
1.30623
1.8383
1.87812
1.53469
1.49016
1.56818
1.40394
1.39833
1.53614
1.42023
1.90061
1.9566
1.59309
2.01703
1.65295
1.69215
1.77395
1.56364
1.39042
1.71373
2.01703
1.57797
1.61087
1.92506
0.96622
1.37677
1.72306
1.57937
1.52002
1.42066
1.29106
2.01703
1.49821
1.75836
1.89954
2.01703
1.23534
1.4519
1.31439
1.49226
1.61332
1.71359
1.69464
1.44625
1.90977
1.85648
1.81147
1.54503
1.12411
2.01703
1.47392
2.01703
1.8933
1.40948
1.64065
1.82315
2.01703
1.64528
1.95295
1.78077
1.76303
1.76052
1.54518
1.44578
1.80732
1.47025
1.7939
1.85476
1.70769
1.62746
1.521
1.58625
1.70332
1.57147
1.98461
1.48821
1.47195
1.70446
1.51049
1.80216
1.74915
1.57243
1.49996
1.67788
1.66705
1.18645
1.75056
1.55826
1.73864
1.25378
1.40115
1.24678
1.65388
1.64764
1.94697
1.62692
1.86359
1.72423
1.55792
1.62542
1.5044
1.56262
1.96174
1.81164
1.73111
1.44449
1.37489
1.4653
1.85656
1.67651
1.52789
1.451
1.32699
1.49941
1.8297
1.34667
1.84508
1.83748
1.39027
1.69567
1.52066
1.69713
1.65109
1.92968
1.62569
1.75714
1.44729
1.78976
1.324
1.89372
1.97743
1.53309
1.56812
1.67442
1.35442
1.72893
1.39248
1.19095
1.64733
1.48156
2.01703
1.60165
1.72794
1.75612
1.82835
1.85358
1.65883
1.7882
1.6141
1.20699
1.30575
1.98494
1.34754
1.26757
2.01703
1.42582
1.85115
2.01703
1.54536
1.40181
1.7592
1.65158
1.66461
1.73165
1.75439
1.45847
1.88314
1.2625
1.70126
1.40529
1.61062
1.77407
1.50486
1.6698
1.61528
1.53703
1.36816
1.48531
1.43769
1.70478
1.13839
1.37292
2.01703
1.49384
1.45
2.01703
1.9467
1.91228
2.0112
1.75297
1.56471
1.21797
1.73525
1.75647
1.49235
1.45168
1.70712
1.56286
1.54859
2.01703
1.33834
2.01703
1.52939
1.57632
1.65899
1.53286
1.57665
1.49881
1.57934
1.49608
1.81093
1.49127
1.8548
1.6474
1.75487
1.56697
1.47659
1.41933
1.41499
1.54242
1.65324
1.36133
1.83743
1.65533
1.5052
1.652
1.64297
2.01703
1.5531
1.45916
1.25036
1.87859
1.63723
1.62907
2.01703
0.982663
1.73635
1.81451
1.87758
1.39662
1.01364
1.84765
1.53793
1.77338
1.27552
1.25362
1.64442
1.67602
1.4323
2.01703
1.72013
1.31824
1.38686
1.66763
1.32303
1.38752
1.37912
2.01703
1.63272
1.8753
1.96387
1.15164
1.40402
1.63965
1.71156
1.86875
1.93601
1.49659
1.9445
1.34998
1.53114
1.58378
1.38999
2.01703
1.62872
1.72043
1.37187
1.64457
1.63738
1.77076
1.51041
1.66256
1.04836
1.24774
1.90151
1.65001
1.41853
1.44678
1.5275
1.54737
1.55781
1.62644
1.88687
1.55658
1.68928
1.65152
1.51862
1.28631
1.92216
1.97803
1.26927
1.80898
1.99416
2.01703
1.50014
1.27006
1.61044
1.60272
1.45606
1.40249
1.71116
1.34352
1.53966
1.65147
1.5189
1.69032
2.00297
1.53906
1.6739
2.01703
1.46955
1.70329
1.83577
1.69049
1.93066
1.82206
2.01703
1.8427
1.60775
1.49671
1.36688
1.85746
1.83049
1.59581
1.80099
1.63487
2.01703
1.74961
1.80568
1.78357
1.88212
1.69639
1.87508
1.87544
1.67037
1.22053
1.83694
1.62202
1.966
1.63075
1.69411
1.54039
1.65444
1.63482
1.99256
1.61994
1.81371
1.5938
1.64424
1.56714
1.92316
1.42213
1.81612
1.76628
1.9863
1.81789
1.97643
1.84679
1.71023
1.63138
1.13568
2.01703
1.38229
2.01703
1.5333
1.83323
1.71062
1.70149
1.85095
1.67011
1.6296
1.55942
1.58542
1.80565
1.74978
1.6151
1.83415
1.47098
1.50884
1.48248
1.56925
1.44759
1.87739
1.42158
1.51164
1.72768
1.27375
2.01703
1.7307
1.56735
1.73165
1.68569
1.21023
1.30077
1.75042
1.65163
1.64737
1.7876
1.26004
1.4747
1.47817
1.90977
1.80647
1.25646
1.39948
1.42573
0.71047
1.51823
1.89214
1.83664
1.79295
1.4884
1.84196
1.61263
1.77811
1.74111
1.75456
2.01703
1.71032
2.01257
2.01703
1.54081
1.25157
1.89754
1.64578
1.48971
1.55891
2.01703
1.55149
1.24022
1.63843
1.69792
1.78303
1.76936
2.01703
1.81422
1.32654
1.41086
1.83692
1.35252
1.57596
1.57458
1.5826
1.47429
1.67905
1.17628
1.77003
1.59321
1.62059
1.56282
1.66439
1.83119
1.82217
1.66398
1.69816
1.71016
2.01703
1.99355
1.69812
1.96751
1.26244
1.6404
1.9495
1.62035
1.92948
1.62929
1.98169
1.47134
1.91235
1.53194
1.95121
1.26152
1.46756
1.54842
1.77896
1.05058
1.53683
1.85272
2.01703
1.46062
1.45693
1.49866
1.67412
1.36506
1.80559
2.01703
1.17884
1.4288
1.1936
1.79896
1.74602
1.19217
1.26011
1.45767
1.8416
1.63835
1.29835
1.6007
1.79954
1.62624
1.25665
1.28017
1.95619
1.58412
1.89743
1.97889
1.49994
2.01703
1.65683
1.60331
2.01703
1.57933
1.44142
1.42635
2.00795
1.35887
1.3097
1.55348
1.75108
1.64522
1.10093
1.37081
1.88401
1.55601
1.43949
1.45015
1.16502
1.73723
1.62358
1.5645
1.42022
1.314
1.73674
1.64054
1.8505
2.00918
1.58478
1.70132
1.41385
1.4222
1.59733
1.55634
1.67773
1.65047
1.61184
1.13451
1.0068
1.73483
1.32261
1.41772
1.18664
1.71442
1.20974
1.36707
1.75796
2.01703
1.41887
1.76081
1.96403
1.24502
1.53006
1.08997
1.5035
1.71405
1.34843
1.38669
1.71102
1.7894
1.6359
1.74725
2.01703
1.51912
1.43763
1.15627
1.98725
1.44825
1.64265
1.945
1.61648
1.89189
1.41492
1.8243
1.32404
1.49755
1.77217
1.65397
2.01703
1.64839
1.66472
1.32774
1.48253
1.26565
1.75069
1.81412
1.88594
1.38712
1.89278
1.68363
2.01703
1.63931
1.59649
1.6582
1.58741
1.37219
1.72149
1.51853
1.60622
1.18263
1.91532
1.61915
1.74089
2.01703
2.01703
1.83525
1.52003
1.93049
1.81771
1.50669
1.51159
1.7574
1.21564
1.78887
1.71817
1.63164
1.7471
1.48744
1.5111
1.32236
1.51281
1.30651
1.55553
1.55075
1.86119
1.51594
1.81432
1.1691
1.86995
1.92468
1.62659
1.5795
1.78809
1.88859
1.58939
1.75226
1.81433
1.68423
1.46784
1.55807
1.45576
1.4688
2.01703
1.4976
1.76473
1.45935
1.60611
1.7116
1.56636
1.50508
1.75033
1.78445
2.01703
1.24723
1.53076
1.48761
1.27815
1.54366
1.91582
1.48688
1.63033
2.01703
1.77232
1.60906
0.845177
2.01703
1.36666
1.57103
1.79586
1.47537
1.87616
1.30914
1.63693
1.54002
1.13424
1.67148
1.31135
1.54497
1.58312
1.22398
1.76064
1.63409
1.4927
1.60676
1.59308
1.78855
1.71227
1.55045
1.47403
1.56595
1.52319
1.39781
1.42733
1.42982
1.34306
2.01703
1.96124
1.50662
1.63485
1.68514
1.88091
1.07441
1.87748
1.74038
1.83625
1.54668
1.64216
1.5182
1.70463
1.12685
1.99244
1.5995
1.87891
1.57102
2.01703
1.57076
1.83255
1.40379
1.70983
1.76748
1.5446
1.79113
1.80933
2.01703
1.40543
1.39026
1.75634
1.60888
1.66145
1.5899
1.93062
1.65295
1.39747
1.59116
1.84296
1.97816
1.46135
1.5258
1.30283
1.42863
1.47683
2.01703
2.01703
1.47362
1.63213
1.60993
1.60643
1.59262
1.72744
1.23965
1.45643
1.75218
1.71551
1.69752
1.89427
1.75018
1.64609
1.56997
1.92454
1.52781
1.34446
1.30824
1.81384
1.41524
1.34359
1.67742
1.78055
1.40267
1.73482
1.45861
2.01703
1.25526
1.37597
1.84989
1.25745
1.56991
0.998579
1.63841
1.88991
1.65513
1.63416
2.01365
1.66926
1.40742
1.68919
1.63533
1.9046
1.74767
1.46731
1.89549
1.53896
1.44184
2.01703
1.85042
1.61681
1.62482
1.49273
1.68988
1.8905
1.50407
1.30051
1.59463
1.50035
1.72587
1.99807
1.87274
1.73318
1.54849
1.59989
1.83861
1.62154
1.87904
1.15169
1.28986
1.65034
1.744
1.79126
1.65342
1.47453
1.64339
1.67967
1.58882
1.76308
1.21755
1.86247
1.29966
1.47637
1.45397
1.41067
1.6929
1.37495
1.37003
1.77742
1.73504
1.74373
1.82471
1.48651
1.29482
1.34536
1.87181
1.43523
1.61584
1.42846
1.15687
1.59929
1.97423
1.46114
1.46452
1.56902
1.87508
1.8026
1.69549
1.76782
1.64867
1.06035
1.9208
1.4683
1.68875
1.88263
1.41576
1.60618
1.44583
1.19935
1.44467
1.40424
1.34823
1.70474
1.79257
1.39086
1.79658
1.80292
1.72238
1.87663
1.81758
1.48802
1.90493
1.82919
1.62116
1.46025
1.33149
1.9005
1.24174
1.36935
1.58843
1.70144
1.76387
2.01703
1.41674
2.01703
1.69264
1.73912
0.924679
1.20907
1.6093
1.80024
1.42534
1.69862
1.4978
1.54038
1.64626
1.8365
1.55819
1.68066
1.56075
1.83548
1.57063
1.88219
1.50501
1.67165
1.74887
1.30827
1.52964
1.2033
1.23054
1.52775
1.43203
1.52106
1.62495
2.00227
1.68676
1.20054
1.36424
1.64416
1.50836
1.34586
1.84498
1.69179
1.49149
1.34583
1.18931
1.59768
1.91179
1.54963
1.85921
1.05494
1.47555
2.01703
1.86062
1.74936
1.68167
1.39977
1.33879
1.38695
1.72283
1.61733
1.73211
1.91344
1.30494
1.61652
1.97116
1.95868
1.97489
1.83836
1.6772
1.63201
1.46559
1.46514
1.90271
1.78136
1.37827
1.98616
1.13179
1.50866
1.68006
1.71538
2.01703
1.46017
2.01703
1.88024
1.50349
1.63452
1.67201
1.46116
1.68645
1.81432
1.93489
1.4166
1.61468
1.38115
1.47993
1.67414
1.55587
1.69664
1.76345
1.54473
1.51137
1.12687
1.56432
1.63777
1.86473
1.46049
1.68386
1.83971
1.65904
1.50368
1.88354
1.86408
1.32402
1.79581
1.88403
1.82203
1.41785
1.52904
1.80915
1.39691
1.82745
1.32853
1.50395
1.86495
1.86876
1.84648
1.87607
1.72062
1.62739
1.6186
1.20099
1.64543
1.72633
2.01703
1.4601
1.96164
1.88169
2.01703
0.919894
1.78196
1.27522
1.6458
1.72728
1.58283
1.21542
1.72656
1.60954
1.15898
1.68663
1.70822
1.39407
1.46352
1.62876
1.81426
1.53397
1.49354
1.8081
1.29485
1.44846
1.87348
1.48256
1.74681
1.53197
1.90644
1.44935
1.44388
1.71839
1.65167
1.14758
1.26914
1.59476
1.69178
1.675
2.01703
2.01703
1.32377
1.34479
2.01703
1.55873
1.76308
2.01703
1.39126
1.24923
1.84555
1.67978
1.96521
1.89991
1.57633
1.61707
1.72128
2.01703
1.60626
1.48025
1.91447
1.37992
1.49202
1.94583
2.01459
2.00782
2.01703
1.32759
1.7187
1.72332
1.18427
1.46837
1.98862
1.37275
1.45802
2.01393
1.67153
1.92275
1.72616
1.84321
0.801462
1.31411
1.34725
1.71193
1.71776
1.40573
1.63624
1.70272
1.50823
1.5966
1.47398
1.49009
1.29568
1.30147
1.72363
1.69188
1.55803
1.38667
1.13875
1.50068
1.81567
1.4686
1.5003
1.40754
1.49139
1.83358
1.76035
1.75717
1.31058
2.01703
1.62297
1.43689
1.3485
1.78846
2.01703
1.35821
1.80732
1.54092
1.31324
1.75628
1.91613
1.45459
1.56265
1.33583
1.36073
1.92112
1.55254
2.0093
1.55065
1.42345
1.26214
1.69602
1.66759
1.33957
1.70089
1.58278
1.78936
1.41161
1.58018
1.60464
1.62898
1.95878
1.35902
1.48623
1.30983
1.77116
1.37304
1.81759
1.56445
1.49938
1.71197
1.61796
1.16308
1.39878
1.64237
1.42444
1.4906
1.81664
1.76521
1.42206
1.61366
1.31479
1.55841
1.56015
1.29677
1.44258
1.64288
1.50259
1.63257
1.66738
1.27259
1.20172
1.45789
0.991624
1.26138
1.85847
1.30958
1.55258
1.87099
1.61448
1.50984
1.67711
1.83321
1.85154
1.6444
1.62951
1.4526
1.33576
1.87768
1.23801
1.35621
1.75741
1.94892
1.89046
1.88329
1.58503
1.56424
1.72281
1.67348
1.87631
1.6192
1.31475
1.9606
1.84779
1.69797
1.84044
1.81014
1.59198
1.13372
1.78217
1.39435
1.89063
2.00932
1.52827
1.52683
2.01703
2.01703
1.68924
1.40491
1.49055
1.68795
1.35242
1.72733
1.74692
1.74478
1.73901
1.50261
1.76249
1.93848
1.62891
1.75929
1.56746
1.66399
1.65296
1.49152
1.44476
1.91032
1.11277
1.54413
1.39334
1.52804
1.76446
1.66811
1.57048
1.33904
1.74284
1.94649
1.67151
2.01703
1.34333
1.93582
1.71089
1.24195
2.01703
2.01703
1.59928
1.56291
1.55749
1.51684
1.77417
1.73597
1.65736
1.34525
1.53929
1.57862
1.4309
1.71621
1.62941
1.56482
1.90848
1.31959
1.03203
1.01415
2.00022
1.54928
1.42576
1.27367
1.41076
1.40251
1.68953
1.82733
1.3867
1.9245
1.60092
1.68732
1.26519
1.95516
1.62306
1.87654
1.60425
1.33009
1.66581
1.44909
1.88595
2.01703
1.62933
1.68259
1.24992
1.84731
1.56604
1.9213
2.01703
1.53508
1.43165
2.01703
2.01703
2.01703
1.7344
1.89695
1.53219
1.82267
1.36681
1.73889
1.22076
1.59391
1.48675
1.55114
1.57984
2.01703
1.62541
1.66249
1.37321
1.82819
1.97548
1.15324
1.50024
1.69305
1.96066
1.65339
1.38175
1.15298
1.60945
2.01703
1.48725
1.49529
1.79168
1.29539
1.04723
1.44943
1.93159
1.49291
1.38895
1.38216
1.91229
2.01703
1.42884
1.23012
1.49944
1.6249
1.49017
2.01703
1.34488
1.62934
1.87277
1.78969
1.54983
1.3728
2.01703
1.62849
1.45075
1.73829
1.6322
1.75066
1.88765
1.74281
1.8844
1.59507
1.80417
1.62612
2.01703
1.83655
1.38487
1.72122
1.71502
1.28707
1.40846
1.71977
1.63457
1.75063
1.66009
1.48338
1.73347
1.62723
1.19793
1.08161
1.60017
1.72711
1.58146
1.74125
1.69447
2.01703
1.51008
1.5046
2.01703
2.01703
1.56466
1.23251
1.68687
1.69182
1.3354
1.49267
1.83052
1.55679
1.81256
1.74197
1.58147
1.41942
1.53342
1.51943
1.62826
1.8236
1.66281
1.87478
1.44083
1.3475
1.75982
1.66682
1.21564
1.42844
2.01703
2.01703
1.44562
1.8821
1.60529
1.68754
1.95868
1.45386
1.65213
1.84323
1.70079
1.75428
1.46979
1.82489
1.84641
1.83439
1.91654
1.57301
1.31454
2.01703
1.62049
1.75611
1.60547
2.01703
1.51696
1.50285
1.44973
1.6173
1.7643
1.59408
2.01703
1.76032
1.29032
1.48561
1.38072
1.65234
1.78311
1.48876
1.43558
2.01703
1.82748
1.4798
1.89677
1.93401
1.79228
1.37194
1.23696
1.61688
1.60992
1.15488
1.18339
1.13178
1.90638
1.64254
1.40745
1.63316
1.39574
1.42647
1.53967
1.52572
1.52352
1.91887
1.66049
1.89697
1.4685
1.61864
1.77278
1.54315
1.95993
2.01703
1.71971
1.82519
1.40743
1.77421
1.60523
1.43389
1.44324
1.85196
1.47478
1.95993
1.84821
1.43697
1.60996
1.74664
1.89377
1.83709
1.38277
1.42696
1.51691
1.53586
1.57126
1.61151
1.84044
1.34222
1.78357
1.16155
1.71569
1.84765
1.48486
1.25709
1.96107
1.61131
1.38801
1.28049
2.01703
1.5874
1.3411
1.13212
1.7641
1.49733
1.73879
1.76205
1.73599
1.2117
1.78577
1.50659
2.00062
1.29031
1.67302
1.5631
1.27208
1.9539
1.37293
1.93254
1.76107
1.69904
1.74153
1.86837
1.32558
1.81745
1.94976
1.5383
1.38128
1.65599
2.00576
1.36233
1.51421
1.84232
1.60324
1.95876
1.83536
1.7469
1.80201
1.57885
1.32925
1.50101
2.01703
1.95606
2.00611
1.3822
1.6177
1.66792
1.45095
1.42821
0.914511
1.45839
1.54926
1.76576
1.68166
1.71627
1.45361
1.67717
1.57826
1.64839
1.69982
2.01703
1.34156
1.83772
1.44593
1.43532
1.10598
1.56289
1.7505
1.63846
1.73048
1.65561
1.79865
1.8029
2.01703
2.01703
1.59807
1.64332
1.59844
1.57477
2.01703
2.01703
1.75905
1.81422
1.54634
1.5806
2.00624
1.41068
1.99508
1.84121
1.71116
1.51246
1.67786
1.84559
1.58994
1.36822
1.92211
1.45977
1.7105
1.99955
1.76286
1.74229
1.17973
1.23263
1.51997
1.47627
1.20467
1.43441
1.74438
1.54789
1.41545
1.35695
1.53025
1.62524
1.18525
1.70933
1.70311
1.56841
1.46254
1.48591
1.55711
1.84073
1.32577
1.78254
2.00309
1.54602
1.25161
1.42049
1.40571
1.72423
1.76473
1.42749
1.55801
1.768
1.52279
2.01703
1.49574
2.01703
1.17793
1.14512
1.56097
1.43038
1.8074
1.63635
1.65106
1.26292
1.69785
1.25141
1.74691
1.63569
1.49114
1.58989
1.51407
1.77949
1.95114
1.65315
1.77667
1.33952
1.40127
1.12946
1.83984
1.71627
1.4223
1.60277
1.87953
1.74807
1.50794
1.76455
1.86063
1.54877
1.66159
1.57385
1.65983
1.31181
1.61751
1.15736
1.64299
1.29624
1.74208
1.55773
1.49652
1.73525
1.80473
1.78437
1.3752
1.69405
1.61345
1.78448
1.61169
1.58258
2.01131
1.2851
1.95438
2.01703
1.4591
2.01703
1.82722
1.5142
1.59
1.95254
1.36102
1.66543
1.535
1.47583
1.51557
2.01703
1.52573
1.98686
1.17132
1.42573
1.58173
1.31434
1.51344
1.72904
1.54558
1.83363
1.53258
1.53504
1.6992
1.49055
1.74228
1.43479
1.83166
1.82339
1.71254
1.99229
1.63653
2.01703
1.55795
1.21148
1.4305
1.72159
2.01703
1.43009
1.88696
1.73388
1.75808
1.85225
1.85595
1.85694
2.01703
1.54418
1.8072
1.48157
1.53113
1.59852
1.74055
1.64865
2.01703
1.54939
2.01703
1.76698
1.62777
2.01307
1.2443
1.1482
1.62222
1.42356
1.33379
1.31622
1.54046
1.70723
1.91845
1.72153
1.6532
1.77708
1.61053
1.9061
1.37172
1.87518
2.01703
1.55359
1.79421
1.47134
1.47647
1.44808
1.31938
1.63885
1.69586
1.99647
1.73391
1.44308
1.95736
1.5214
1.71764
1.53302
1.49792
1.75197
1.34033
1.93272
1.80569
1.53839
1.48676
1.67571
1.5583
1.68941
1.77659
1.58887
1.80125
1.01727
1.36287
1.4303
1.66612
1.51257
1.72529
1.70744
1.48509
1.69594
0.947947
1.90475
1.52951
1.38957
1.70736
1.35713
1.33184
1.40205
1.75688
1.78009
1.4827
1.19476
1.85264
2.00368
1.77797
1.65218
2.01703
1.92528
1.7668
1.33425
1.46367
1.7019
2.01703
1.47644
1.72936
1.53054
1.77684
1.55456
1.12136
1.88125
1.47277
2.01703
1.57346
2.01047
1.75743
1.70135
1.57866
1.75678
1.56927
1.54913
1.17429
1.27946
1.34514
1.64827
1.38733
1.98978
1.66958
1.50684
1.44091
1.75472
1.49374
1.39924
1.45258
1.53087
1.43859
1.6031
1.18993
1.59051
1.42253
1.45581
1.79603
1.87822
1.56604
1.76985
1.75624
1.59557
1.78527
1.32424
1.20097
2.01703
2.01703
1.88262
1.50518
1.52465
1.50337
1.96547
1.61603
1.57975
1.3381
1.67372
1.20616
1.15333
2.01703
1.86887
1.09239
1.46286
1.68398
1.68221
1.69607
1.42987
1.95354
1.34367
2.01703
1.64682
1.98713
1.88902
1.4646
1.4616
1.29027
1.79304
1.2844
1.7736
1.68916
1.51798
1.78833
1.82072
1.59694
1.58859
1.81471
1.7532
1.76319
1.72965
1.76863
1.4961
2.01703
2.01703
1.96802
1.58035
1.46722
1.51208
1.89514
1.47834
1.55261
2.01703
1.45803
2.01703
1.69461
1.63248
1.13815
1.61016
1.87453
1.62717
1.31491
1.28443
1.29939
1.83397
2.01703
1.728
1.72337
1.56027
1.69497
1.93123
1.55733
1.51888
1.678
1.85432
2.01703
1.6781
1.94231
1.28147
1.5324
1.5556
1.70905
1.55288
1.37429
1.86565
1.7692
1.54164
1.6437
1.31967
1.61419
1.77439
1.19461
2.0107
1.29132
2.01703
1.45353
1.70154
1.62088
1.94137
1.47703
1.80184
1.78957
1.77713
1.57324
1.43412
1.57434
1.44676
1.7236
1.49241
1.80197
1.3245
2.01703
1.83314
1.73038
1.39026
1.49538
1.73895
1.31348
1.38002
1.5187
1.63313
1.61586
1.3578
1.63556
1.36181
1.27757
1.41261
1.80297
1.62356
1.62923
1.82821
1.82141
1.60113
1.27495
1.51821
1.59912
1.652
1.8874
1.76338
1.83361
1.1911
1.69123
1.23546
1.58658
1.49378
1.6637
1.57349
1.26579
1.67534
1.31719
1.34809
1.81554
1.82825
1.32732
1.33491
1.51461
1.40078
1.84874
2.00875
1.77248
1.61807
1.7199
1.27184
1.3086
1.21507
1.65471
2.01703
1.53796
1.69157
1.21834
1.86517
1.72108
1.26583
1.85034
1.32878
1.79638
1.4131
1.12419
1.6236
1.50245
1.30453
1.47844
1.77747
1.48293
1.39582
1.75392
1.81205
1.51521
1.54368
1.52985
1.39243
1.64595
1.34318
1.30667
1.28561
1.63609
1.511
1.71704
1.5694
1.7518
1.53821
1.32809
2.01703
1.52767
1.47509
1.5853
1.82313
1.50983
1.31345
1.74815
1.7418
1.61531
1.65455
1.73683
1.67011
1.3985
1.91192
1.55567
1.50919
0.982422
1.47521
1.01516
1.59848
1.34215
1.80894
1.76395
2.01703
1.60782
1.78728
1.45239
1.63439
1.83341
1.922
1.71437
1.14187
1.86306
1.74203
1.41542
1.56533
1.85101
1.73214
1.27931
1.66335
1.23593
1.54979
1.25669
1.52584
1.62665
1.62006
1.78753
1.19103
1.66088
1.85051
1.98039
1.3588
1.5728
1.63509
1.74705
1.65963
1.79143
1.52833
2.01703
1.64852
1.37733
1.54243
1.88478
1.85081
1.67943
2.01703
1.68812
1.42981
1.67626
1.59302
1.56163
1.84989
1.35524
1.54012
1.69249
1.57851
1.53095
1.813
1.16552
1.95688
1.86658
1.33795
1.33782
1.76963
1.58346
1.31598
1.33732
1.21811
1.60962
1.97037
1.60958
1.21621
1.47268
1.94057
1.44522
1.40614
1.71429
1.60763
2.01703
1.61335
1.51721
1.84719
0.892984
1.35522
1.4008
1.79147
1.26138
1.49498
2.01703
1.46034
1.89158
1.44026
1.64828
1.89849
1.79453
1.81216
1.4604
1.51603
1.18518
1.24575
1.18838
1.96483
1.60112
1.23323
1.75991
1.82414
1.22279
1.80309
1.56725
1.85776
1.10644
1.45772
1.98865
1.26891
1.23193
1.28927
1.33821
1.79015
1.7089
1.59147
2.01703
1.5104
1.97809
1.50404
2.01703
1.49706
1.60974
1.85764
1.4846
1.84252
1.57749
1.43751
1.63243
1.56076
1.8045
1.07611
1.46308
0.999738
1.69852
1.8718
1.42158
2.01703
1.78775
1.34928
1.81544
1.41545
1.55793
1.5618
1.66712
1.70962
1.81311
1.60182
1.41696
1.64612
1.78847
1.84489
1.23284
1.77926
1.48792
1.55614
1.78909
1.4713
1.62472
1.54057
1.30344
1.75749
1.61089
1.59052
1.88465
1.62239
1.70337
1.67454
1.56422
1.63691
1.59785
1.70836
1.82412
1.69045
1.53025
1.74149
1.44611
1.52383
1.67038
1.60277
2.01703
1.34558
1.62153
1.5058
2.01703
1.46118
2.01703
1.82091
1.27599
1.8651
1.9083
2.01703
1.74261
1.73765
1.95733
2.01703
1.93965
1.77491
1.89796
1.65147
1.20828
1.7096
1.73973
1.67317
1.5521
1.48972
1.848
1.27431
1.47651
2.01703
1.53588
1.83161
1.69962
1.54524
1.33889
1.92304
1.36814
1.75086
1.88104
1.38689
1.81977
1.70052
1.41665
1.96378
1.67163
1.41469
1.6864
1.86067
1.94339
1.67151
1.58412
2.01703
1.57316
2.01703
1.69595
1.65881
1.58563
1.63806
1.34977
1.69921
1.68414
1.64167
1.93534
1.93479
1.83412
1.77653
2.008
1.58654
1.80016
1.89956
1.48689
1.76697
1.47587
1.83409
1.78582
1.65363
1.71763
1.66427
1.64951
1.81484
1.83157
1.61375
1.67159
2.01703
1.89847
1.38212
1.3568
1.65064
1.10174
1.58302
1.19326
1.55854
1.56373
1.63935
2.01703
1.4761
1.68536
2.01703
1.18513
1.82753
1.75963
1.44449
1.48774
1.70142
1.66676
1.72822
1.47648
1.54391
1.73424
2.014
1.6452
1.27724
1.3099
1.79809
1.81716
1.64203
1.49529
0.980774
1.97552
1.65305
1.66647
1.72317
1.80282
1.55679
1.31609
1.44615
1.73051
1.49313
1.4536
1.28509
2.01703
1.71691
1.99784
1.87083
1.27655
1.08109
1.60476
1.38578
2.01703
1.72386
1.54023
1.79132
1.8317
1.78073
1.65139
1.45605
1.7682
1.43537
1.45283
1.53201
1.56986
1.2966
1.68654
1.47217
1.49061
1.5874
1.42766
1.64307
0.884277
1.53924
1.49309
1.72016
1.4891
1.6954
1.57003
1.92082
1.62478
1.56813
1.71207
1.54899
1.83641
1.50435
1.38398
1.32409
1.31466
1.12696
1.33261
1.50439
1.46766
1.54583
1.30948
1.59872
1.54368
1.8314
1.40744
1.48519
1.77662
1.59278
1.62473
1.02921
1.72506
1.71943
1.76929
2.01487
1.53402
1.74457
1.51115
1.45774
1.61884
1.71875
1.60625
1.33182
1.34073
1.63563
1.91346
1.70457
1.43879
1.70012
1.42759
1.90908
1.58163
1.46988
1.61461
1.8306
1.1217
1.72279
1.70269
1.75018
1.5821
1.49196
1.55036
1.40713
1.59858
1.37201
1.6102
1.71608
1.46139
1.59005
1.13599
1.68206
1.668
1.6746
1.77969
1.60124
2.01703
1.8039
1.38537
2.01703
1.97283
0.806198
1.45226
1.8185
1.6137
1.90726
1.5162
1.57669
1.20871
1.37559
1.90136
1.66282
1.52631
1.65494
1.49689
1.96383
2.00431
1.12964
1.49514
1.23418
1.64897
1.66102
2.00552
1.4947
1.4544
1.46648
1.80124
1.82278
2.0032
1.46303
1.38127
1.6558
1.87985
1.70914
1.44662
1.37292
2.01703
1.75136
1.33006
1.67946
1.70411
1.97868
1.75343
1.62615
1.92707
1.61003
1.52109
1.74745
1.66809
1.92441
1.82396
1.9257
1.52981
1.69237
1.80994
1.7661
2.00037
1.33475
1.60079
1.96106
1.46693
1.96468
1.78387
1.62548
1.91117
1.23472
1.60757
1.56224
1.91738
1.74943
1.6612
1.60094
1.56474
1.68984
1.50562
1.90988
2.01703
1.77533
1.72687
2.01703
1.38411
1.67392
1.70106
1.73249
1.71484
1.62912
1.75808
1.74873
1.68485
1.04901
1.56186
1.41501
1.79004
1.37149
1.93398
1.26872
1.85142
2.01703
1.246
1.77616
1.53677
1.30241
1.37594
1.65722
1.62651
1.68931
1.92121
1.19023
1.5437
1.78764
1.42932
1.14609
1.31834
1.37268
1.75409
1.51377
1.4795
1.70903
1.03769
2.00605
1.4135
1.51939
1.50737
1.43985
1.4762
1.29716
1.51738
1.62985
1.46162
1.9661
1.69777
2.01703
1.57523
1.50011
0.95363
1.58011
1.71377
1.62064
1.37494
1.53664
1.46322
1.72214
1.90654
1.79103
1.48737
1.34512
1.61171
0.932531
1.5148
1.91326
1.92804
1.92281
1.06657
1.86789
1.40642
1.41639
1.73023
1.61607
1.99585
1.48046
1.54241
1.80236
1.41552
1.86013
1.84953
1.09992
1.39299
1.28988
0.674252
1.53645
1.8834
1.32258
1.80021
1.67848
1.6093
1.61779
1.27505
1.7759
1.57412
1.11392
1.49213
1.22679
1.69849
1.67551
1.56685
1.51875
1.54215
1.76884
1.28746
1.77836
1.57037
1.49779
1.5652
1.14536
1.72293
1.29712
1.43971
1.63527
1.76782
1.56158
1.90047
1.41503
1.03279
1.81972
1.59736
1.64414
1.76134
1.46073
1.57155
1.35761
1.64782
1.47136
1.61579
1.57141
1.52727
1.70081
1.74747
1.29952
1.30167
1.37252
1.57448
1.6063
1.42742
1.35021
1.7773
1.48502
1.61287
1.58021
1.62336
1.39251
1.79289
1.81664
1.69322
1.78414
1.23757
1.27654
1.39895
2.00781
1.30163
1.1266
1.64341
1.79551
1.30086
1.59872
1.84053
2.01703
1.52392
1.44228
1.57908
1.16025
1.2003
1.72435
1.56618
1.30032
1.84799
1.26719
1.90292
1.62445
1.71452
1.6902
1.53591
1.40241
1.58063
2.01703
1.51425
1.89842
1.64725
1.77328
1.39138
1.80622
1.50719
1.36911
1.41261
1.50047
1.57908
1.51522
1.4917
1.92808
1.33766
2.01703
1.82314
1.3725
1.25008
1.52759
1.52284
2.01703
1.94103
1.59076
1.71768
1.46947
1.89662
1.57133
1.63869
1.86331
1.65098
1.51682
1.70434
1.61727
1.41379
1.52525
1.35287
1.95862
1.73909
1.50985
1.44034
1.39637
1.41746
1.80863
1.45784
1.53598
1.73869
1.03928
1.70461
2.01703
1.56065
1.56817
1.71852
1.29643
1.58061
1.76013
1.3687
1.0661
1.6075
1.38345
1.40584
1.45168
1.55898
1.89505
1.54439
1.91868
1.45497
1.42578
1.18127
1.49937
1.78377
1.81511
1.32827
1.5737
1.42537
1.89208
1.52909
1.9594
2.01703
1.62021
1.46273
1.36681
1.95231
1.6447
1.9219
1.66012
1.18093
1.80571
1.93985
1.60164
1.28136
1.79213
1.54538
1.8121
1.64985
1.86238
1.52598
1.42306
1.61834
1.74145
1.53678
1.61608
1.67096
1.40986
1.65732
1.51998
1.50081
1.60977
1.59616
1.73892
1.83201
1.74088
1.57119
1.41101
1.32431
1.67317
1.62665
2.01703
1.40148
1.49523
1.5055
1.09998
1.84327
1.42721
1.92491
1.53078
1.41976
1.42423
1.70401
1.27719
1.36013
1.77208
1.93604
1.63461
1.62053
1.83263
1.91446
1.87692
1.41978
1.32768
1.75815
1.9517
1.45687
1.42104
1.86607
1.5355
1.814
1.55712
1.50029
1.47841
1.19905
1.81528
1.17289
1.66075
1.88595
2.01405
1.35176
1.794
1.6406
1.68878
1.80881
2.01703
1.33757
1.32102
1.79621
1.58182
1.28507
1.59491
1.6139
1.98219
1.6452
1.40769
1.86282
1.41137
1.59177
1.70121
1.87797
1.8859
1.79809
1.51193
1.60959
1.48559
1.44503
1.39393
1.31022
1.81165
1.69005
1.56214
1.17401
1.73239
1.85006
1.55682
1.85063
1.72822
1.74799
1.92121
1.13247
1.65383
1.51599
1.76843
1.63353
1.74434
1.20274
1.58569
1.77375
1.46069
1.56581
1.73201
1.33786
1.8956
1.46507
1.96891
1.34377
1.58571
1.83434
1.76319
1.22049
1.26599
1.6358
1.42872
1.51477
1.84011
1.83802
0.741861
1.49986
1.59081
1.7839
1.92948
1.0369
1.36835
1.78074
1.42763
1.0289
1.33725
1.81032
1.59146
1.81026
1.77085
1.40983
1.95724
1.71468
1.73274
1.79421
1.66241
1.6133
1.37295
1.62553
1.74558
1.1804
1.85179
1.87899
1.86701
1.4594
1.36325
1.61976
1.36477
1.43505
1.91903
1.5802
1.11799
1.43674
1.31993
1.88868
1.51267
1.38228
1.51495
1.8698
1.63915
1.49163
1.51361
0.966215
1.61032
1.86982
1.76991
1.7614
1.48173
1.60202
1.55641
1.72202
1.63571
1.72753
1.50129
1.6151
1.93061
2.01538
1.50789
1.78736
1.3169
1.14215
1.97663
1.31845
1.4208
1.49793
1.87307
1.4069
1.81415
1.79205
1.67566
1.76732
1.841
1.76512
2.01703
1.50365
1.82135
1.5355
1.28037
1.84221
1.88478
2.01703
1.4201
1.86972
2.01703
2.01703
1.41163
1.43697
1.53474
1.36807
1.57714
1.52128
1.73759
1.07426
1.34942
1.27754
1.55729
1.80753
1.45457
2.01703
1.73534
1.61514
1.80905
1.53254
1.84159
1.5331
1.52948
1.48204
2.01703
1.52799
1.59578
2.01703
1.60909
1.78469
1.94878
1.47786
1.85303
1.48568
1.37078
1.67067
1.5572
1.62378
1.36036
1.68616
1.65302
1.09463
1.29422
1.09003
1.79229
1.43067
1.73897
2.01703
1.93396
1.44993
1.553
1.79442
1.44849
1.45105
2.00667
1.85565
1.84015
1.53103
1.59835
1.53375
2.01703
1.98422
1.72134
1.52059
1.53709
1.26214
1.43904
1.81523
1.72605
1.48308
2.01703
1.54293
1.7262
1.54258
1.67293
1.75458
1.60647
1.69039
1.45288
1.61687
1.63977
1.55564
1.52966
1.61845
1.52427
1.57108
1.31016
1.36783
1.43207
0.96013
1.90028
1.60481
1.59915
1.59065
1.25024
1.61954
1.94396
1.84965
1.70396
1.67666
1.64643
1.36456
1.60299
1.4863
1.61964
1.50434
1.43481
1.63172
1.78669
1.51503
1.35074
1.45079
1.43316
1.3492
2.01703
1.2515
1.52888
1.49834
1.79158
1.62838
1.64942
1.46539
1.8403
1.34665
1.52404
1.80915
2.01703
1.72965
1.79141
1.22803
1.54633
1.49099
1.98948
1.6504
1.50717
1.67885
1.58185
1.38864
1.93731
1.61071
1.57702
1.81737
1.8902
1.64257
2.00973
1.7845
1.71818
1.47281
1.75217
1.63652
1.46539
1.41927
1.74422
1.13135
1.69036
1.83319
1.31342
1.23041
1.16834
1.5894
1.8791
1.75073
1.6089
1.63943
1.39917
1.65907
1.84986
1.42517
1.66704
1.91508
1.56415
1.72833
1.67704
1.65356
1.45386
1.75307
2.01703
2.01668
1.13456
1.41331
1.40409
1.81892
1.74966
1.9042
1.59564
1.35631
1.65579
1.58819
1.21985
1.51938
1.62466
0.965687
1.58566
1.08664
1.6494
1.70448
1.7856
1.40977
1.86744
1.11339
1.6365
1.67626
1.46864
1.60152
2.01703
1.38335
1.79768
2.01703
1.14998
1.76937
1.73114
1.88015
1.88559
1.71946
2.01703
2.01703
1.76009
1.42718
1.51636
1.68983
1.85566
1.43497
1.89866
1.68266
1.25062
1.3175
1.56116
1.48663
1.78475
1.23128
1.28823
1.94897
1.32504
1.61813
1.48147
2.01703
1.52542
1.46779
1.57572
1.3505
1.31099
1.68001
1.57136
1.43418
1.61195
1.32687
1.63218
1.31549
1.56612
1.32176
1.49339
1.66586
2.01703
1.67981
2.01703
1.62306
2.01703
1.40593
1.43642
1.7922
1.7173
1.85248
1.67694
1.73229
2.01703
1.67786
1.88514
1.97591
2.01703
1.59893
1.55343
1.40944
1.81526
1.97473
1.32035
1.80963
1.57099
1.256
1.6755
1.52081
1.14178
1.63079
1.48814
1.89565
1.71241
2.01703
1.36642
1.63965
1.9407
1.55064
1.26457
1.76555
1.21738
1.54888
1.60702
1.693
1.63279
1.78536
1.58961
1.60497
1.70895
2.01703
2.01703
1.92442
1.15695
1.74317
1.67552
1.34037
1.52908
1.54126
1.63586
1.67597
1.41015
1.3762
1.70039
1.8518
2.01703
1.79779
1.31914
1.53295
1.63537
1.62594
1.7079
1.72159
1.70428
1.74761
1.43614
1.58298
1.89085
1.38447
2.01703
1.39526
1.41281
1.84642
1.75351
1.49254
0.809806
1.98534
1.54099
1.33276
1.58257
1.61914
1.55825
1.49036
1.34753
1.79749
1.73743
1.42854
2.01703
2.01703
1.41447
2.00351
1.38966
0.755489
1.41657
1.66884
1.2039
1.64311
1.68392
1.60064
2.00632
1.60239
1.67387
1.87498
1.18848
1.70211
1.36165
1.71287
1.43237
1.71182
1.37462
1.58416
1.97863
1.77501
1.507
1.8896
1.56712
1.69829
1.64208
1.66027
1.30671
2.01703
1.43617
1.47153
1.51386
1.55641
1.74767
1.56371
1.41891
1.73535
1.84906
1.68594
1.77315
1.34973
1.72569
1.59772
1.82168
1.95336
1.39947
1.27507
1.99269
1.56875
1.84087
1.66433
1.96033
1.85436
1.57026
1.52734
1.80905
1.46504
1.86851
1.81375
1.12554
0.936792
1.50953
1.39365
1.60404
1.84832
1.91213
1.79178
1.80552
1.99762
1.65162
1.27942
1.38247
1.36921
1.68709
1.58173
1.75494
1.65858
1.17161
1.71177
1.24864
1.61979
2.01335
1.38875
1.69218
1.94718
1.53876
1.50729
2.01703
1.34972
1.19155
1.79074
1.34546
1.56038
1.59012
1.72182
1.37878
1.1994
1.58736
1.29728
1.26164
2.01703
2.01703
1.22235
1.70147
1.63652
1.24229
1.72478
1.51369
1.72577
1.416
1.5087
1.80184
1.32891
1.60682
1.44095
1.51706
1.82327
1.70321
1.24991
1.91105
1.42592
1.62869
1.80717
2.01703
1.6123
1.69815
1.7322
0.926429
1.47352
1.76262
1.2586
1.56642
1.67234
1.48659
1.65654
1.60867
1.52912
1.69971
2.01703
1.19513
1.74447
1.09723
1.5834
1.68543
1.48946
1.62015
1.84224
1.33502
1.17877
1.56573
1.26933
1.90714
1.1996
1.8859
1.71762
1.68776
1.82415
1.62949
1.67562
1.54833
1.26239
1.19424
1.68729
1.96802
1.4897
1.85827
1.66799
1.85925
1.97087
1.33682
2.01703
1.70825
1.4792
1.3097
1.32557
1.47149
1.69427
1.30144
1.2093
2.01703
1.78375
1.88988
1.71871
1.62814
0.894115
1.72442
1.23542
1.44865
1.32179
1.69061
1.50229
1.86968
1.91393
1.43282
1.37589
1.56553
1.51373
1.57285
1.72543
1.65749
1.58044
1.3074
1.46455
1.74795
1.90196
1.22079
1.63147
1.88398
1.68454
1.41833
1.8471
1.70322
1.29642
1.51269
2.01703
1.31888
1.44913
1.37311
1.21766
1.93053
1.59333
1.38927
1.72153
1.97345
1.85612
1.866
1.56918
1.92244
1.5457
1.33043
1.66289
1.3513
1.49365
1.60251
1.72677
1.88542
2.01703
1.55328
1.70308
1.54593
1.33957
2.01703
1.48045
1.75268
1.46729
1.42475
1.45623
1.99616
1.60912
1.75141
1.45737
1.64848
1.54252
1.85491
1.96301
1.43592
1.77147
1.6765
1.47679
1.69678
1.32347
1.44098
1.94001
1.85923
1.62101
2.01703
1.65395
1.6524
1.35698
1.12034
1.63006
1.76908
2.01703
1.95581
1.27488
1.76986
1.88033
1.54299
1.38226
2.01703
1.6929
1.90384
1.76439
1.5657
1.45814
1.70578
1.8561
1.8841
1.21856
1.54173
1.45253
1.91535
1.46288
1.74071
1.92629
1.36541
1.34733
1.43907
1.44367
2.01703
1.41184
1.501
2.01703
1.70583
1.74259
1.87413
1.58562
1.51321
1.86271
1.40485
1.85608
1.68944
1.57469
1.53849
1.40346
1.71908
2.01703
1.38554
1.7356
1.46195
2.01703
1.3603
1.60067
1.69172
1.76755
1.7781
1.78059
1.54983
1.69978
1.48456
1.66531
1.44762
1.83996
1.65018
1.24405
1.31133
1.72775
1.49955
1.30147
1.23488
1.29731
1.16675
1.52933
1.54125
1.29333
1.65141
1.73241
1.17093
1.48219
1.65708
1.08821
1.75591
1.61273
1.54777
1.63307
1.399
1.63965
1.45106
1.67506
1.58099
1.78803
1.91179
1.42634
1.19093
1.89369
1.83781
1.513
1.56044
1.77857
1.40605
1.84911
1.59239
1.76816
1.26189
1.69613
1.86483
1.33828
1.74334
1.38609
1.64867
1.68398
1.27641
2.01703
1.77047
1.69958
1.03831
1.06888
1.68266
1.24629
1.64712
2.01703
1.41574
1.7297
1.56883
2.01135
1.71304
1.72168
1.83588
1.23016
2.01703
1.85533
1.59162
1.37874
1.61383
1.78271
1.58271
1.54906
1.70467
1.67664
1.38418
1.91593
1.7027
1.65146
1.80145
1.73006
1.79659
1.687
1.9538
1.87618
1.16798
1.50171
1.42182
1.54415
1.67465
1.76912
1.49406
1.57959
1.89673
1.39667
1.35286
1.1485
1.88911
1.19751
1.05062
2.01703
1.86811
1.25584
1.83097
1.82576
1.85574
1.80304
1.81606
1.55181
1.67455
2.01703
1.63519
1.4706
1.25161
1.68128
1.64219
1.58584
1.28822
1.80967
1.34699
1.70569
1.92225
1.94952
1.71893
1.5847
1.57819
1.72709
1.40625
1.91977
1.6033
1.30402
1.80052
1.61746
1.82693
2.01703
1.56903
1.54349
1.4689
1.7623
1.92978
1.63938
1.7707
1.55061
1.37403
2.01703
1.85441
1.53037
1.46405
1.80397
1.47095
1.55459
1.48949
1.7461
1.05475
2.01703
1.60751
1.37608
1.69146
1.46133
1.34929
1.90643
1.54321
1.29259
1.44803
1.16252
1.49395
1.30618
1.73192
1.23658
1.60456
1.62321
1.49896
1.82549
1.78655
2.01703
1.72603
1.22707
1.77144
1.6148
1.57514
1.46637
1.76586
1.19441
1.88229
1.72382
1.87796
1.48555
1.48674
1.44637
1.19618
1.47724
1.30783
1.4505
2.01703
1.41072
1.2795
1.85827
1.52569
2.01703
1.21696
1.79186
1.70985
1.75595
1.94857
1.43488
1.70457
1.46789
1.34426
1.63085
1.7745
1.68125
1.67543
1.70214
1.56551
1.61627
1.46021
1.87013
1.49412
1.60923
1.62356
1.88281
1.59365
1.7426
1.62276
2.01703
1.93635
1.3283
1.59121
1.79859
1.76553
1.20609
1.62009
1.61847
1.60055
1.64719
1.45291
1.47969
1.54303
1.38303
1.63053
0.870578
1.21691
1.51455
1.47614
1.67104
1.45881
1.52843
1.92819
1.60361
1.82327
1.61535
1.43369
1.63184
1.55332
1.32292
1.11778
1.63822
1.38652
1.91178
1.5945
1.53209
1.71806
1.4914
1.54202
1.88231
2.01703
1.6029
1.8968
1.44889
1.65192
1.5988
1.70609
1.68883
2.01703
1.68308
1.74088
1.78409
1.39139
1.87526
1.73048
0.975939
1.74906
1.48853
1.64989
1.91551
1.39578
1.73313
1.95619
1.75546
1.41751
1.47264
1.342
2.01703
2.00897
1.71945
1.12494
1.47262
2.01703
1.86785
1.75174
1.81072
1.98609
1.33263
1.66371
1.41536
1.71925
1.28818
1.77305
1.62446
1.72956
1.28851
1.69532
2.01703
1.34492
1.90874
1.44357
1.08913
1.4288
1.58313
1.35894
1.50663
1.54455
1.54721
1.3736
2.01703
1.5432
1.27016
1.24009
1.95543
1.29401
1.4833
1.36952
1.79728
1.37828
1.55993
2.01703
0.944334
1.52767
1.64345
1.33516
1.59853
1.88027
1.4539
1.41391
1.6351
1.86232
1.76149
2.01703
1.81262
1.88684
1.73983
2.01703
1.41324
1.76569
1.34275
1.69615
1.63871
1.63181
1.82753
1.61457
1.24779
1.48745
1.59768
1.31273
1.92166
1.6747
1.22583
1.48918
1.44628
1.44172
1.39225
1.50138
1.49934
1.69243
1.49881
1.44366
1.73429
1.80513
1.59769
1.76786
1.44113
1.37126
1.53636
1.39403
1.80168
1.73907
1.92982
1.9228
1.68593
1.82901
1.82033
1.46358
1.56078
1.91354
1.49846
1.79843
1.55924
1.52333
1.84895
1.86375
1.8082
1.66194
1.43767
1.74337
1.524
1.52965
1.05476
1.74523
1.6758
1.36632
1.64205
1.40253
1.2582
1.60522
1.66658
1.56726
1.77497
1.94594
1.06458
1.64834
2.01703
1.7631
1.67576
1.76964
2.01703
1.59001
1.55448
1.8122
1.69868
1.97266
1.42769
1.52046
1.59385
1.42057
1.5014
1.3122
1.60243
1.9789
1.91933
2.01703
1.58419
1.54089
1.52993
1.44247
1.48387
2.01703
1.36994
1.87538
1.41266
2.01703
1.71019
1.50516
1.34191
1.85634
1.50224
1.90869
1.71675
1.43831
1.94753
1.71189
1.48824
1.98975
1.75573
1.859
1.71354
1.2861
1.87499
2.01703
1.61081
1.64438
1.47125
1.74628
1.55695
1.51152
1.4654
1.98011
1.81379
1.92137
1.6292
1.97687
1.66625
1.67881
1.85504
1.69254
1.6572
1.1791
1.6681
1.44871
1.82878
1.64444
1.20799
1.36846
1.51779
1.65726
1.16161
1.56913
1.42622
1.7368
1.1922
1.65916
1.32786
1.69983
1.38808
1.92738
1.64967
1.49918
1.65689
1.84569
0.651482
1.79436
1.78646
1.65387
0.755508
1.61484
1.70533
1.74441
1.88556
1.76617
1.36786
1.24263
1.35193
1.83486
1.28221
1.36579
1.66876
1.39358
1.58053
1.79004
1.59418
1.7291
1.87856
1.82169
1.74556
1.46539
1.56475
1.76466
1.98008
1.52562
1.65087
1.45892
1.5234
1.812
2.01703
1.65162
1.58259
1.74099
2.01703
1.7417
1.74293
1.72768
1.37659
1.70897
1.78028
1.47455
1.7111
1.70493
1.35919
1.59086
1.47511
1.19231
1.82361
1.56936
1.8757
1.59232
1.75743
1.65846
2.01703
1.77919
1.74708
1.65346
1.55488
1.56545
1.0509
1.54355
1.90355
1.71752
1.35936
1.80007
1.44078
1.93551
1.78101
1.55451
1.46345
1.46935
1.46062
1.61272
1.81707
1.5243
1.94042
1.47671
1.12765
1.62137
2.01703
1.5153
1.2269
1.31489
1.81275
1.30496
1.73088
1.8704
1.54203
1.44553
1.26916
2.01703
1.66399
1.69869
1.3531
1.4246
1.65089
1.02886
1.74705
1.90079
1.51633
1.60635
1.10316
1.25075
1.12782
1.52393
1.60002
1.00222
1.5279
0.929236
1.32216
1.4644
1.99176
2.01703
1.8095
1.25801
1.08861
1.43246
1.15768
1.51962
1.21713
1.25898
1.65957
1.13446
1.60406
1.38599
2.01703
1.52496
1.72169
1.71005
1.63279
1.28842
1.45229
1.29381
1.19397
1.78871
1.90079
1.42062
1.83126
1.99024
1.54815
1.65884
1.64891
1.85902
1.16915
1.56761
1.45941
2.01703
1.63946
1.6786
1.76624
1.6953
1.65199
1.86181
1.68638
1.99647
1.31466
1.9622
1.72565
1.6522
1.99725
1.34212
1.66225
1.41803
1.41757
1.69376
1.64948
1.81355
1.51156
1.7319
1.40922
1.33821
2.01703
1.83095
1.46861
1.5641
1.39882
2.01703
1.72432
1.81349
1.75797
1.45048
1.92935
1.38335
2.01703
1.42301
1.12908
1.95482
1.54309
1.73817
1.46126
1.34958
1.80422
1.44929
1.59872
1.51412
1.82546
1.65866
1.62897
1.75152
1.88477
2.0065
1.54473
1.17733
1.24387
1.57481
2.01703
1.44181
1.07691
1.46833
1.64453
1.3445
1.52255
0.935244
1.13332
1.86036
1.47991
1.20605
1.66342
1.78838
1.67589
1.77301
1.31041
2.01703
1.79819
1.67089
1.85277
1.52087
1.65219
1.66185
1.80282
1.60788
1.76215
1.58538
1.62124
1.67248
1.82599
2.00641
1.6624
1.95059
1.92302
1.92075
1.35536
2.01703
1.6198
1.59983
1.27851
1.7976
1.35507
1.3035
1.05116
1.55832
1.62487
1.45839
1.56613
2.01703
1.83114
1.38465
1.66614
1.86393
1.35695
2.01703
1.94769
1.70229
1.71712
1.65989
1.51629
1.47777
1.25001
1.25041
1.51239
1.47833
1.67128
1.60518
1.38645
1.79587
1.75073
2.01703
1.52158
1.46147
1.42447
1.43153
1.79367
1.58892
1.74773
1.88542
2.01703
1.61348
1.26051
1.30445
1.40206
1.86314
1.88921
1.29424
1.55806
1.271
1.52314
1.737
1.5439
1.6782
1.33957
1.54912
1.88061
1.59095
1.36875
1.41336
1.44422
1.49977
1.76282
1.48305
1.71339
2.01671
1.53585
1.76946
2.01703
1.71602
1.89988
1.30073
1.40134
1.91127
2.01703
1.69348
2.01703
1.96877
1.49239
1.8339
1.80856
1.7516
1.34157
1.82979
1.60997
1.06593
1.54778
1.48628
1.92475
1.67719
1.72891
1.7086
1.35146
1.85966
1.51898
1.60671
1.71556
1.53442
1.27434
1.67131
1.59123
1.0694
1.52966
1.19122
1.93872
2.01703
1.6053
1.68479
1.34523
1.20339
1.93645
1.57884
1.51015
1.49734
1.52401
1.77804
1.88212
1.74102
1.77478
1.73238
1.81968
1.65473
1.58886
1.99988
1.1712
1.39033
1.68166
1.96299
1.7736
1.47872
1.70008
1.4209
1.58134
1.59403
1.50093
1.86917
1.58547
1.62867
1.60052
1.38662
1.56421
1.51315
1.56656
1.3167
1.84204
1.80591
1.42095
1.68859
1.43574
1.54355
1.91833
1.38223
1.59541
1.12565
1.34226
1.71719
1.7195
1.5111
2.01703
1.45579
1.32015
1.69498
1.77887
1.52678
1.99848
1.40337
1.72423
1.65388
1.94575
1.70668
1.84859
1.91273
1.11668
1.6524
1.67762
1.14969
1.08587
1.36351
1.41349
1.31488
1.27697
1.5425
1.4431
1.49176
1.58389
1.69365
1.43259
2.00818
1.28436
1.85429
1.55956
1.26329
1.63128
1.80941
1.44143
1.69313
1.59697
1.35825
1.78764
1.2783
1.53755
1.99046
2.00382
1.81962
1.74432
1.42776
2.01703
2.01703
1.5898
1.35623
1.66542
1.51281
1.78218
1.17152
1.63345
1.71555
1.42645
0.968724
1.441
1.48136
1.59061
1.4464
1.6355
1.4956
1.47836
1.66104
1.64392
1.74799
1.55546
1.75795
1.7054
1.90346
1.6881
1.37646
1.06417
1.76929
1.66005
1.86358
1.7863
1.76429
1.33824
1.28279
1.74735
1.28452
1.57973
1.46855
1.6656
1.68989
1.65664
1.49949
1.62564
1.66144
1.50213
1.44459
1.75669
1.8146
1.73686
1.28768
1.46953
1.85239
2.00847
1.86888
1.31016
1.36796
1.50295
1.93094
1.45651
1.64205
1.48826
1.72244
2.00929
1.67852
1.80063
1.28524
1.27377
1.74284
1.64066
1.59329
1.30543
1.77268
1.74121
1.25903
1.38516
1.71746
1.48953
1.50017
2.01703
1.86646
1.79832
1.83024
2.01703
1.85048
1.2671
1.38143
1.85931
1.78398
0.877872
1.75393
1.10161
1.23626
1.83707
1.36755
1.73107
1.45427
1.82759
1.59551
1.17503
1.72333
1.73451
1.77315
1.39185
1.08442
2.00888
1.80375
1.61143
1.99971
1.47266
1.81116
1.38686
1.85156
1.58038
1.98344
1.29647
1.20383
1.57227
1.59254
1.34323
1.73978
1.22998
1.19526
1.49741
1.35509
1.55138
1.36579
2.01703
1.39718
1.33526
1.33334
2.01703
1.65417
1.14228
1.71869
1.28005
1.65725
1.84457
1.4675
1.81933
1.7028
1.60966
1.64467
1.27402
1.65259
1.46195
1.6043
1.63464
1.41096
1.77341
1.86037
1.74671
1.46798
1.59233
1.68963
1.48865
2.01703
2.01703
1.68042
1.49945
1.77109
1.15006
1.07925
1.69561
1.66023
2.01703
1.46502
1.66679
1.98865
0.923018
2.01703
1.78326
1.2846
1.90282
1.60518
1.3516
1.23081
1.69798
1.23399
1.70973
1.79473
1.27856
1.3525
1.74488
1.2473
1.42708
1.08329
1.61073
1.51136
1.75617
1.52071
1.69264
1.55353
2.01703
1.6726
1.62655
1.79833
1.50301
1.68252
1.5318
1.99938
1.66737
1.56434
1.5861
1.97461
1.37556
2.01703
1.64344
1.58594
1.29171
1.41027
1.55304
2.00425
1.42806
1.34382
1.87686
1.33479
1.91351
1.37783
1.37234
1.82904
1.38748
1.901
1.89508
1.7397
1.48127
2.01703
1.74124
1.09401
1.30685
1.4759
1.67125
1.67819
1.35956
1.55688
1.45345
1.97283
1.34044
1.72592
1.18586
1.49559
1.56074
1.48212
1.12297
1.79382
1.64964
1.78764
1.0657
1.6088
1.83089
1.44285
1.76171
1.83837
1.97488
1.30834
1.26129
1.60046
1.63417
1.18028
1.78638
1.16839
1.91454
1.44038
1.46314
1.45833
1.19162
1.77555
1.54003
1.61853
1.67933
1.7669
1.44059
1.35899
1.63816
1.90919
1.29522
1.91395
1.36373
1.86324
1.49382
1.1127
1.86421
1.71881
1.40237
1.4404
1.85686
1.20696
1.59691
1.35071
1.69722
1.59546
1.77396
1.53997
1.62897
1.72145
1.68521
2.01703
1.49508
1.61141
1.30671
1.76985
1.95682
1.67895
1.46542
1.90682
1.67161
1.25343
1.4772
1.1496
1.33962
1.80359
1.4189
1.54557
1.33702
1.38577
1.76231
1.36959
1.9576
1.40174
1.74724
1.58624
1.47281
1.41041
1.93148
1.74097
1.3461
1.5135
1.8251
1.47635
1.5398
1.46284
1.7364
1.6387
1.47682
1.93918
1.46104
1.51873
1.68838
1.21916
1.30128
1.81422
1.96124
1.79206
1.05187
1.4793
1.84641
1.45832
1.53617
1.46205
2.01703
1.52798
1.8706
1.62362
1.85697
1.54096
1.50766
2.01703
1.59588
1.61866
1.72203
1.81091
1.72867
2.01703
1.27565
2.01703
1.41612
1.92918
1.36473
1.80222
1.80237
2.01703
1.38946
1.84478
1.60298
1.59912
1.7643
1.32055
1.16961
1.22242
2.01703
1.75505
1.67363
1.7307
1.58498
1.62947
1.80319
1.53636
1.43425
1.40712
1.42232
1.3614
2.01703
2.01703
1.72012
1.50371
2.01703
1.16526
1.52352
1.60302
1.67917
1.20311
2.01703
1.86589
1.56456
1.54291
1.77804
1.39781
1.94321
1.5723
1.52954
1.82113
1.68373
1.89117
1.13497
1.7829
1.53089
1.51947
1.5378
1.6718
1.58128
1.79346
1.61244
1.52975
1.8365
1.3661
1.95596
1.45794
1.62973
1.76693
1.53442
1.41587
1.81492
1.31615
1.92738
1.75157
1.78041
1.92679
1.40393
1.7217
1.36947
1.59115
1.45198
1.75732
1.01267
1.75483
1.545
1.25996
1.53338
1.39447
1.61755
1.70682
1.03969
1.97565
1.27137
2.01703
1.64098
1.73316
1.3715
1.75907
2.01703
1.48085
1.69488
1.71442
1.57839
1.87121
1.36518
1.83781
1.71191
1.5087
1.336
1.46566
1.75069
1.83464
1.1542
1.76773
1.84245
1.6527
1.54672
1.27941
1.80073
1.53974
1.96357
1.79392
1.27759
1.80323
1.24237
1.6333
1.70008
1.41072
1.41736
1.24846
1.67182
1.26909
2.01703
1.46873
1.75831
1.82388
1.83298
1.6705
1.43199
1.44147
1.76881
1.54709
1.93239
1.68732
1.41645
2.01703
1.61081
1.57293
1.53716
1.43606
1.57756
1.32441
1.37184
1.66459
1.7286
1.79761
1.57879
1.40841
2.01703
1.61235
1.95874
1.14933
1.67001
1.58525
1.44619
1.33606
2.01703
1.83383
1.57711
1.83492
1.76928
1.33587
1.89311
1.42334
1.56528
1.6972
1.48039
1.6928
1.8255
2.01703
1.59674
1.72798
1.17595
1.37715
1.19982
1.76798
1.53851
1.45602
1.61914
2.00281
1.33288
1.93144
1.65544
1.69299
1.61575
1.56675
1.08575
1.51004
1.71305
1.57109
1.26953
1.23714
1.76637
1.52017
1.63875
1.37293
1.73125
2.01685
1.92445
1.88418
1.79469
2.00396
1.80206
1.79648
1.50951
1.65554
1.64168
1.25146
1.52089
1.63231
1.60021
1.75868
1.63644
1.40328
1.82807
1.67151
1.80227
1.48886
1.75947
1.63954
1.92992
1.22373
1.43693
1.39265
1.48094
2.01703
1.55953
1.71312
1.94751
1.08641
1.70351
1.63517
1.28093
1.68905
1.90102
1.74675
1.6044
1.5561
1.6973
1.70159
1.87604
2.01703
1.75406
1.71963
1.57342
1.08949
1.57668
1.38931
1.92375
1.41933
1.22195
1.86285
1.49644
1.35113
1.23025
1.71368
1.63565
1.50729
1.71824
1.58026
1.06721
2.01703
1.57995
2.01703
1.45615
1.27165
1.49624
1.26825
1.88727
2.01703
1.68719
1.06876
1.47206
1.53327
1.53628
1.34043
1.88567
1.6757
1.67907
1.70931
1.39244
1.41698
1.92228
1.69716
1.79358
1.48282
1.61161
1.6345
1.58109
1.65009
1.80886
1.8512
1.90922
1.75819
1.37242
1.28304
1.64801
1.48506
1.18647
1.67474
0.670975
1.52834
1.96078
2.01703
1.86638
1.71877
1.63864
1.68348
1.94796
1.74979
1.59079
1.79082
1.64136
1.48294
1.83359
1.59675
1.21416
1.44591
1.19445
1.57211
1.76537
1.36053
1.46397
1.90285
1.75989
1.85031
1.72527
1.86963
1.39839
1.96146
1.62228
1.49437
1.61503
1.50446
1.57748
1.8407
1.69682
1.38526
1.53894
1.76657
1.11477
2.01703
1.67668
1.40098
1.77788
1.47185
1.9048
1.43754
1.64328
1.54567
1.47982
1.44459
1.51811
1.885
1.6168
1.49396
1.35044
1.33998
1.6646
1.66345
0.867768
1.23484
1.96723
1.7203
1.50089
1.64858
1.83868
1.26758
1.43688
1.80041
1.24059
1.14198
1.55994
1.65924
1.85085
1.44537
1.73316
1.51769
1.46824
1.76396
1.36018
1.6709
1.24781
1.06684
1.5679
1.63434
1.17541
1.57315
1.62938
1.05197
1.91051
0.858156
1.37428
1.69484
2.01703
1.96541
1.65511
0.984988
1.60102
1.96851
1.5483
1.31782
1.81873
1.58606
1.78445
1.76183
1.33011
1.29232
1.86419
1.75051
1.81618
1.70358
1.7763
1.5382
1.75314
2.01703
2.01703
1.2708
1.28544
1.76518
1.46725
2.01703
1.76153
1.52767
1.92668
1.4345
1.24074
1.32045
1.57684
1.9091
1.56313
1.76714
1.56807
2.01703
1.65184
1.67169
1.77974
1.52034
1.30258
1.67479
1.68734
2.01213
0.961326
1.21508
1.47479
1.40922
1.52832
2.01703
1.55049
1.38737
1.56566
1.67347
1.57249
1.77042
1.4425
1.6372
1.42564
1.6051
1.85471
1.53414
1.66934
1.07613
1.6807
1.21229
1.33505
1.76786
1.52619
1.43366
1.24683
1.46045
1.41939
1.18621
1.41068
2.01703
1.01007
1.74699
1.75442
2.01703
1.61296
1.58547
1.43162
1.36936
1.33362
1.85059
1.65228
1.29464
1.93157
1.84502
1.73573
0.960588
1.39877
1.30307
1.48751
2.01703
1.82883
1.67121
1.7984
1.2174
1.94967
1.85987
1.3821
1.73615
1.42528
1.53772
1.61573
1.38079
1.78961
1.80087
1.8055
1.42311
1.30167
1.66213
2.01703
1.55647
1.31632
1.45629
1.41627
1.85089
1.41902
1.58004
1.59586
1.43239
1.71097
1.7878
1.96501
2.01703
1.72826
1.33567
1.31037
1.92071
1.67824
1.87006
2.00432
1.60943
1.40881
2.01703
1.68368
1.69839
1.98146
1.62902
1.69651
1.26232
1.94122
2.01703
1.20514
1.88261
1.83483
1.39459
1.43466
1.68995
2.01703
1.55686
1.94616
1.54797
1.45079
1.55022
1.79908
1.76645
1.54573
1.74415
1.43577
1.38008
1.22926
1.56767
1.9081
1.56223
1.6965
1.82635
1.67145
1.86967
1.13458
1.48509
1.57556
1.50469
1.89328
1.4841
1.6923
1.84758
1.52028
1.40715
1.51753
2.00991
1.48564
1.51654
1.39754
1.64069
1.34662
1.3945
1.33131
1.94205
1.55431
1.8952
1.54476
1.54398
2.01703
1.54682
1.83266
1.27536
1.97467
1.5612
1.1346
1.44409
1.70033
2.01703
1.35516
1.41144
1.50372
1.20989
1.22371
1.62098
1.56248
1.43432
1.61255
1.70407
1.69332
1.90337
1.75743
1.49086
1.51309
1.56069
1.50803
1.94555
1.84873
1.76092
1.44874
1.26253
1.81109
2.01703
1.69765
1.598
1.78601
1.66454
1.68718
1.72117
1.82432
2.01703
1.22081
1.65191
1.44755
2.01703
1.80131
1.2833
1.57693
1.85998
1.17906
1.96998
1.29305
1.31571
1.79326
1.55727
1.92147
1.5296
1.74544
1.63215
1.70264
1.59023
1.28256
1.504
1.28884
1.45883
1.67712
1.6439
1.81799
1.45692
1.66511
1.63301
1.63195
1.35873
1.4572
1.74076
1.4179
1.3758
1.9309
1.4589
1.70653
1.43776
1.79131
1.74342
1.46094
1.56866
1.67452
1.57345
1.47447
1.89679
1.5057
1.93039
2.01703
1.85476
1.68591
1.92715
2.01703
1.9546
1.01523
1.55357
1.37457
1.06126
1.62029
1.52387
1.55808
1.59214
1.68259
1.93536
1.32327
2.01703
1.53729
1.75739
1.96268
2.01703
2.01703
1.60176
1.88811
1.799
1.39062
1.25386
1.67037
1.57806
1.36755
1.31837
1.64065
1.69596
1.50693
1.63897
1.66305
1.68878
2.01703
1.63444
1.53526
1.16492
1.91521
1.52668
1.57961
2.01703
1.00067
1.79594
1.99227
1.58895
1.23635
1.9096
1.49349
1.78713
1.43005
1.64886
1.55562
1.68292
1.3052
1.83802
1.58836
1.40882
1.41808
1.65121
1.19245
1.75058
1.68574
1.62424
1.54053
1.68255
1.47401
1.44946
1.68206
1.50915
1.75184
1.70739
1.24145
1.3282
1.54756
1.80778
1.96667
2.01703
1.28357
1.62842
1.58523
1.30815
1.4267
1.71331
2.01703
1.43117
1.19284
1.5872
1.25323
1.47398
1.9179
1.33378
2.01703
1.90127
1.66555
1.61411
1.65186
1.48478
1.57268
1.67008
1.49844
1.86188
1.85551
1.68798
1.86386
1.18259
1.29075
2.01703
1.34306
1.64985
1.89187
1.49073
1.37007
1.66572
1.11208
1.35004
1.70646
1.81437
1.91527
1.38884
1.75873
1.28518
1.47779
1.8823
1.59416
1.87905
1.69187
1.7697
1.22155
1.50474
1.76657
1.62907
1.99202
1.29911
1.66144
2.01703
1.73701
1.58644
1.29352
1.30119
1.5386
1.62794
1.61971
1.7778
1.71662
1.389
2.01703
1.75309
1.62058
2.01703
1.50074
1.85915
1.46563
1.7128
1.56649
1.468
1.24738
1.90145
1.81092
1.92421
1.69292
1.77677
1.36486
1.8109
1.36231
2.01703
1.49717
1.5772
1.65757
1.69381
1.63511
