-7.23284
-7.38078
-7.20637
-7.35195
-7.22307
-7.24101
-7.45383
-7.38968
-7.27096
-7.61858
-7.28392
-7.42052
-7.44207
-7.08813
-7.22003
-7.61451
-7.45856
-7.32687
-7.32216
-7.41103
-7.35248
-6.99101
-7.22698
-7.37141
-7.25879
-7.34308
-7.24573
-7.09326
-7.40712
-7.3042
-7.48422
-7.31614
-7.33219
-7.47343
-7.35662
-7.34367
-7.54471
-7.42839
-7.4047
-7.30014
-7.3955
-7.29868
-7.39846
-7.35683
-7.40404
-7.44666
-7.31506
-7.12237
-7.19772
-7.40854
-7.33341
-7.42676
-7.381
-7.26874
-7.19268
-7.16425
-7.25552
-7.34488
-7.38737
-7.34153
-7.3967
-7.41461
-7.55499
-7.3926
-7.43551
-7.15666
-7.27275
-7.2585
-7.52284
-7.26812
-7.43593
-7.36069
-7.48775
-7.3559
-7.2725
-7.56141
-7.28774
-7.4006
-7.42905
-7.40321
-7.30744
-7.26328
-7.25108
-7.50727
-7.25043
-7.28376
-7.50608
-7.33116
-7.26051
-7.13811
-7.51244
-7.18025
-7.51362
-7.38699
-7.47266
-7.37151
-7.2279
-7.37334
-7.48061
-7.23092
-7.39196
-7.48218
-7.46786
-7.45593
-7.16896
-7.2801
-7.4388
-7.2251
-7.24745
-7.3058
-7.33361
-7.20936
-7.54212
-7.24665
-7.40795
-7.13644
-7.40778
-7.12846
-7.34849
-7.31438
-7.36541
-7.35859
-7.43072
-7.49821
-7.08229
-7.53193
-7.32725
-7.36145
-7.18609
-7.33527
-7.22409
-7.4494
-7.22566
-7.36351
-7.5042
-7.347
-7.43666
-7.15508
-7.23238
-7.43277
-7.23793
-7.32174
-7.39145
-7.19659
-7.45546
-7.44523
-7.17212
-7.36144
-7.29798
-7.41054
-7.40725
-7.22002
-7.28336
-7.25143
-7.31308
-7.42572
-7.29923
-7.47469
-7.32603
-7.55228
-7.15844
-7.4363
-7.31039
-7.27496
-7.44362
-7.36227
-7.50256
-7.51622
-7.27245
-7.34166
-7.22955
-7.30676
-7.32691
-7.29154
-7.41627
-7.41293
-7.41032
-7.36191
-7.23197
-7.59142
-7.59818
-7.34939
-7.2382
-7.32667
-7.11795
-7.25512
-7.64742
-7.37034
-7.35043
-7.23806
-7.36561
-7.52176
-7.38609
-7.53118
-7.37156
-7.26801
-7.34688
-7.44408
-7.35954
-7.29755
-7.14301
-7.3211
-7.45366
-7.30056
-7.37239
-7.17878
-7.42515
-7.25044
-7.29244
-7.18111
-7.45746
-7.38956
-7.15564
-7.45399
-7.31039
-7.37669
-7.32941
-7.29503
-7.60733
-7.31886
-7.18895
-7.4328
-7.44556
-7.4773
-7.41938
-7.31692
-7.57228
-7.45169
-7.40069
-7.19448
-7.25976
-7.18422
-7.50019
-7.31932
-7.24285
-7.34334
-7.17288
-7.31714
-7.37154
-7.10151
-7.25743
-7.53247
-7.1868
-7.28702
-7.27468
-7.23989
-7.30768
-7.4281
-7.33878
-7.18001
-7.265
-7.56476
-7.28857
-7.39568
-7.14157
-7.2909
-7.545
-7.38454
-7.45122
-7.35432
-7.34312
-7.39666
-7.46173
-7.38137
-7.20755
-7.53928
-7.15518
-7.35866
-7.37909
-7.28912
-7.40323
-7.26318
-7.28095
-7.29354
-7.39265
-7.19828
-7.31538
-7.38177
-7.31979
-7.37172
-7.28043
-7.37949
-7.30624
-7.23775
-7.41305
-7.1005
-7.37039
-7.38031
-7.42794
-7.20259
-7.28508
-7.39715
-7.31211
-7.21234
-7.46993
-7.46527
-7.33034
-7.39634
-7.32498
-7.31138
-7.41314
-7.22695
-7.15555
-7.25494
-7.15083
-7.40535
-7.2686
-7.25304
-7.50826
-7.21665
-7.47988
-7.35796
-7.33576
-7.37417
-7.40151
-7.24448
-7.34283
-7.2132
-7.38491
-7.50874
-7.24302
-7.48564
-7.38395
-7.28074
-7.43854
-7.3579
-7.48885
-7.46026
-7.34546
-7.1927
-7.11186
-7.53683
-7.19543
-7.34068
-7.34624
-7.58756
-7.15101
-7.27588
-7.37692
-7.28314
-7.36195
-7.29335
-7.28662
-7.38758
-7.36108
-7.42141
-7.29358
-7.15176
-7.45752
-7.23195
-7.32831
-7.19625
-7.33369
-7.45513
-7.2087
-7.34079
-7.43543
-7.31436
-7.24182
-7.49691
-7.36394
-7.70577
-7.38907
-7.2411
-7.18413
-7.39168
-7.18277
-7.25255
-7.28779
-7.31178
-7.52947
-7.16624
-7.32195
-7.4597
-7.52499
-7.37303
-7.29724
-7.33407
-7.28512
-7.44391
-7.4593
-7.2034
-7.43512
-7.35335
-7.5883
-7.34188
-7.32336
-7.29082
-7.31439
-7.32233
-7.22732
-7.54538
-7.41834
-7.27768
-7.24481
-7.2746
-7.34603
-7.17561
-7.38836
-7.11464
-7.22183
-7.25256
-7.42299
-7.36022
-7.34184
-7.40787
-7.40111
-7.3193
-7.36966
-7.35728
-7.41671
-7.21867
-7.30985
-7.40577
-7.37101
-7.21869
-7.35767
-7.19787
-7.41381
-7.4086
-7.20469
-7.30631
-7.43218
-7.02063
-7.33504
-7.23962
-7.11751
-7.31864
-7.168
-7.48768
-7.09319
-7.36995
-7.33657
-7.26923
-7.22882
-7.30938
-7.48958
-7.6171
-7.43892
-7.35331
-7.2498
-7.33614
-7.2985
-7.38551
-7.19787
-7.42226
-7.36294
-7.40445
-7.45768
-7.27743
-7.22927
-7.41656
-7.4618
-7.1599
-7.44074
-7.30822
-7.47112
-7.35332
-7.36958
-7.27464
-7.17636
-7.42224
-7.37737
-7.37805
-7.32277
-7.35598
-7.23066
-7.45361
-7.39733
-7.31138
-7.29608
-7.29173
-7.21072
-7.45618
-7.41191
-7.04805
-7.52843
-7.37161
-7.43227
-7.39652
-7.65723
-7.16436
-7.26384
-7.46834
-7.43002
-7.3876
-7.05011
-7.25042
-7.44752
-7.11367
-7.50539
-7.60114
-7.51642
-7.19099
-7.14258
-7.4325
-7.46797
-7.26575
-7.65533
-7.32301
-7.25445
-7.33105
-7.23878
-7.40576
-7.31049
-7.27873
-7.46984
-7.18297
-7.40356
-7.33258
-7.37571
-7.32559
-7.20935
-7.15774
-7.43111
-7.15093
-7.35742
-7.3973
-7.08109
-7.45802
-7.32239
-7.46851
-7.40327
-7.30478
-7.22454
-7.43278
-7.54023
-7.36144
-7.24286
-7.34497
-7.41067
-7.32808
-7.23292
-7.50592
-7.42492
-7.31134
-7.27367
-7.25466
-7.34806
-7.34248
-7.31354
-7.22592
-7.42894
-7.42408
-7.3112
-7.21392
-7.36078
-7.33617
-7.10313
-7.21715
-7.42477
-7.45299
-7.32025
-7.23964
-7.42755
-7.26597
-7.31915
-7.16274
-7.30158
-7.28279
-7.2405
-7.3222
-7.54642
-7.25566
-7.14553
-7.47291
-7.47231
-7.34868
-7.22264
-7.37989
-7.18979
-7.18093
-7.31594
-7.43297
-7.24451
-7.24548
-7.1822
-7.14188
-7.47047
-7.55722
-7.40776
-7.2819
-7.31388
-7.30311
-7.29696
-7.30827
-7.51851
-7.53692
-7.30508
-7.36761
-7.40787
-7.25293
-7.27158
-7.34599
-7.32562
-7.32946
-7.31436
-7.3599
-7.26761
-7.28469
-7.24405
-7.3831
-7.43462
-7.5424
-7.2614
-7.20938
-7.42661
-7.47975
-7.25833
-7.17376
-7.36174
-7.22431
-7.4528
-7.20851
-7.52964
-7.37002
-7.29738
-7.35937
-7.27665
-7.37506
-7.37218
-7.2559
-7.22337
-7.37295
-7.40683
-7.27433
-7.29154
-7.43071
-7.17301
-7.24861
-7.37655
-7.29853
-7.30495
-7.43353
-7.29151
-7.36145
-7.38511
-7.48618
-7.51877
-7.34296
-7.24356
-7.21309
-7.2992
-7.31154
-7.51969
-7.2307
-7.32014
-7.38996
-7.33442
-7.39578
-7.51373
-7.24498
-7.37423
-7.43231
-7.20194
-7.35168
-7.30308
-7.33406
-7.24356
-7.20934
-7.38855
-7.23251
-7.43083
-7.55387
-7.38452
-7.31045
-7.60129
-7.21294
-7.51635
-6.99267
-7.33482
-7.50248
-7.45958
-7.2266
-7.3142
-7.29733
-7.18537
-7.49434
-7.29321
-7.26906
-7.49969
-7.3314
-7.0637
-7.26137
-7.3543
-7.23189
-7.52186
-7.45429
-7.31197
-7.32809
-7.61252
-7.50901
-7.22053
-7.43422
-7.4191
-7.47852
-7.35208
-7.09639
-7.40127
-7.37684
-7.2876
-7.6031
-7.21414
-7.32538
-7.38121
-7.57036
-7.21105
-7.34773
-7.36718
-7.24696
-7.3535
-7.40273
-7.21255
-7.36657
-7.36401
-7.32346
-7.33609
-7.35398
-7.32961
-7.4496
-7.42651
-7.64941
-7.26809
-7.48261
-7.28535
-7.3783
-7.42023
-7.23469
-7.38819
-7.1669
-7.2037
-7.17569
-7.24349
-7.41488
-7.18332
-7.2361
-7.23924
-7.39541
-7.18953
-7.44641
-7.44485
-7.368
-7.40281
-7.59695
-7.28348
-7.41525
-7.29015
-7.42505
-7.2557
-7.16112
-7.25491
-7.50735
-7.30306
-7.39139
-7.54179
-7.07212
-7.32805
-7.37733
-7.33614
-7.49581
-7.10755
-7.29546
-7.3632
-7.38285
-7.36075
-7.14726
-7.26972
-7.11908
-7.44474
-7.24177
-7.34981
-7.24618
-7.53235
-7.40534
-7.57037
-7.45668
-7.28217
-7.64278
-7.21795
-7.25873
-7.22969
-7.27733
-7.38848
-7.35306
-7.29034
-7.32795
-7.40558
-7.16941
-7.35722
-7.45403
-7.3925
-7.28152
-7.32257
-7.24981
-7.2031
-7.38533
-7.03547
-7.36992
-7.34673
-7.61776
-7.46221
-7.25204
-7.39938
-7.414
-7.68775
-7.36446
-7.42741
-7.41055
-7.37573
-7.27915
-7.18053
-7.52853
-7.33581
-7.41059
-7.42862
-7.49398
-7.21205
-7.53254
-7.35796
-7.462
-7.26318
-7.52937
-7.31095
-7.36034
-7.43035
-7.53786
-7.35714
-7.295
-7.20435
-7.38218
-7.37697
-7.19937
-7.33849
-7.31763
-7.21524
-7.19195
-7.46845
-7.35194
-7.23558
-7.39974
-7.29593
-7.32701
-7.5609
-7.30348
-7.1372
-7.55382
-7.43067
-7.66026
-7.34927
-7.36635
-7.45015
-7.43069
-7.08336
-7.36009
-7.33275
-7.16851
-7.62994
-7.37702
-7.21627
-7.46126
-7.4124
-7.28447
-7.32631
-7.26267
-7.31905
-7.34941
-7.34569
-7.40854
-7.41877
-7.1603
-7.50521
-7.64239
-7.38007
-7.46677
-7.21618
-7.50288
-7.38107
-7.42123
-7.27722
-7.2967
-7.23015
-7.45976
-7.32981
-7.48164
-7.61767
-7.50464
-7.33407
-7.32707
-7.51636
-7.38573
-7.26738
-7.27186
-7.46252
-7.36898
-7.48966
-7.27886
-7.35618
-7.58574
-7.38141
-7.4237
-7.37275
-7.16384
-7.34226
-7.47863
-7.29129
-7.07851
-7.40209
-7.63244
-7.35733
-7.43554
-7.43762
-7.21532
-7.21093
-7.2062
-7.48406
-7.33947
-7.38972
-7.39782
-7.30479
-7.26555
-7.41468
-7.10987
-7.17299
-7.23796
-7.34044
-7.36406
-7.46982
-7.4193
-7.29394
-7.30038
-7.33111
-7.34784
-7.34545
-7.32334
-7.32803
-7.41599
-7.58364
-7.34265
-7.08355
-7.29634
-7.21074
-7.53999
-7.25438
-7.26065
-7.31274
-7.48362
-7.43047
-7.2016
-7.19101
-7.42513
-7.58799
-7.31421
-7.40354
-7.34847
-7.28789
-7.43318
-7.34478
-7.37721
-7.40879
-7.49131
-7.46059
-6.98569
-7.19798
-7.44172
-7.43475
-7.44129
-7.3781
-7.3323
-7.40828
-7.39522
-7.17359
-7.5208
-7.12923
-7.18422
-7.37273
-7.43064
-7.2984
-7.43529
-7.37608
-7.4513
-7.36245
-7.33462
-7.4053
-7.33335
-7.42316
-7.28314
-7.26719
-7.2256
-7.32455
-7.37352
-7.44519
-7.34451
-7.25271
-7.62825
-7.30156
-7.59915
-7.36158
-7.57494
-7.396
-7.40009
-7.28873
-7.35032
-7.37873
-7.47446
-7.3037
-7.37551
-7.18163
-7.44498
-7.45533
-7.30485
-7.19788
-7.37711
-7.48773
-7.42004
-7.32174
-7.4418
-7.47427
-7.0755
-7.28009
-7.46516
-7.28015
-7.56928
-7.27603
-7.49333
-7.36246
-7.2227
-7.34555
-7.22464
-7.32354
-7.23175
-7.40035
-7.33634
-7.3474
-7.27637
-7.31381
-7.1363
-7.3827
-7.25694
-7.3181
-7.32232
-7.39175
-7.27731
-7.29381
-7.32892
-7.20444
-7.47788
-7.41898
-7.75913
-7.34459
-7.42272
-7.24268
-7.3424
-7.29021
-7.43146
-7.36266
-7.50196
-7.48782
-7.53539
-7.26673
-7.26423
-7.41916
-7.15501
-7.41431
-7.3225
-7.1461
-7.36999
-7.44975
-7.32732
-7.50834
-7.38453
-7.4481
-7.47856
-7.35477
-7.26925
-7.38674
-7.25687
-7.40564
-7.24225
-7.26454
-7.0674
-7.37086
-7.23721
-7.17943
-7.37756
-7.34929
-7.39082
-7.30105
-7.41229
-7.54741
-7.37885
-7.26197
-7.48568
-7.45148
-7.36078
-7.50501
-7.27029
-7.58371
-7.1083
-7.4391
-7.26347
-7.50231
-7.41732
-7.22958
-7.44588
-7.27578
-7.3493
-7.47457
-7.28827
-7.32016
-7.10205
-7.27961
-7.29629
-7.41609
-7.19776
-7.136
-7.40447
-7.38655
-7.3639
-7.44693
-7.10754
-7.18575
-7.15721
-7.42513
-7.30817
-7.30688
-7.34306
-7.42023
-7.32865
-7.55072
-7.50665
-7.40257
-7.38608
-7.49845
-7.35302
-7.1436
-7.56541
-7.30295
-7.26265
-7.26122
-7.31698
-7.35212
-7.30364
-7.23885
-7.28358
-7.51991
-7.46482
-7.47625
-7.2424
-7.40093
-7.49054
-7.51575
-7.30173
-7.23583
-7.15472
-7.38334
-7.47602
-7.60025
-7.32042
-7.40048
-7.35169
-7.47996
-7.27817
-7.4165
-7.36931
-7.38949
-7.25597
-7.52209
-7.66617
-7.19528
-7.30957
-7.4574
-7.23923
-7.53946
-7.32187
-7.39769
-7.46682
-7.37219
-7.63463
-7.29559
-7.48504
-7.06913
-7.63126
-7.16064
-7.33166
-7.41739
-7.24091
-7.36781
-7.19221
-7.41368
-7.13019
-7.26103
-7.12988
-7.35026
-7.20904
-7.29577
-7.63432
-7.53108
-7.3623
-7.05166
-7.09249
-7.52223
-7.23329
-7.31796
-7.46714
-7.48047
-7.22277
-7.28702
-7.20902
-7.17338
-7.3868
-7.35482
-7.34975
-7.37236
-7.29874
-7.54269
-7.1484
-7.41107
-7.46441
-7.48052
-7.46916
-7.24858
-7.50753
-7.34581
-7.40239
-7.59084
-7.28639
-7.44742
-7.21605
-7.37825
-7.31037
-7.28937
-7.15381
-7.39364
-7.31726
-7.43397
-7.33201
-7.36914
-7.2244
-7.32688
-7.1461
-7.31838
-7.25963
-7.17723
-7.27917
-7.63548
-7.08629
-7.39637
-7.34993
-7.37026
-7.28693
-7.3017
-7.14616
-7.32058
-7.47281
-7.31282
-7.25773
-7.27981
-7.29301
-7.21171
-7.33647
-7.26511
-7.29241
-7.21107
-7.42566
-7.52767
-7.45459
-7.389
-7.43241
-7.25018
-7.2539
-7.43698
-7.46921
-7.27791
-7.41225
-7.14111
-7.30541
-7.40515
-7.60939
-7.44627
-7.46323
-7.52291
-7.23337
-7.37892
-7.38211
-7.41103
-7.35063
-7.40797
-7.44884
-7.35092
-7.28449
-7.22945
-7.49955
-7.26789
-7.18321
-7.22937
-7.31555
-7.31519
-7.42539
-7.45323
-7.3431
-7.41555
-7.26121
-7.28361
-7.14325
-7.20607
-7.48964
-7.33763
-7.45675
-7.43201
-7.51059
-7.09921
-7.41089
-7.27389
-7.33332
-7.33704
-7.19594
-7.05179
-7.24903
-7.26337
-7.13469
-7.46619
-7.21431
-7.39892
-7.21638
-7.23039
-7.26651
-7.54195
-7.40002
-7.39396
-7.39354
-7.37828
-7.16655
-7.31608
-7.22296
-7.42627
-7.36823
-7.37412
-7.4251
-7.39669
-7.44899
-7.43048
-7.26656
-7.27086
-7.22967
-7.53667
-7.5279
-7.32971
-7.37108
-7.47962
-7.47173
-7.47751
-7.4245
-7.54936
-7.45769
-7.32983
-7.43
-7.38386
-7.5074
-7.28574
-7.33545
-7.52499
-7.47849
-7.51934
-7.3058
-7.12659
-7.43038
-7.47796
-7.20043
-7.35802
-7.39718
-7.28155
-7.29174
-7.48665
-7.43969
-7.4754
-7.21425
-7.39425
-7.38485
-7.31152
-7.62872
-7.17804
-7.34786
-7.2982
-7.25702
-7.37129
-7.43974
-7.16562
-7.3959
-7.37235
-7.34507
-7.2541
-7.22315
-7.18895
-7.38017
-7.33631
-7.34669
-7.30903
-7.26642
-7.32645
-7.52798
-7.08492
-7.32342
-7.54891
-7.42881
-7.37804
-7.44247
-7.35013
-7.51197
-7.40763
-7.44914
-7.38039
-7.18294
-7.30087
-7.16332
-7.43508
-7.36508
-7.24157
-7.36061
-7.34685
-7.18471
-7.53385
-7.37189
-7.1184
-7.36802
-7.51357
-7.36491
-7.24897
-7.34975
-7.22433
-7.27412
-7.38777
-7.44898
-7.55307
-7.35239
-7.15279
-7.28455
-7.34641
-7.46204
-7.28828
-7.24324
-7.38822
-7.24175
-7.51168
-7.45144
-7.41581
-7.34962
-7.26696
-7.31134
-7.35744
-7.46832
-7.40904
-7.29101
-7.40334
-7.27027
-7.40837
-7.3618
-7.27251
-7.37202
-7.30016
-7.23832
-7.26488
-7.30096
-7.37238
-7.42793
-7.4262
-7.24313
-7.35034
-7.27391
-7.32912
-7.34723
-7.18751
-7.22275
-7.29302
-7.21426
-7.40798
-7.30619
-7.27872
-7.27281
-7.23336
-7.37608
-7.38565
-7.42502
-7.40094
-7.3171
-7.2726
-7.47466
-7.10696
-7.50085
-7.47354
-7.43218
-7.50565
-7.08891
-7.35331
-7.2186
-7.33228
-7.51216
-7.26291
-7.54819
-7.36926
-7.32526
-7.35985
-7.27357
-7.22668
-7.35272
-7.22629
-7.37055
-7.43595
-7.43596
-7.2268
-7.51179
-7.09135
-7.32479
-7.32174
-7.41163
-7.3239
-7.29673
-7.1573
-7.35441
-7.50925
-7.3521
-7.27375
-7.38456
-7.31187
-7.30196
-7.22963
-7.27454
-7.20005
-7.212
-7.22743
-7.30822
-7.42378
-7.16067
-7.24585
-7.45984
-7.26615
-7.29516
-7.38483
-7.24311
-7.17955
-7.32813
-7.37991
-7.4825
-7.3496
-7.35447
-7.33998
-7.4528
-7.38962
-7.18548
-7.43861
-7.38108
-7.21322
-7.31359
-7.41345
-7.40484
-7.64426
-7.4291
-7.32574
-7.33284
-7.18351
-7.21744
-7.2985
-7.3899
-7.34839
-7.23399
-7.53077
-7.49501
-7.29666
-7.53437
-7.51781
-7.29308
-7.37724
-7.43907
-7.35747
-7.26878
-7.24767
-7.26875
-7.25799
-7.23008
-7.35011
-7.33202
-7.41063
-7.25144
-7.18747
-7.31475
-7.2501
-7.15484
-7.19155
-7.27642
-7.31516
-7.3747
-7.46122
-7.36976
-7.41015
-7.43422
-7.2373
-7.51425
-7.24379
-7.70466
-7.55934
-7.13689
-7.38393
-7.14664
-7.33136
-7.51689
-7.21008
-7.39051
-7.33869
-7.29516
-7.41317
-7.31736
-7.30317
-7.44273
-7.241
-7.23078
-7.56251
-7.30793
-7.32436
-7.37276
-7.16868
-7.2335
-7.37823
-7.42981
-7.09628
-7.27086
-7.43509
-7.45744
-7.37227
-7.27079
-7.37535
-7.38308
-7.27877
-7.44776
-7.27825
-7.45732
-7.37733
-7.3736
-7.52487
-7.26776
-7.25204
-7.24431
-7.47215
-7.2782
-7.35078
-7.5112
-7.34167
-7.44062
-7.30223
-7.41131
-7.26658
-7.22234
-7.30142
-7.38218
-7.41596
-7.31963
-7.27127
-7.26125
-7.34728
-7.40662
-7.25921
-7.3512
-7.44212
-7.42962
-7.40414
-7.39076
-7.46206
-7.44844
-7.41527
-7.20251
-7.32567
-7.29046
-7.41438
-7.42023
-7.38238
-7.49897
-7.41866
-7.27422
-7.35053
-7.25284
-7.43337
-7.39075
-7.36921
-7.23133
-7.45703
-7.46918
-7.36297
-7.32473
-7.45609
-7.29268
-7.52965
-7.38621
-7.39311
-7.26346
-7.54237
-7.44053
-7.24863
-7.52618
-7.36247
-7.41514
-7.5125
-7.38079
-7.33156
-7.38994
-7.30944
-7.33467
-7.21648
-7.40437
-7.07529
-7.10637
-7.33576
-7.34734
-7.27507
-7.47054
-7.40202
-7.25409
-7.37544
-7.36813
-7.37261
-7.28321
-7.34317
-7.50131
-7.35527
-7.26052
-7.3596
-7.40809
-7.44457
-7.38837
-7.17761
-7.32497
-7.41181
-7.27185
-7.27165
-7.14872
-7.35116
-7.47931
-7.15053
-7.46767
-7.32119
-7.42563
-7.26619
-7.13723
-7.20893
-7.4097
-7.40271
-7.1742
-7.22262
-7.42621
-7.24596
-7.31543
-7.23228
-7.31688
-7.44864
-7.32206
-7.51382
-7.45652
-7.24627
-7.28496
-7.32591
-7.28695
-7.47091
-7.42777
-7.27377
-7.2659
-7.36875
-7.39369
-7.22233
-7.17877
-7.11482
-7.41922
-7.40468
-7.50231
-7.19497
-7.24259
-7.21958
-7.39877
-7.49554
-7.46636
-7.43025
-7.25073
-7.35049
-7.50691
-7.52896
-7.35636
-7.34434
-7.32424
-7.23175
-7.32523
-7.2002
-7.22067
-7.19042
-7.45766
-7.38887
-7.24175
-7.3026
-7.55315
-7.49364
-7.26265
-7.1554
-7.48476
-7.408
-7.19479
-7.23589
-7.27897
-7.37687
-7.30863
-7.60328
-7.23471
-7.38998
-7.29192
-7.43139
-7.30959
-7.35171
-7.32503
-7.2891
-7.43168
-7.41375
-7.23817
-7.3666
-7.41062
-7.47839
-7.32209
-7.50843
-7.14257
-7.23302
-7.29633
-7.25444
-7.5337
-7.38087
-7.19499
-7.15316
-7.15569
-7.31378
-7.51694
-7.34861
-7.32895
-7.4199
-7.38767
-7.26481
-7.37447
-7.34658
-7.44853
-7.47096
-7.34971
-7.38508
-7.25652
-7.15596
-7.25121
-7.1248
-7.36972
-7.3195
-7.26171
-7.51259
-7.50987
-7.54737
-7.43698
-7.41092
-7.3716
-7.17005
-7.30243
-7.51301
-7.29798
-7.25137
-7.11972
-7.17699
-7.40431
-7.31793
-7.3999
-7.39046
-7.3217
-7.48075
-7.20316
-7.27477
-7.39165
-7.27155
-7.25634
-7.27384
-7.3074
-7.20233
-7.39885
-7.33501
-7.24703
-7.52144
-7.35062
-7.12952
-7.34305
-7.2176
-7.26465
-7.13394
-7.18192
-7.36463
-7.35193
-7.41139
-7.24572
-7.11505
-7.34344
-7.43689
-7.18144
-7.28329
-7.36853
-7.34167
-7.28522
-7.54774
-7.38113
-7.40272
-7.18326
-7.21519
-7.29013
-7.35665
-7.24214
-7.43658
-7.31936
-7.43515
-7.38577
-7.33478
-7.47227
-7.25447
-7.37388
-7.366
-7.29452
-7.4437
-7.1476
-7.36525
-7.44122
-7.39987
-7.35321
-7.33199
-7.33281
-7.23366
-7.2212
-7.48521
-7.46795
-7.26034
-7.22516
-7.36705
-7.30673
-7.31384
-7.54703
-7.60237
-7.41391
-7.40328
-7.46416
-7.16764
-7.41825
-7.16218
-7.43559
-7.44613
-7.53527
-7.33416
-7.41724
-7.34144
-7.52435
-7.22953
-7.27722
-7.23036
-7.15552
-7.34964
-7.33788
-7.359
-7.18448
-7.14282
-7.31053
-7.2795
-7.41909
-7.4855
-7.37305
-7.37769
-7.36713
-7.4078
-7.30124
-7.22293
-7.21252
-7.2084
-7.24094
-7.33142
-7.45179
-7.39734
-7.38078
-7.3483
-7.27062
-7.51687
-7.44323
-7.25143
-7.30209
-7.39511
-7.52055
-7.49255
-7.30506
-7.31323
-7.43312
-7.36727
-7.22127
-7.28433
-7.22949
-7.34285
-7.29155
-7.46338
-7.28912
-7.206
-7.35377
-7.43733
-7.13158
-7.30188
-7.22985
-7.07435
-7.43359
-7.19563
-7.17168
-7.47625
-7.37918
-7.48392
-7.32915
-7.28297
-7.46173
-7.24589
-7.62819
-7.41331
-7.42215
-7.40339
-7.16825
-7.32523
-7.24251
-7.48817
-7.65295
-7.24088
-7.53187
-7.23728
-7.46952
-7.21866
-7.48204
-7.39878
-7.29858
-7.35186
-7.22293
-7.54254
-7.42172
-7.28272
-7.6187
-7.31815
-7.30638
-7.32543
-7.21203
-7.33284
-7.22526
-7.5228
-7.33771
-7.24876
-7.1719
-7.17446
-7.33246
-7.28318
-7.36554
-7.17757
-7.46153
-7.27794
-7.41729
-7.26601
-7.54765
-7.50141
-7.43023
-7.29061
-7.44466
-7.32917
-7.13432
-7.39993
-7.52324
-7.59302
-7.50756
-7.31778
-7.28473
-7.48664
-7.34285
-7.427
-7.63154
-7.5572
-7.30843
-7.46557
-7.27036
-7.21724
-7.30548
-7.34288
-7.61435
-7.31499
-7.49795
-7.45927
-7.39783
-7.45642
-7.14928
-7.5022
-7.3261
-7.25651
-7.20159
-7.50483
-7.25822
-7.26036
-7.36105
-7.35834
-7.14794
-7.17733
-7.18994
-7.17783
-7.37675
-7.45544
-7.40657
-7.08464
-7.2927
-7.3403
-7.19261
-7.23065
-7.30584
-7.44108
-7.33258
-7.17711
-7.10727
-7.3477
-7.46481
-7.58318
-7.21791
-7.33532
-7.24576
-7.46803
-7.31243
-7.37972
-7.3174
-7.38996
-7.22726
-7.31695
-7.26827
-7.35946
-7.2391
-7.14275
-7.30127
-7.40887
-7.37616
-7.43264
-7.36233
-7.48514
-7.48396
-7.18283
-7.27518
-7.32759
-7.36099
-7.35147
-7.50633
-7.30676
-7.51875
-7.23825
-7.4992
-7.38584
-7.35394
-7.23307
-7.34108
-7.11675
-7.40767
-7.40057
-7.39828
-7.41042
-7.56676
-7.13413
-7.33288
-7.36643
-7.5475
-7.39209
-7.3491
-7.34557
-7.39119
-7.26177
-7.24663
-7.18433
-7.3387
-7.38204
-7.32108
-7.18664
-7.44141
-7.47207
-7.50678
-7.21433
-7.4713
-7.31232
-7.29765
-7.25832
-7.57681
-7.39521
-7.40656
-7.35658
-7.13115
-7.09724
-7.42711
-7.4011
-7.39391
-7.37774
-7.53453
-7.25829
-7.4483
-7.30873
-7.3382
-7.36844
-7.32465
-7.3862
-7.08033
-7.42564
-7.44827
-7.29148
-7.39314
-7.47992
-7.45804
-7.59333
-7.35513
-7.32452
-7.17052
-7.35605
-7.34013
-7.36871
-7.21628
-7.21668
-7.30245
-7.40966
-7.35252
-7.26076
-7.25449
-7.15865
-7.46833
-7.24387
-7.31092
-7.42317
-7.13728
-7.3191
-7.20018
-7.35036
-7.23338
-7.43702
-7.42251
-7.55391
-7.4427
-7.45402
-7.30654
-7.43747
-7.28643
-7.48563
-7.46802
-7.35508
-7.24762
-7.02607
-7.31498
-7.27353
-7.26817
-7.24388
-7.35735
-7.42667
-7.51684
-7.25412
-7.30967
-7.27168
-7.22082
-7.25147
-7.1788
-7.37585
-7.37742
-7.45468
-7.13762
-7.36113
-7.18544
-7.45442
-7.31156
-7.4746
-7.42968
-7.29192
-7.29511
-7.27573
-7.23884
-7.15448
-7.30811
-7.51888
-7.41055
-7.23896
-7.36838
-7.12868
-7.42072
-7.32629
-7.1476
-7.62509
-7.29338
-7.37026
-7.35111
-7.26834
-7.23716
-7.40234
-7.42871
-7.47429
-7.5154
-7.37498
-7.33589
-7.36691
-7.23191
-7.51916
-7.35481
-7.30868
-7.53604
-7.32723
-7.41212
-7.42377
-7.3258
-7.38684
-7.35443
-7.43744
-7.1865
-7.33442
-7.3275
-7.36295
-7.28096
-7.4518
-7.37302
-7.20544
-7.22675
-7.36902
-7.27716
-7.34676
-7.28798
-7.43548
-7.0987
-7.5092
-7.42178
-7.30598
-7.55625
-7.3807
-7.55281
-7.39513
-7.41779
-7.39774
-7.23509
-7.17099
-7.21329
-7.21773
-7.46013
-7.42369
-7.22399
-7.48329
-7.56983
-7.3184
-7.19869
-7.27235
-7.29528
-7.44003
-7.54457
-7.23798
-7.13692
-7.52137
-7.36823
-7.33229
-7.18936
-7.37309
-7.52712
-7.49618
-7.39072
-7.26286
-7.35157
-7.23447
-7.23198
-7.21644
-7.37819
-7.18817
-7.52051
-7.29498
-7.22268
-7.23974
-7.50537
-7.4146
-7.50441
-7.29289
-7.30476
-7.1612
-7.44712
-7.36566
-7.47389
-7.28912
-7.34272
-7.22902
-7.25041
-7.38421
-7.10699
-7.45123
-7.34053
-7.29549
-7.47452
-7.31208
-7.27658
-7.22985
-7.40838
-7.39781
-7.31834
-7.22065
-7.17647
-7.23239
-7.25604
-7.412
-7.38308
-7.53042
-7.32184
-7.22406
-7.34533
-7.28539
-7.39057
-7.23684
-7.49426
-7.35426
-7.34464
-7.49823
-7.39365
-7.4298
-7.15344
-7.37774
-7.3064
-7.26239
-7.38307
-7.54221
-7.41094
-7.42431
-7.35914
-7.29336
-7.16094
-7.41511
-7.32693
-7.29952
-7.45869
-7.32043
-7.44213
-7.41396
-7.2431
-7.12916
-7.22244
-7.33426
-7.43431
-7.29799
-7.17626
-7.1995
-7.43174
-7.32807
-7.30536
-7.26507
-7.28009
-7.42264
-7.44152
-7.32001
-7.29334
-7.36211
-7.43713
-7.3835
-7.35021
-7.36162
-7.20715
-7.32739
-7.27301
-7.41518
-7.01512
-7.08755
-7.16821
-7.48321
-7.28581
-7.29245
-7.28898
-7.40434
-7.39371
-7.41385
-7.32586
-7.18345
-7.3745
-7.34043
-7.3196
-7.64768
-7.37797
-7.25128
-7.3596
-7.33362
-7.37106
-7.30877
-7.30916
-7.20461
-7.31442
-7.23872
-7.19389
-7.33014
-7.35324
-7.29011
-7.31533
-7.28575
-7.40153
-7.60015
-7.56548
-7.39819
-7.43837
-7.31736
-7.24358
-7.23131
-7.42635
-7.32407
-7.33718
-7.41379
-7.40707
-7.24943
-7.23644
-7.46758
-7.48815
-7.19739
-7.32036
-7.3951
-7.31091
-7.30996
-7.41076
-7.24512
-7.21632
-7.20125
-7.26928
-7.45186
-7.24881
-7.41852
-7.2606
-7.15063
-7.24659
-6.94819
-7.52941
-7.26926
-7.48434
-7.36678
-7.29313
-7.59716
-7.49385
-7.32746
-7.37189
-7.47342
-7.3128
-7.41274
-7.46894
-7.31638
-7.32581
-7.40606
-7.31165
-7.36436
-7.55028
-7.30093
-7.41393
-7.49483
-7.3515
-7.26543
-7.18348
-7.3068
-7.4244
-7.33619
-7.53697
-7.30336
-7.33068
-7.46296
-7.24912
-7.56022
-7.44604
-7.50978
-7.35607
-7.34066
-7.3003
-7.29597
-7.32737
-7.51462
-7.2775
-7.34198
-7.34024
-7.40214
-7.29934
-7.27201
-7.34358
-7.26121
-7.47575
-7.51798
-7.30694
-7.28539
-7.43071
-7.22597
-7.44141
-7.28746
-7.24299
-7.57342
-7.31553
-7.33194
-7.33263
-7.29322
-7.52685
-7.45472
-7.51192
-7.36713
-7.43293
-7.2917
-7.43398
-7.45494
-7.20873
-7.39648
-7.25432
-7.26356
-7.42221
-7.45253
-7.39495
-7.27887
-7.44532
-7.1817
-7.31787
-7.1969
-7.39072
-7.32139
-7.20687
-7.22828
-7.5484
-7.42666
-7.39161
-7.62564
-7.33614
-7.2928
-7.3409
-7.34506
-7.36692
-7.47951
-7.4751
-7.51182
-7.22563
-7.30488
-7.29785
-7.49585
-7.2983
-7.39072
-7.25547
-7.32807
-7.3206
-7.21586
-7.45034
-7.37475
-7.38842
-7.3226
-7.32294
-7.23786
-7.42505
-7.08755
-7.29008
-7.44447
-7.28325
-7.08576
-7.5415
-7.19183
-7.39361
-7.2154
-7.24867
-7.41681
-7.36529
-7.18456
-7.29819
-7.28996
-7.50889
-7.21461
-7.2769
-7.4536
-7.50765
-7.24907
-7.30457
-7.61582
-7.61079
-7.34947
-7.26762
-7.47962
-7.28985
-7.48045
-7.41705
-7.36778
-7.4627
-7.5141
-7.23842
-7.37044
-7.45351
-7.24445
-7.44659
-7.33802
-7.26581
-7.31212
-7.35371
-7.35541
-7.49058
-7.32948
-7.36078
-7.25358
-7.20457
-7.32903
-7.31594
-7.393
-7.20573
-7.27522
-7.46218
-7.45553
-7.25369
-7.35688
-7.31614
-7.43185
-7.23318
-7.29804
-7.2234
-7.08984
-7.37869
-7.41435
-7.303
-7.68922
-7.36161
-7.28632
-7.32041
-7.4722
-7.21603
-7.34232
-7.35839
-7.45312
-7.21912
-7.31158
-7.42481
-7.27225
-7.21499
-7.38323
-7.28654
-7.08102
-7.32877
-7.20941
-7.46665
-7.42321
-7.24097
-7.33154
-7.39098
-7.38395
-7.41555
-7.12254
-7.26432
-7.48733
-7.24162
-7.28455
-7.3823
-7.33249
-7.39189
-7.21562
-7.3363
-7.63977
-7.3506
-7.25557
-7.27275
-7.38775
-7.29594
-7.2718
-7.35172
-7.53208
-7.22499
-7.17395
-7.23656
-7.3907
-7.52204
-7.48855
-7.17064
-7.47906
-7.59651
-7.28597
-7.42072
-7.18245
-7.5489
-7.40952
-7.53059
-7.2967
-7.61556
-7.19975
-7.2475
-7.48644
-7.28021
-7.4155
-7.32916
-7.36185
-7.27856
-7.54598
-7.42388
-7.31541
-7.25648
-7.28902
-7.53183
-7.51172
-7.35266
-7.29774
-7.46678
-7.21763
-7.3276
-7.38463
-7.31795
-7.25748
-7.35087
-7.36367
-7.34908
-7.29877
-7.20191
-7.32136
-7.44057
-7.37536
-7.50971
-7.40083
-7.48322
-7.27445
-7.37605
-7.43993
-7.2969
-7.23303
-7.16006
-7.20753
-7.55531
-7.32069
-7.23609
-7.40319
-7.33477
-7.45617
-7.45975
-7.28542
-7.17631
-7.30927
-7.49094
-7.18348
-7.32362
-7.26872
-7.17058
-7.34257
-7.51308
-7.49385
-7.1097
-7.43165
-7.31449
-7.32108
-7.3531
-7.55371
-7.63402
-7.41988
-7.70073
-7.47645
-7.12434
-7.45859
-7.29951
-7.18765
-7.4469
-7.28663
-7.28536
-7.1989
-7.38801
-7.34265
-7.35924
-7.25089
-7.22874
-7.36104
-7.2276
-7.21527
-7.35136
-7.3587
-7.5849
-7.18002
-7.2642
-7.44299
-7.19579
-7.2494
-7.10079
-7.3555
-7.34944
-7.37514
-7.36856
-7.21755
-7.10607
-7.46887
-7.57572
-7.28513
-7.36032
-7.37881
-7.22235
-7.1189
-7.29902
-7.22011
-7.20566
-7.37022
-7.36862
-7.09873
-7.51749
-7.27689
-6.93046
-7.48327
-7.33264
-7.26257
-7.35296
-7.25322
-7.25736
-7.29984
-7.25595
-7.36786
-7.22185
-7.23072
-7.32995
-7.48317
-7.29487
-7.44458
-7.46723
-7.23803
-7.21973
-7.42671
-7.1883
-7.28191
-7.49626
-7.42991
-7.22413
-7.2394
-7.55123
-7.27358
-7.23985
-7.19012
-7.37639
-7.386
-7.32856
-7.40191
-7.24131
-7.34014
-7.29944
-7.42392
-7.33638
-7.50852
-7.28396
-7.47633
-7.23651
-7.43953
-7.35081
-7.2369
-7.27733
-7.24557
-7.3809
-7.28672
-7.28451
-7.36023
-7.28405
-7.21837
-7.4392
-7.23451
-7.17772
-7.39427
-7.3455
-7.31524
-7.30395
-7.22149
-7.25179
-7.42711
-7.45466
-7.62408
-7.5292
-7.31334
-7.16054
-7.26993
-7.28923
-7.24952
-7.36203
-7.4349
-7.29442
-7.38683
-7.45733
-7.36468
-7.37618
-7.34805
-7.27957
-7.26137
-7.39749
-7.28395
-7.22524
-7.45006
-7.23389
-7.30334
-7.42539
-7.34091
-7.47234
-7.33393
-7.51836
-7.3708
-7.45059
-7.39728
-7.71631
-7.40059
-7.50102
-7.21825
-7.46127
-7.32933
-7.53813
-7.45137
-7.46882
-7.37261
-7.43474
-7.23597
-7.29587
-7.29342
-7.17761
-7.35425
-7.32853
-7.4302
-7.4404
-7.41401
-7.37598
-7.39784
-7.39069
-7.31575
-7.33591
-7.3061
-7.46931
-7.39746
-7.28773
-7.34358
-7.51951
-7.17173
-7.29311
-7.14393
-7.62704
-7.21627
-7.42665
-7.35126
-7.12665
-7.45949
-7.20262
-7.34412
-7.45098
-7.39202
-7.23036
-7.25423
-7.19938
-7.16823
-7.37653
-7.37085
-7.50779
-7.34329
-7.25386
-7.3252
-7.34787
-7.40005
-7.27119
-7.40431
-7.32373
-7.37178
-7.25114
-7.26033
-7.40228
-7.34137
-7.46469
-7.35043
-7.38664
-7.54848
-7.33495
-7.14137
-7.18279
-7.55918
-7.54096
-7.37919
-7.331
-7.03457
-7.31886
-7.60151
-7.18345
-7.35385
-7.25401
-7.32129
-7.27394
-7.62526
-7.35594
-7.39152
-7.48609
-7.37353
-7.31949
-7.48731
-7.27059
-7.2205
-7.24272
-7.48907
-7.44209
-7.15026
-7.35237
-7.7557
-7.25688
-7.46855
-7.28906
-7.39885
-7.12119
-7.42298
-7.13211
-7.29954
-7.44233
-7.41271
-7.33965
-7.47553
-7.2619
-7.50341
-7.38135
-7.15727
-7.23803
-7.14725
-7.40296
-7.30683
-7.47492
-7.32379
-7.24016
-7.3738
-7.09075
-7.46283
-7.48154
-7.6087
-7.50439
-7.33453
-7.46851
-7.20773
-7.35984
-7.18905
-7.29481
-7.35934
-7.46678
-7.51067
-7.34309
-7.15955
-7.15436
-7.38997
-7.19065
-7.43844
-7.44708
-7.11449
-7.42781
-7.41057
-7.27221
-7.58197
-7.45895
-7.41909
-7.35108
-7.21694
-7.38427
-7.63274
-7.26863
-7.3503
-7.16406
-7.21359
-7.39598
-7.47229
-7.44326
-7.3385
-6.93541
-7.42647
-7.25954
-7.34907
-7.38687
-7.05409
-7.27857
-7.30925
-7.22962
-7.39038
-7.20343
-7.45929
-7.31884
-7.32476
-7.50609
-7.3089
-7.40116
-7.22664
-7.30671
-7.48977
-7.36168
-7.29361
-7.27295
-7.77217
-7.32558
-7.31673
-7.35124
-7.34872
-7.21173
-7.25841
-7.27101
-7.46099
-7.41901
-7.28545
-7.17253
-7.03945
-7.22008
-7.36765
-7.39955
-7.4884
-7.31637
-7.34853
-7.3052
-7.39073
-7.27427
-7.37087
-7.4163
-7.11233
-7.25565
-7.42327
-7.27908
-7.41054
-7.23605
-7.451
-7.28742
-7.26817
-7.12977
-7.10455
-7.2097
-7.16559
-7.32449
-7.31828
-7.40426
-7.2784
-7.29993
-7.25149
-7.36604
-7.18388
-7.2802
-7.31073
-7.36124
-7.40247
-7.45923
-7.20475
-7.33779
-7.55485
-7.23712
-7.18115
-7.39085
-7.43572
-7.39692
-7.57808
-7.40126
-7.09056
-7.44012
-7.4357
-7.17923
-7.27891
-7.40724
-7.31489
-7.21578
-7.27727
-7.25653
-7.07551
-7.42176
-7.27443
-7.34664
-7.14072
-7.30122
-7.28646
-7.18107
-7.23555
-7.03509
-7.33918
-7.28662
-7.47093
-7.21027
-7.23631
-7.44164
-7.34286
-7.53214
-7.43057
-7.36047
-7.31244
-7.23709
-7.32683
-7.46718
-7.43856
-7.42795
-7.30374
-7.32938
-7.26417
-7.60134
-7.31912
-7.16178
-7.29761
-7.47547
-7.27548
-7.30086
-7.28836
-7.49478
-7.35776
-7.36531
-7.18012
-7.39621
-7.23238
-7.44458
-7.35851
-7.28822
-7.24503
-7.24653
-7.48001
-7.30913
-7.5355
-7.45923
-7.20023
-7.24229
-7.27911
-7.179
-7.26126
-7.49281
-7.10728
-7.41133
-7.4212
-7.31035
-7.18296
-7.28649
-7.21811
-7.25566
-7.09089
-7.41583
-7.4104
-7.21417
-7.3577
-7.37129
-7.30999
-7.20769
-7.37207
-7.40561
-7.62832
-7.45123
-7.12889
-7.70091
-7.27547
-7.07399
-7.53493
-7.24303
-7.48808
-7.26974
-7.63219
-7.51483
-7.39193
-7.31526
-7.3673
-7.39043
-7.53544
-7.37396
-7.3107
-7.14783
-7.34054
-7.30793
-7.28976
-7.29854
-7.68772
-7.38749
-7.23099
-7.3161
-7.31962
-7.28596
-7.46621
-7.4879
-7.42494
-7.40294
-7.45648
-7.38489
-7.28284
-7.42778
-7.29994
-7.18718
-7.36083
-7.21952
-7.50411
-7.51388
-7.36594
-7.49381
-7.50142
-7.4253
-7.55814
-7.34104
-7.23476
-7.29441
-7.18963
-7.30185
-7.18956
-7.33297
-7.51927
-7.1447
-7.30819
-7.37207
-7.28594
-7.27453
-7.26918
-7.47617
-7.33314
-7.22137
-7.41524
-7.27354
-7.29862
-7.14833
-7.46213
-7.42672
-7.41101
-7.49954
-7.32013
-7.31203
-7.224
-7.2607
-7.2757
-7.39006
-7.45002
-7.40011
-7.12654
-7.37831
-7.3586
-7.39143
-7.35167
-7.39275
-7.26835
-7.37231
-7.26418
-7.26652
-7.50447
-7.44264
-7.25874
-7.20815
-7.35496
-7.37331
-7.20418
-7.51781
-7.27243
-7.65105
-7.45494
-7.29041
-7.40732
-7.17419
-7.45197
-7.27106
-7.17141
-7.31168
-7.54083
-7.25456
-7.11202
-7.47364
-7.48281
-7.4861
-7.28568
-7.43833
-7.37469
-7.37352
-7.37659
-7.32917
-7.24902
-7.5303
-7.5299
-7.26734
-7.65988
-7.36806
-7.47969
-7.44198
-7.24123
-7.32625
-7.28571
-7.23601
-7.27916
-7.39357
-7.1127
-7.43186
-7.53689
-7.39038
-7.34129
-7.21646
-7.22384
-7.21409
-7.23504
-7.43772
-7.33601
-7.31098
-7.41036
-7.3811
-7.09127
-7.26467
-7.34299
-7.36143
-7.45048
-7.32332
-7.50523
-7.32481
-7.49734
-7.29036
-7.43902
-7.14976
-7.259
-7.30115
-7.5051
-7.49108
-7.37076
-7.30776
-7.47677
-7.29643
-7.23886
-7.43339
-7.31932
-7.6198
-7.42221
-7.23357
-7.44664
-7.28381
-7.19721
-7.2721
-7.32591
-7.2136
-7.32685
-7.44426
-7.49254
-7.37279
-7.61913
-7.29127
-7.28067
-7.26242
-7.31863
-7.35078
-7.23836
-7.52648
-7.33325
-7.38795
-7.59674
-7.26672
-7.39645
-7.51876
-7.44827
-7.20506
-7.33924
-7.24971
-7.36026
-7.35312
-7.40983
-7.15433
-7.17608
-7.37201
-7.39031
-7.31509
-7.30964
-7.44809
-7.26626
-7.26731
-7.34573
-7.24166
-7.50403
-7.46318
-7.44519
-7.22099
-7.19853
-7.30588
-7.27366
-7.34079
-7.23529
-7.4292
-7.30309
-7.20253
-7.32332
-7.39734
-7.21397
-7.28269
-7.17082
-7.27662
-7.12788
-7.26121
-7.28234
-7.29084
-7.37024
-7.28294
-7.39036
-7.14581
-7.46737
-7.29962
-7.18804
-7.57359
-7.41311
-7.21031
-7.32435
-7.39428
-7.09182
-7.18927
-7.40589
-7.33743
-7.5054
-7.4332
-7.38016
-7.36752
-7.22622
-7.41536
-7.15023
-7.28154
-7.17591
-7.43452
-7.26006
-7.41735
-7.22868
-7.22538
-7.23712
-7.3059
-7.42889
-7.21388
-7.25285
-7.28504
-7.29586
-7.18486
-7.48896
-7.33091
-7.40684
-7.41383
-7.55462
-7.37704
-7.38841
-7.45144
-7.38882
-7.35368
-7.24117
-7.27749
-7.45567
-7.37677
-7.36849
-7.30471
-7.30888
-7.21362
-7.32615
-7.23259
-7.25785
-7.37537
-7.2839
-7.45264
-7.46467
-7.38621
-7.1915
-7.43521
-7.50896
-7.39799
-7.28997
-7.24098
-7.2142
-7.23438
-7.37202
-7.43563
-7.32605
-7.40435
-7.25397
-7.35741
-7.39212
-7.11887
-7.42411
-7.17535
-7.26297
-7.06133
-7.52472
-7.46557
-7.37853
-7.39662
-7.42314
-7.24817
-7.3065
-7.31039
-7.13673
-7.30128
-7.52587
-7.31723
-7.18454
-7.40029
-7.28459
-7.41258
-7.24651
-7.2115
-7.38761
-7.33288
-7.31342
-7.19922
-7.41487
-7.27815
-7.45009
-7.16589
-7.41956
-7.4729
-7.45283
-7.24565
-7.22773
-7.25604
-7.20912
-7.50732
-7.44671
-7.17963
-7.35408
-7.49527
-7.38686
-7.44088
-7.37115
-7.29022
-7.51829
-7.38563
-7.45716
-7.42817
-7.33902
-7.42948
-7.37146
-7.3193
-7.2283
-7.43515
-7.40179
-7.26189
-7.44427
-7.35721
-7.49499
-7.58109
-7.06376
-7.28203
-7.43188
-7.41642
-7.43208
-7.42082
-7.32428
-7.36651
-7.32986
-7.23803
-7.43746
-7.57506
-7.26221
-7.52931
-7.4864
-7.29503
-7.15979
-7.22866
-7.28357
-7.34375
-7.28101
-7.23501
-7.2497
-7.45947
-7.4226
-7.4745
-7.3294
-7.14876
-7.41267
-7.27779
-7.46801
-7.13092
-7.32671
-7.18893
-7.36907
-7.51603
-7.22816
-7.19132
-7.31005
-7.22879
-7.53007
-7.27046
-7.22142
-7.16267
-7.45701
-7.64404
-7.35628
-7.3038
-7.13177
-7.22806
-7.29981
-7.49692
-7.37406
-7.26628
-7.36804
-7.29929
-7.49605
-7.03943
-7.60185
-7.30251
-7.42654
-7.27839
-7.33099
-7.2802
-7.20434
-7.31082
-7.34181
-7.31674
-7.46082
-7.49369
-7.17103
-7.25728
-7.50797
-7.20043
-7.43167
-7.34912
-7.40297
-7.26256
-7.15487
-7.18181
-7.19577
-7.34087
-7.30874
-7.33299
-7.33707
-7.27509
-7.34841
-7.26596
-7.36897
-7.29787
-7.32231
-7.38117
-7.06603
-7.38153
-7.36666
-7.44764
-7.52253
-7.4036
-7.43728
-7.2418
-7.3308
-7.36834
-7.29432
-7.5262
-7.56515
-7.42383
-7.34622
-7.23646
-7.32657
-7.44377
-7.37414
-7.07483
-7.16487
-7.42556
-7.39133
-7.32532
-7.40011
-7.30509
-7.43607
-7.45705
-7.4473
-7.33411
-7.4071
-7.51628
-7.29078
-7.42172
-7.36471
-7.45925
-7.49072
-7.4346
-7.20115
-7.13916
-7.33596
-7.57305
-7.26302
-7.42766
-7.30369
-7.36212
-7.16752
-7.40526
-7.46859
-7.2453
-7.333
-7.36141
-7.10872
-7.2846
-7.27859
-7.25005
-7.37912
-7.12325
-7.29583
-7.42626
-7.42366
-7.36691
-7.29995
-7.40771
-7.4236
-7.3165
-7.19088
-7.43416
-7.38336
-7.16271
-7.24987
-7.27901
-7.0639
-7.3548
-7.56151
-7.04878
-7.57755
-7.39033
-7.34651
-7.38754
-7.38841
-7.34249
-7.22778
-7.31054
-7.50857
-7.17141
-7.2225
-7.13387
-7.40337
-7.4361
-7.19028
-7.42055
-7.28908
-7.23526
-7.29277
-7.31605
-7.49276
-7.38755
-7.30218
-7.51442
-7.35087
-7.48233
-7.19789
-7.48316
-7.54064
-7.3483
-7.25685
-7.20551
-7.45275
-7.31665
-7.06389
-7.41145
-7.25932
-7.49415
-7.28902
-7.41081
-7.24785
-7.3673
-7.37775
-7.37776
-7.22411
-7.31887
-7.37273
-7.32206
-7.4025
-7.43067
-7.47015
-7.27869
-7.17426
-7.14186
-7.54301
-7.38633
-7.36291
-7.19917
-7.30168
-7.35877
-7.24819
-7.35692
-7.24815
-7.26898
-7.37847
-7.44258
-7.29529
-7.39319
-7.41083
-7.51592
-7.39724
-7.4947
-7.44614
-7.29165
-7.4387
-7.2977
-7.35488
-7.23021
-7.56745
-7.20582
-7.24007
-7.27154
-7.29412
-7.55071
-7.46598
-7.45739
-7.41858
-7.33197
-7.31712
-7.34661
-7.35679
-7.39387
-7.47772
-7.4877
-7.29401
-7.50004
-7.45675
-7.39305
-7.56928
-7.2292
-7.30148
-7.32327
-7.39964
-7.26901
-7.33978
-7.32449
-7.31219
-7.25536
-7.46208
-7.23295
-7.334
-7.44555
-7.45039
-7.29644
-7.53197
-7.34023
-7.39122
-7.56507
-7.36206
-7.35243
-7.2245
-7.34234
-7.30007
-7.33906
-7.14751
-7.31342
-7.31282
-7.36906
-7.5186
-7.41279
-7.19682
-7.22168
-7.20526
-7.2403
-7.17905
-7.14946
-7.43048
-7.08367
-7.2867
-7.35046
-7.45378
-7.11048
-7.15413
-7.4126
-7.19118
-7.5131
-7.41544
-7.55527
-7.53042
-7.18435
-7.44993
-7.43945
-7.19112
-7.34636
-7.31446
-7.17833
-7.33251
-7.44207
-7.37336
-7.40894
-7.22226
-7.3424
-7.36476
-7.32063
-7.29707
-7.39242
-7.11939
-7.44551
-7.40311
-7.40082
-7.42704
-7.1889
-7.20625
-7.32055
-7.40151
-7.5032
-7.41456
-7.54222
-7.52692
-7.20258
-7.33008
-7.08893
-7.31447
-7.40574
-7.28344
-7.42119
-7.3557
-7.42833
-7.35546
-7.15832
-7.48461
-7.30058
-7.53891
-7.23344
-7.56332
-7.41051
-7.45196
-7.39885
-7.19521
-7.38884
-7.03335
-7.37837
-7.40304
-7.27087
-7.51551
-7.47863
-7.20452
-7.31476
-7.40448
-7.27609
-7.53792
-7.32649
-7.35655
-7.33191
-7.40936
-7.33558
-7.50948
-7.46355
-7.42461
-7.18546
-7.39796
-7.43319
-7.64863
-7.19273
-7.34081
-7.29992
-7.29109
-7.39691
-7.58642
-7.24228
-7.47308
-7.49901
-7.26117
-7.32527
-7.23734
-7.38151
-7.2039
-7.42711
-7.4093
-7.43915
-7.44274
-7.24841
-7.39892
-7.27662
-7.18598
-7.31888
-7.29119
-7.36325
-7.41528
-7.31787
-7.45415
-7.36054
-7.35268
-7.54347
-7.34154
-7.43858
-7.43778
-7.14301
-7.30878
-7.24614
-7.37495
-7.19821
-7.40606
-7.10102
-7.27996
-7.48305
-7.31522
-7.32485
-7.32063
-7.26366
-7.38034
-7.50033
-7.43416
-7.26234
-7.37869
-7.3205
-7.20671
-7.38804
-7.438
-7.2919
-7.42828
-7.35047
-7.30122
-7.40941
-7.45076
-7.32855
-7.29173
-7.08024
-7.13005
-7.50579
-7.27086
-7.23792
-7.44205
-7.46701
-7.62369
-7.39878
-7.4203
-7.42535
-7.33161
-7.31041
-7.3958
-7.2594
-7.44205
-7.35296
-7.32034
-7.19632
-7.15176
-7.2999
-7.23966
-7.46122
-7.39302
-7.31416
-7.41719
-7.12585
-7.54255
-7.34324
-7.32151
-7.40612
-7.36616
-7.30592
-7.29639
-7.27369
-7.35548
-7.39877
-7.42005
-7.36017
-7.30602
-7.72945
-7.24888
-7.31135
-7.55901
-7.44898
-7.42162
-7.36108
-7.31107
-7.17088
-7.21562
-7.19818
-7.17539
-7.23081
-7.35977
-7.10891
-7.53507
-7.28682
-7.22622
-7.59137
-7.39181
-7.15143
-7.64795
-7.57812
-7.51546
-7.29377
-7.40943
-7.32188
-7.38878
-7.43026
-7.42323
-7.22688
-7.29198
-7.23303
-7.30342
-7.35395
-7.23994
-7.55757
-7.21209
-7.25352
-7.33586
-7.25915
-7.51043
-7.31679
-7.30341
-7.24197
-7.5097
-7.13757
-7.37891
-7.27242
-7.34181
-7.43611
-7.27523
-7.45925
-7.33395
-7.36122
-7.29404
-7.19703
-7.42418
-7.36243
-7.4436
-7.50874
-7.40116
-7.28333
-7.18269
-7.3729
-7.21781
-7.21066
-7.35091
-7.3151
-7.23682
-7.37609
-7.39067
-7.34681
-7.16688
-7.20154
-7.48094
-7.49981
-7.42555
-7.37455
-7.35361
-7.36168
-7.28438
-7.47172
-7.51514
-7.21594
-7.55958
-7.2704
-7.55199
-7.5003
-7.30798
-7.27159
-7.32034
-7.36797
-7.25475
-7.35228
-7.34337
-7.35213
-7.38543
-7.31936
-7.48086
-7.25672
-7.27179
-7.19223
-7.25238
-7.20013
-7.4386
-7.46141
-7.26812
-7.27327
-7.18957
-7.31886
-7.32242
-7.3808
-7.35276
-7.38478
-7.29605
-7.26836
-7.36593
-7.40885
-7.26456
-7.3084
-7.0553
-7.58289
-7.17781
-7.44831
-7.31775
-7.44771
-7.47765
-7.36868
-7.70075
-7.32687
-7.36197
-7.2688
-7.43607
-7.27384
-7.34624
-7.48824
-7.23979
-7.45016
-7.07639
-7.18234
-7.30586
-7.65371
-7.61353
-7.34633
-7.29161
-7.20809
-7.40802
-7.46429
-7.26227
-7.27434
-7.50047
-7.3078
-7.2931
-7.35327
-7.3442
-7.37388
-7.31593
-7.47415
-7.19317
-7.29037
-7.43669
-7.20248
-7.39982
-7.49639
-7.24196
-7.36927
-7.49567
-7.27342
-7.43536
-7.32629
-7.44115
-7.15476
-7.60615
-7.21368
-7.43864
-7.18003
-7.27199
-7.29076
-7.39763
-7.47027
-7.21169
-7.50865
-7.33303
-7.33469
-7.33117
-7.29494
-7.31066
-7.25784
-7.40315
-7.38863
-7.70696
-7.34789
-7.4734
-7.23729
-7.37915
-7.53282
-7.51969
-7.19794
-7.48346
-7.35981
-7.42461
-7.26343
-7.43025
-7.43749
-7.13346
-7.34712
-7.30792
-7.32696
-7.24517
-7.15707
-7.35853
-7.21881
-7.26118
-7.2729
-7.5976
-7.39776
-7.5499
-7.3013
-7.29887
-7.30292
-7.26511
-7.28722
-7.27337
-7.31007
-7.36589
-7.25661
-7.34399
-7.64037
-7.39842
-7.31527
-7.29477
-7.29274
-7.46761
-7.3953
-7.27995
-7.20017
-7.3834
-7.35265
-7.31508
-7.13648
-7.45672
-7.40165
-7.09161
-7.50857
-7.41689
-7.3719
-7.1539
-7.23748
-7.52257
-7.45567
-7.30498
-7.27061
-7.2216
-7.33609
-7.40404
-7.16986
-7.39531
-7.3497
-7.27405
-7.29567
-7.26295
-7.13763
-7.18756
-7.25344
-7.50264
-7.34533
-7.18769
-7.25149
-7.37702
-7.37866
-7.30932
-7.46744
-7.4505
-7.13302
-7.33663
-7.22509
-7.34765
-7.37373
-7.53069
-7.33402
-7.2964
-7.39657
-7.41759
-7.24254
-7.22797
-7.50106
-7.4986
-7.30803
-7.26492
-7.57649
-7.4746
-7.1717
-7.30379
-7.18872
-7.24342
-7.13663
-7.57495
-7.31413
-7.26583
-7.12386
-7.5211
-7.48371
-7.29418
-7.43647
-7.29343
-7.38923
-7.43944
-7.35268
-6.99315
-7.4042
-7.24978
-7.22286
-7.5408
-7.25683
-7.43795
-7.19492
-7.44463
-7.27506
-7.3354
-7.26814
-7.42471
-7.36353
-7.3889
-7.35624
-7.45735
-7.16674
-7.34753
-7.39478
-7.55369
-7.43972
-7.5166
-7.32608
-7.35237
-7.24984
-7.44661
-7.65644
-7.25827
-7.41935
-7.35636
-7.30784
-7.24009
-7.28312
-7.25196
-7.23094
-7.34218
-7.4138
-7.22535
-7.43382
-7.39643
-7.22563
-7.32883
-7.34716
-7.30834
-7.43107
-7.21887
-7.32374
-7.24936
-7.52035
-7.40391
-7.33098
-7.25142
-7.33776
-7.50819
-7.30612
-7.12954
-7.29898
-7.20549
-7.26186
-7.36917
-7.467
-7.50441
-7.35202
-7.28597
-7.48563
-7.20056
-7.5331
-7.43626
-7.10645
-7.33305
-7.19062
-7.34739
-7.21782
-7.55612
-7.47198
-7.29532
-7.30532
-7.45196
-7.29667
-7.24189
-7.12758
-7.28442
-7.09404
-7.20222
-7.38715
-7.35169
-7.36075
-7.17032
-7.32883
-7.26612
-7.17205
-7.56388
-7.58373
-7.32244
-7.37762
-7.32626
-7.34084
-7.26102
-7.30564
-7.45687
-7.59087
-7.36133
-7.3289
-7.49998
-7.34296
-7.3858
-7.36021
-7.38067
-7.46285
-7.4394
-7.34857
-7.29813
-7.44067
-7.14855
-7.37134
-7.19608
-7.30948
-7.45569
-7.17603
-7.40211
-7.22459
-7.29835
-7.46951
-7.33833
-7.23397
-7.39783
-7.16512
-7.39185
-7.24105
-7.30685
-7.49695
-7.51759
-7.33172
-7.39184
-7.39509
-7.26474
-7.42769
-7.30061
-7.29385
-7.37647
-7.34353
-7.12465
-7.36939
-7.25689
-7.26602
-7.52235
-7.28619
-7.21714
-7.40701
-7.43525
-7.27666
-7.22748
-7.49908
-7.4525
-7.30286
-7.47956
-7.33703
-7.62073
-7.36388
-7.45911
-7.43529
-7.46632
-7.43254
-7.44286
-7.47196
-7.24826
-7.46921
-7.24654
-7.09341
-7.63202
-7.36243
-7.45816
-7.4559
-7.45895
-7.37363
-7.35595
-7.10881
-7.26473
-7.11352
-7.56539
-7.35484
-7.56214
-7.24398
-7.27854
-7.49107
-7.28609
-7.3982
-7.38154
-7.3816
-7.18605
-7.31552
-7.1138
-7.31411
-7.38562
-7.51456
-7.28618
-7.42198
-7.1975
-7.24952
-7.38799
-7.33315
-7.39275
-7.40838
-7.40908
-7.33769
-7.22393
-7.28382
-7.41729
-7.27273
-7.33702
-7.44306
-7.43963
-7.22506
-7.40576
-7.50121
-7.46188
-7.26976
-7.21319
-7.19366
-7.50443
-7.49691
-7.5776
-7.21745
-7.26876
-7.43759
-7.37852
-7.57099
-7.4783
-7.20776
-7.40017
-7.49423
-7.32397
-7.35912
-7.43955
-7.38019
-7.24531
-7.37816
-7.35829
-7.41599
-7.32987
-7.28774
-7.24035
-7.32208
-7.51711
-7.36901
-7.34692
-7.31302
-7.33669
-7.28636
-7.43543
-7.44664
-7.41058
-7.3087
-7.15562
-7.41787
-7.53297
-7.40271
-7.23753
-7.37687
-7.33539
-7.50495
-7.40578
-7.2938
-7.2897
-7.48307
-7.13028
-7.26973
-7.48655
-7.37525
-7.28027
-7.51247
-7.3535
-7.30024
-7.28441
-7.32338
-7.3497
-7.34475
-7.25465
-7.461
-7.25485
-7.35
-7.36308
-7.29372
-7.07665
-7.41503
-7.19761
-7.29595
-7.23045
-7.3254
-7.34699
-7.51541
-7.44785
-7.44956
-7.22185
-7.33556
-7.38561
-7.35256
-7.50212
-7.21531
-7.22057
-7.58732
-7.31921
-7.27547
-7.46417
-7.46831
-7.40507
-7.36533
-7.25689
-7.55266
-7.44527
-7.71703
-7.40277
-7.17984
-7.32901
-7.18732
-7.34217
-7.32736
-7.36682
-7.20624
-7.10256
-7.42644
-7.29088
-7.35151
-7.4306
-7.3478
-7.62217
-7.38121
-7.46995
-7.56433
-7.39246
-7.4086
-7.27533
-7.1625
-7.32853
-7.36439
-7.25092
-7.38993
-7.43757
-7.40358
-7.42047
-7.36643
-7.19855
-7.24012
-7.281
-7.29541
-7.33606
-7.18612
-7.33222
-7.51301
-7.11016
-7.16353
-7.30061
-7.51249
-7.53339
-7.24468
-7.19603
-7.39216
-7.3344
-7.45166
-7.33206
-7.4496
-7.2996
-7.1209
-7.48197
-7.10569
-7.34265
-7.25439
-7.20504
-7.0951
-7.46086
-7.23629
-7.28017
-7.30512
-7.30106
-7.321
-7.34816
-7.41306
-7.14128
-7.37921
-7.57001
-7.18314
-7.47957
-7.15066
-7.486
-7.36963
-7.28925
-7.40121
-7.02457
-7.25311
-7.10802
-7.31928
-7.20585
-7.33357
-7.40053
-7.23755
-7.5707
-7.32149
-7.35293
-7.23993
-7.37832
-7.39704
-7.22895
-7.29726
-7.20407
-7.24218
-7.42534
-7.49
-7.25823
-7.28367
-7.31527
-7.29403
-7.53939
-7.09464
-7.46293
-7.42382
-7.3722
-7.289
-7.4018
-7.35328
-7.29481
-7.44598
-7.44788
-7.56238
-7.33229
-7.1899
-7.29099
-7.21648
-7.27194
-7.27363
-7.30381
-7.37358
-7.32235
-7.38445
-7.27472
-7.45867
-7.25851
-7.44973
-7.33516
-7.37521
-7.34307
-7.09619
-7.28901
-7.20358
-7.34512
-7.27312
-7.41572
-7.36038
-7.31045
-7.5658
-7.53224
-7.3982
-7.28243
-7.15619
-7.41305
-7.307
-7.31793
-7.18776
-7.50252
-7.25465
-7.35722
-7.40441
-7.35615
-7.18926
-7.47221
-7.37156
-7.40373
-7.16839
-7.46595
-7.24822
-7.4098
-7.52576
-7.24988
-7.19697
-7.31137
-7.41648
-7.26573
-7.38101
-7.45032
-7.34601
-7.191
-7.30283
-7.25126
-7.57565
-7.27599
-7.38863
-7.23669
-7.48123
-7.30493
-7.25774
-7.25964
-7.4519
-7.64399
-7.35247
-7.29561
-7.34734
-7.44451
-7.42361
-7.63768
-7.38886
-7.28263
-7.24361
-7.29007
-7.13044
-7.21386
-7.38169
-7.45201
-7.40039
-7.429
-7.36748
-7.26562
-7.51078
-7.40649
-7.3828
-7.36605
-7.50783
-7.34382
-7.67289
-7.34086
-7.38583
-7.22504
-7.47409
-7.30311
-7.46788
-7.33126
-7.30054
-7.36783
-7.43739
-7.32202
-7.38299
-7.30069
-7.35632
-7.33472
-7.26115
-7.45926
-7.28477
-7.13736
-7.41566
-7.31213
-7.26336
-7.21006
-7.40235
-7.33372
-7.21236
-7.32102
-7.29416
-7.20901
-7.43754
-7.37515
-7.28962
-7.24517
-7.30571
-7.2869
-7.07593
-7.38396
-7.20077
-7.09525
-7.39064
-7.19516
-7.18406
-7.40156
-7.35356
-7.26312
-7.40457
-7.3361
-7.47677
-7.39607
-7.4226
-7.39093
-7.44732
-7.38534
-7.31856
-7.5454
-7.22399
-7.22064
-7.43348
-7.5622
-7.3559
-7.37274
-7.37766
-7.38248
-7.26506
-7.36969
-7.2131
-7.23023
-7.2843
-7.30453
-7.14013
-7.46973
-7.31502
-7.45517
-7.32841
-7.41345
-7.2764
-7.34938
-7.45501
-7.3822
-7.32945
-7.39918
-7.48077
-7.43347
-7.36578
-7.49265
-7.42914
-7.24465
-7.41375
-7.48267
-7.39327
-7.31292
-7.20202
-7.43768
-7.34784
-7.52033
-7.30768
-7.26792
-7.47854
-7.18308
-7.29278
-7.31804
-7.36158
-7.41547
-7.27775
-7.40093
-7.33013
-7.39029
-7.39349
-7.21225
-7.39198
-7.2563
-7.39561
-7.3008
-7.45531
-7.39698
-7.41253
-7.30727
-7.48556
-7.27476
-7.38947
-7.30834
-7.32033
-7.28258
-7.39243
-7.38956
-7.36142
-7.24392
-7.30234
-7.28726
-7.38583
-7.39633
-7.28877
-7.56613
-7.41942
-7.41786
-7.34783
-7.08478
-7.09839
-7.32047
-7.40753
-7.40017
-7.34081
-7.19492
-7.24404
-7.29682
-7.37174
-7.4804
-7.06587
-7.12337
-7.17018
-7.2678
-7.25614
-7.3471
-7.40458
-7.26224
-7.50023
-7.27389
-7.35608
-7.17632
-7.28101
-7.21452
-7.00081
-7.61242
-7.32561
-7.27619
-7.2674
-7.18689
-7.2819
-7.13298
-7.46615
-7.30089
-7.20299
-7.11882
-7.36283
-7.3921
-7.15588
-7.42185
-7.30622
-7.25284
-7.30184
-7.5015
-7.43231
-7.47235
-7.29271
-7.35547
-7.39571
-7.29249
-7.22745
-7.52109
-7.34285
-7.19054
-7.45623
-7.22777
-7.43388
-7.42209
-7.2398
-7.30064
-7.51794
-7.33559
-7.3809
-7.08009
-7.3145
-7.49185
-7.12959
-7.30266
-7.50235
-7.22217
-7.41972
-7.29529
-7.3827
-7.21821
-7.2806
-7.3152
-7.26402
-7.37593
-7.36291
-7.43636
-7.32326
-7.31463
-7.36238
-7.4439
-7.37631
-7.48692
-7.3798
-7.26887
-7.35192
-7.25035
-7.2059
-7.19043
-7.3587
-7.27908
-7.38599
-7.14928
-7.32265
-7.1919
-7.3811
-7.30101
-7.3595
-7.32755
-7.39983
-7.26651
-7.39048
-7.30907
-7.34387
-7.42315
-7.35985
-7.28382
-7.33574
-7.18763
-7.41772
-7.60609
-7.30242
-7.4912
-7.23603
-7.32655
-7.29883
-7.18496
-7.08999
-7.35512
-7.42946
-7.22504
-7.36208
-7.26326
-7.30932
-7.21469
-7.35755
-7.36034
-7.46284
-7.34297
-7.17777
-7.45488
-7.30743
-7.40619
-7.17393
-7.19226
-7.24041
-7.36301
-7.26207
-7.398
-7.27867
-7.25912
-7.30707
-7.45553
-7.17798
-7.30805
-7.56148
-7.59027
-7.28127
-7.28431
-7.41678
-7.35231
-7.37374
-7.38737
-7.26959
-7.27173
-7.56629
-7.36245
-7.46625
-7.2354
-7.17962
-7.24296
-7.48409
-7.13928
-7.37925
-7.53724
-7.32131
-7.23989
-7.36681
-7.17657
-7.31568
-7.35611
-7.47828
-7.30038
-7.45536
-7.3746
-7.44236
-7.33084
-7.55523
-7.17906
-7.24466
-7.4052
-7.26253
-7.41591
-7.2842
-7.45692
-7.41848
-7.36764
-7.43634
-7.43444
-7.37457
-7.315
-7.21451
-7.37797
-7.36352
-7.33502
-7.34135
-7.33798
-7.11702
-7.35493
-7.57983
-7.49219
-7.40585
-7.31838
-7.24248
-7.14723
-7.46166
-7.03322
-7.47475
-7.19501
-7.33993
-7.40045
-7.35786
-7.05906
-7.30916
-7.26466
-7.25967
-7.36282
-7.27585
-7.30979
-7.17742
-7.40537
-7.50073
-7.34779
-7.15415
-7.20151
-7.21463
-7.31374
-7.28207
-7.23815
-7.30804
-7.31457
-7.32411
-7.0962
-7.17428
-7.39195
-7.34694
-7.49955
-7.5555
-7.63196
-7.57721
-7.51399
-7.38057
-7.27067
-7.27452
-7.45761
-7.22408
-7.21486
-7.45421
-7.50819
-7.22592
-7.36567
-7.09239
-7.45225
-7.27416
-7.31917
-7.55989
-7.30315
-7.30611
-7.37374
-7.32719
-7.30233
-7.46918
-7.4455
-7.05016
-7.52061
-7.28363
-7.65612
-7.13903
-7.45074
-7.36091
-7.21904
-7.39439
-7.41922
-7.47471
-7.43195
-7.40739
-7.37529
-7.40551
-7.22413
-7.44564
-7.17728
-7.18613
-7.36667
-7.16621
-7.49775
-7.42339
-7.27912
-7.43296
-7.41598
-7.35311
-7.40888
-7.22765
-7.31205
-7.56721
-7.13824
-7.39993
-7.37955
-7.21189
-7.26219
-7.3248
-7.35052
-7.24479
-7.30448
-7.36982
-7.32421
-7.24608
-7.3108
-7.19654
-7.48387
-7.50502
-7.45648
-7.20365
-7.29307
-7.24584
-7.21119
-7.49848
-7.31622
-7.16609
-7.4365
-7.45851
-7.3705
-7.30868
-7.35793
-7.43514
-7.47582
-7.32472
-7.46141
-7.54439
-7.31231
-7.21511
-7.37348
-7.23679
-7.29033
-7.36794
-7.21271
-7.35327
-7.33901
-7.36492
-7.26723
-7.22205
-7.25187
-7.40568
-7.59113
-7.25329
-7.33266
-7.10639
-7.33249
-7.27121
-7.5005
-7.35974
-7.37068
-7.26809
-7.44692
-7.39702
-7.32298
-7.24142
-7.3722
-7.1719
-7.39375
-7.28173
-7.29305
-7.23664
-7.46617
-7.20655
-7.32315
-7.64599
-7.38688
-7.45877
-7.35176
-7.33944
-7.4121
-7.23293
-7.53203
-7.33384
-7.24542
-7.48807
-7.33232
-7.15939
-7.36431
-7.25092
-7.22564
-7.39666
-7.33476
-7.48796
-7.41033
-7.40687
-7.15248
-7.36555
-7.46246
-7.25171
-7.22092
-7.30016
-7.42425
-7.4058
-7.29055
-7.25945
-7.28755
-7.33248
-7.22136
-7.3887
-7.35352
-7.27029
-7.24959
-7.32466
-7.60879
-7.55579
-7.40988
-7.28686
-7.56467
-7.30391
-7.30242
-7.28815
-7.34746
-7.52299
-7.35404
-7.47507
-7.48763
-7.40585
-7.41365
-7.28393
-7.26883
-7.45367
-7.57071
-7.37487
-7.21208
-7.27019
-7.3053
-7.58961
-7.2578
-7.46964
-7.40211
-7.37255
-7.29445
-7.39203
-7.17495
-7.2319
-7.30466
-7.25358
-7.28611
-7.45871
-7.42148
-7.41062
-7.36976
-7.61434
-7.27374
-7.37902
-7.45665
-7.44591
-7.23737
-7.18005
-7.21486
-7.26312
-7.22924
-7.32906
-7.48342
-7.50538
-7.32091
-7.47264
-7.37348
-7.45568
-7.26225
-7.23323
-7.4951
-7.30075
-7.46885
-7.49691
-7.44934
-7.48422
-7.18061
-7.31728
-7.38213
-7.11174
-7.03972
-7.3501
-7.47716
-7.21586
-7.17826
-7.27121
-7.26794
-7.35065
-7.37628
-7.47987
-7.38682
-7.39526
-7.24071
-7.33701
-7.71438
-7.19017
-7.20859
-7.1867
-7.16622
-7.52177
-7.5221
-7.34168
-7.34011
-7.39439
-7.45933
-7.25505
-7.32891
-7.21325
-7.33194
-7.4341
-7.36533
-7.17343
-7.25869
-7.42321
-7.34158
-7.47087
-7.51431
-7.25179
-7.39649
-7.33574
-7.47044
-7.35706
-7.32349
-7.38958
-7.287
-7.23683
-7.25654
-7.37436
-7.28347
-7.32011
-7.20559
-7.64295
-7.26074
-7.21524
-7.11223
-7.14895
-7.42038
-7.26667
-7.3852
-7.24855
-7.30799
-7.40334
-7.31704
-7.34204
-7.31132
-7.44988
-7.25212
-7.22921
-7.35522
-7.2945
-7.4931
-7.30717
-7.31247
-7.33491
-7.30923
-7.19628
-7.44725
-7.09003
-7.41972
-7.33931
-7.36132
-7.31953
-7.25916
-7.24991
-7.23429
-7.5025
-7.22057
-7.42385
-7.4967
-7.25036
-7.36763
-7.33575
-7.3046
-7.43873
-7.41539
-7.29336
-7.45749
-7.43243
-7.57851
-7.43645
-7.34154
-7.27049
-7.19611
-7.56558
-7.4044
-7.34749
-7.3112
-7.13785
-7.21922
-7.28307
-7.30162
-7.10173
-7.31794
-7.30081
-7.27659
-7.19618
-7.42761
-7.35777
-7.11131
-7.34314
-7.45369
-7.41911
-7.16571
-7.33097
-7.14361
-7.3523
-7.318
-7.43935
-7.43805
-7.30752
-7.35621
-7.44983
-7.41931
-7.29474
-7.26046
-7.25907
-7.07736
-7.23246
-7.2952
-7.16234
-7.41891
-7.37969
-7.35942
-7.21987
-7.34735
-7.41078
-7.30322
-7.42546
-7.30739
-7.40445
-7.35284
-7.44541
-7.26961
-7.41323
-7.33348
-7.12291
-7.22325
-7.2975
-7.36504
-7.25258
-7.30076
-7.40709
-7.36283
-7.51729
-7.21766
-7.33779
-7.41519
-7.22895
-7.27596
-7.33124
-7.35643
-7.41845
-7.21997
-7.20532
-7.3804
-7.12942
-7.2239
-7.20768
-7.23374
-7.39373
-7.28679
-7.25986
-7.17824
-7.31629
-7.33962
-7.45387
-7.48593
-7.45873
-7.43111
-7.38814
-7.42286
-7.37101
-7.30983
-7.28775
-7.3502
-7.21922
-7.39218
-7.26949
-7.16824
-7.13087
-7.28442
-7.33825
-7.41916
-7.28704
-7.37758
-7.32938
-7.37541
-7.12255
-7.38385
-7.32117
-7.46153
-7.39097
-7.555
-7.20956
-7.21326
-7.38254
-7.31133
-7.46681
-7.48639
-7.33561
-7.3533
-7.3629
-7.35642
-7.18524
-7.20738
-7.4418
-7.45363
-7.43782
-7.28663
-7.41035
-7.42737
-7.47334
-7.23259
-7.45573
-7.43558
-7.21798
-7.39072
-7.21593
-7.20518
-7.17145
-7.27384
-7.38909
-7.37287
-7.22562
-7.47708
-7.25439
-7.3762
-7.3077
-7.49746
-7.39237
-7.29834
-7.23843
-7.28851
-7.37097
-7.17538
-7.35526
-7.33992
-7.24184
-7.3649
-7.28974
-7.35354
-7.43008
-7.36217
-7.23754
-7.26986
-7.18425
-7.19957
-7.21379
-7.40174
-7.44229
-7.23999
-7.24093
-7.36546
-7.14295
-7.47065
-7.23359
-7.26285
-7.40697
-7.39303
-7.46017
-7.3997
-7.39366
-7.39483
-7.34911
-7.53284
-7.43572
-7.22341
-7.24468
-7.41961
-7.37074
-7.39282
-7.41699
-7.17651
-7.37006
-7.53512
-7.40085
-7.51768
-7.21404
-7.22783
-7.33509
-7.24018
-7.37012
-7.48142
-7.21538
-7.35479
-7.47245
-7.37072
-7.5646
-7.466
-7.31732
-7.31737
-7.23993
-7.32278
-7.07564
-7.16592
-7.13462
-7.41737
-7.38834
-7.33244
-7.20584
-7.17604
-7.28874
-7.2922
-7.15101
-7.25801
-7.2245
-7.55208
-7.41297
-7.19965
-7.33109
-7.38113
-7.35591
-7.39189
-7.55868
-7.34939
-7.43421
-7.51421
-7.37651
-7.31859
-7.49323
-7.28822
-7.5111
-7.29021
-7.49931
-7.38629
-7.53254
-7.45458
-7.24344
-7.37707
-7.41546
-7.21152
-7.55226
-7.69287
-7.44847
-7.3565
-7.38068
-7.51644
-7.25784
-7.39373
-7.37174
-7.50611
-7.3053
-7.10311
-7.32081
-7.26506
-7.34814
-7.31432
-7.19156
-7.3767
-7.23295
-7.40992
-7.45903
-7.30767
-7.53411
-7.32894
-7.2288
-7.2758
-7.19147
-7.52236
-7.31487
-7.51668
-7.32825
-7.43471
-7.26197
-7.3932
-7.26401
-7.21267
-7.494
-7.51907
-7.32067
-7.45074
-7.42863
-7.33091
-7.39221
-7.2801
-7.4906
-7.28704
-7.41512
-7.25475
-7.26372
-7.3501
-7.37783
-7.3586
-7.39433
-7.36571
-7.41622
-7.4552
-7.34662
-7.31544
-7.39293
-7.40517
-7.23645
-7.37717
-7.29787
-7.25606
-7.11482
-7.44162
-7.33912
-7.26342
-7.47276
-7.29773
-7.07022
-7.2826
-7.19974
-7.32428
-7.33891
-7.20847
-7.26048
-7.43454
-7.18136
-6.99562
-7.35955
-7.35862
-7.47294
-7.18026
-7.14746
-7.28436
-7.32307
-7.08732
-7.502
-7.32579
-7.2884
-7.39441
-7.32921
-7.31182
-7.2612
-7.41526
-7.5713
-7.05622
-7.34359
-7.36904
-7.3974
-7.21619
-7.37843
-7.33012
-7.26272
-7.36945
-7.22215
-7.26781
-7.38491
-7.44202
-7.56627
-7.47429
-7.44301
-7.44271
-7.26408
-7.53014
-7.46527
-7.55312
-7.424
-7.29856
-7.27845
-7.52804
-7.28439
-7.32685
-7.02788
-7.47926
-7.3949
-7.3742
-7.02084
-7.34996
-7.13256
-7.45967
-7.43344
-7.65222
-7.46337
-7.46103
-7.42511
-7.12474
-7.40828
-7.24584
-7.36257
-7.35601
-7.16936
-7.44141
-7.31074
-7.38423
-7.1903
-7.13495
-7.34
-7.28669
-7.52023
-7.31728
-7.41645
-7.3248
-7.18471
-7.41416
-7.43007
-7.54442
-7.15779
-7.35847
-7.27179
-7.30551
-7.38952
-7.39138
-7.35413
-7.49586
-7.31273
-7.45919
-7.35024
-7.26889
-7.3625
-7.25718
-7.20217
-7.23725
-7.23578
-7.2398
-7.38757
-7.26305
-7.3524
-7.19459
-7.54203
-7.3612
-7.32386
-7.40503
-7.26456
-7.5132
-7.48567
-7.37806
-7.13961
-7.54525
-7.20733
-7.45878
-7.10205
-7.17446
-7.35086
-7.47205
-7.37388
-7.43253
-7.11876
-7.41679
-7.29542
-7.50648
-7.38084
-7.38038
-7.23996
-7.14849
-7.36392
-7.24219
-7.47566
-7.42045
-7.59124
-7.48632
-7.55696
-7.22757
-7.24393
-7.32651
-7.33959
-7.27268
-7.39795
-7.2637
-7.06521
-7.22476
-7.58494
-7.33394
-7.37827
-7.39146
-7.2214
-7.1646
-7.19748
-7.20843
-7.45447
-7.41867
-7.37218
-7.19369
-7.3713
-7.49082
-7.34266
-7.24355
-7.30301
-7.27355
-7.30164
-7.21445
-7.36127
-7.27425
-7.6261
-7.1367
-7.49967
-7.40923
-7.46222
-7.53138
-7.24895
-7.27899
-7.24857
-7.40545
-7.38212
-7.24448
-7.48743
-7.44612
-7.11017
-7.36555
-7.37786
-7.25816
-7.38534
-7.45066
-7.38885
-7.40037
-7.33816
-7.4971
-7.21178
-7.46708
-7.25178
-7.5191
-7.54061
-7.27058
-7.36919
-7.31955
-7.50788
-7.1848
-7.44234
-7.19585
-7.37109
-7.29954
-7.32217
-7.23684
-7.37403
-7.46209
-7.35961
-7.33188
-7.56045
-7.36732
-7.23812
-7.17967
-7.44706
-7.46065
-7.25582
-7.38534
-7.19712
-7.3035
-7.3568
-7.44727
-7.16698
-7.23204
-7.29643
-7.59752
-7.49504
-7.38301
-7.12795
-7.3293
-7.19766
-7.40537
-7.24833
-7.31258
-7.37693
-7.30989
-7.37432
-7.12074
-7.28884
-7.41326
-7.41683
-7.40002
-7.17891
-7.37681
-7.29825
-7.27249
-7.50808
-7.39603
-7.46672
-7.41283
-7.33348
-7.31667
-7.30394
-7.1968
-7.33418
-7.30559
-7.43105
-7.46045
-7.25003
-7.16546
-7.2801
-7.20242
-7.30632
-7.40337
-7.52349
-7.40221
-7.4026
-7.27231
-7.4279
-7.23922
-7.12995
-7.40282
-7.37339
-7.36933
-7.32207
-7.16593
-7.37357
-7.11104
-7.28139
-7.23232
-7.14697
-7.22109
-7.26863
-7.35751
-7.24492
-7.39542
-7.43212
-7.47682
-7.32387
-7.51523
-7.20349
-7.45697
-7.53896
-7.34759
-7.23931
-7.12325
-7.35423
-7.22441
-7.16884
-7.3072
-7.42537
-7.20208
-7.48014
-7.38573
-7.42589
-7.11962
-7.25431
-7.42523
-7.18143
-7.3713
-7.23761
-7.3669
-7.45436
-7.34784
-7.45456
-7.32425
-7.50467
-7.28688
-7.35528
-7.4528
-7.49815
-7.30341
-7.20114
-7.37958
-7.44106
-7.30204
-7.29893
-7.31937
-7.44675
-7.20901
-7.3656
-7.43525
-7.44759
-7.44335
-7.23672
-7.39785
-7.40662
-7.04216
-7.32837
-7.50931
-7.48488
-7.41849
-7.35682
-7.18836
-7.43695
-7.44537
-7.31126
-7.52339
-7.28155
-7.36592
-7.53486
-7.28523
-7.26803
-7.29384
-7.25854
-7.2705
-7.2282
-7.27321
-7.20627
-7.18767
-7.34295
-7.20779
-7.13702
-7.30624
-7.45133
-7.46145
-7.53889
-7.23109
-7.22665
-7.53856
-7.23402
-7.37371
-7.28896
-7.51503
-7.31463
-7.28621
-7.50311
-7.46149
-7.12632
-7.25665
-7.33597
-7.29182
-7.18669
-7.68802
-7.35333
-7.25853
-7.45513
-7.41062
-7.56102
-7.17561
-7.421
-7.49536
-7.3535
-7.23706
-7.47439
-7.28371
-7.28521
-7.48965
-7.43245
-7.32612
-7.16922
-7.44281
-7.43268
-7.19605
-7.32663
-7.34741
-7.53153
-7.58267
-7.44952
-7.48297
-7.3092
-6.99073
-7.10033
-7.31981
-7.43699
-7.23403
-7.2375
-7.20567
-7.47797
-7.31803
-7.2984
-7.37832
-7.38536
-7.405
-7.31685
-7.40112
-7.14983
-7.35108
-7.5408
-7.15992
-7.56025
-7.13673
-7.55069
-7.29376
-7.00206
-7.52961
-7.19939
-7.32261
-7.44479
-7.22263
-7.42086
-7.38467
-7.32195
-7.3593
-7.48856
-7.44801
-7.53894
-7.30601
-7.49199
-7.22188
-7.36863
-7.41619
-7.5252
-7.30472
-7.31757
-7.18785
-7.40656
-7.35948
-7.1994
-7.29114
-7.43318
-7.29656
-7.44349
-7.5281
-7.26557
-7.47255
-7.24875
-7.48892
-7.26463
-7.40033
-7.35169
-7.24837
-7.1957
-7.44678
-7.40754
-7.32418
-7.36133
-7.28116
-7.25445
-7.39974
-7.1306
-7.50692
-7.27534
-7.46502
-7.19221
-7.3904
-7.15264
-7.36631
-7.29683
-7.33532
-7.09863
-7.24612
-7.42557
-7.08397
-7.43116
-7.38948
-7.55582
-7.44754
-7.47382
-7.20802
-7.33274
-7.44483
-7.24647
-7.54769
-7.40268
-7.26303
-7.30457
-7.51194
-7.1701
-7.32303
-7.45882
-7.30923
-7.12174
-7.4876
-7.48283
-7.33902
-7.48211
-7.30912
-7.33048
-7.42976
-7.31869
-7.48637
-7.35818
-7.59739
-7.40069
-7.34277
-7.36501
-7.3697
-7.43788
-7.44674
-7.49971
-7.50191
-7.48941
-7.30776
-7.38397
-7.36984
-7.27603
-7.2992
-7.35985
-7.5201
-7.41045
-7.18843
-7.2738
-7.28918
-7.26852
-7.17112
-7.18734
-7.23562
-7.22228
-7.47648
-7.21414
-7.38162
-7.2228
-7.45965
-7.50259
-7.34943
-7.53469
-7.44324
-7.67575
-7.55625
-7.23627
-7.37111
-7.43278
-7.32055
-7.24692
-7.50489
-7.20639
-7.4663
-7.34854
-7.62422
-7.41911
-7.062
-7.53132
-7.30112
-7.6079
-7.52809
-7.4005
-7.28769
-7.36374
-7.44065
-7.40052
-7.0372
-7.30232
-7.40871
-7.22566
-7.32288
-7.20006
-7.47697
-7.48731
-7.42287
-7.34902
-7.11493
-7.09594
-7.40398
-7.38516
-7.4065
-7.30629
-7.33987
-7.41772
-7.43172
-7.11049
-7.33709
-7.3521
-7.39891
-7.49614
-7.30968
-7.47897
-7.25624
-7.36532
-7.11017
-7.37762
-7.55745
-7.33593
-7.34752
-7.18293
-7.45227
-7.25041
-7.30311
-7.42304
-7.45351
-7.34382
-7.52346
-7.15332
-6.99038
-7.36396
-7.3524
-7.5093
-7.39811
-7.47977
-7.30262
-7.26112
-7.45377
-7.1492
-7.60927
-7.45088
-7.62421
-7.27586
-7.33703
-7.28023
-7.37611
-7.40051
-7.37418
-7.40995
-7.27213
-7.20488
-7.26097
-7.28116
-7.53847
-7.26126
-7.20849
-7.19927
-7.31216
-7.21822
-7.23929
-7.59731
-7.44188
-7.39639
-7.22283
-7.46211
-7.2424
-7.43876
-7.38185
-7.25708
-7.40704
-7.33336
-7.3684
-7.2153
-7.36526
-7.32488
-7.5156
-7.42007
-7.33942
-7.33827
-7.51409
-7.31657
-7.31335
-7.56849
-7.35356
-7.45195
-7.2796
-7.05913
-7.37592
-7.35297
-7.27514
-7.34778
-7.24407
-7.49235
-7.19635
-7.32387
-7.41682
-7.15359
-7.49292
-7.35288
-7.38383
-7.38454
-7.33473
-7.33942
-7.38159
-7.377
-7.38919
-7.09957
-7.2539
-7.24784
-7.3885
-7.32388
-7.35131
-7.34146
-7.37465
-7.30798
-7.2992
-7.34995
-7.29474
-7.47356
-7.25116
-7.32199
-7.44101
-7.39051
-7.45787
-7.02271
-7.24467
-7.25438
-7.29482
-7.25734
-7.32489
-7.42579
-7.22735
-7.47186
-7.37063
-7.21612
-7.32926
-7.25593
-7.24753
-7.49668
-7.41474
-7.26291
-7.15929
-7.33488
-7.47438
-7.30894
-7.43985
-7.31842
-7.39655
-7.44167
-7.29563
-7.44212
-7.55226
-7.3263
-7.19618
-7.38628
-7.2507
-7.20872
-7.46858
-7.3751
-7.20366
-7.34492
-7.42106
-7.38585
-7.27966
-7.38172
-7.3867
-7.30192
-7.4164
-7.28023
-7.23499
-7.21604
-7.36164
-7.37062
-7.56944
-7.19159
-7.36975
-7.23124
-7.32875
-7.20624
-7.34474
-7.48658
-7.46123
-7.53837
-7.34144
-7.17518
-7.27397
-7.42644
-7.2318
-7.5219
-7.34346
-7.24866
-7.36465
-7.3287
-7.42439
-7.46279
-7.40354
-7.28368
-7.37573
-7.46569
-7.25863
-7.34734
-7.30157
-7.34723
-7.29822
-7.37393
-7.38938
-7.33918
-7.41446
-7.25663
-7.13355
-7.33689
-7.32958
-7.29067
-7.45057
-7.50908
-7.37901
-7.56308
-7.32577
-7.54588
-7.52111
-7.23899
-7.33539
-7.3374
-7.32741
-7.46901
-7.36577
-7.3922
-7.13277
-7.34886
-7.53303
-7.46629
-7.25827
-7.2652
-7.35248
-7.43351
-7.40604
-7.1081
-7.3301
-7.26012
-7.41487
-7.40954
-7.20139
-7.05918
-7.4406
-7.3076
-7.1855
-7.21283
-7.40877
-7.43093
-7.43073
-7.30735
-7.49606
-7.18806
-7.34305
-7.14817
-7.33081
-7.27689
-7.5206
-7.3861
-7.26632
-7.31626
-7.45917
-7.49434
-7.51328
-7.30471
-7.08974
-7.39454
-7.24056
-7.39045
-7.29413
-7.37449
-7.47057
-7.38821
-7.48762
-7.25543
-7.23439
-7.28808
-7.28276
-7.23107
-7.37061
-7.55092
-7.2968
-7.36407
-7.47962
-7.28026
-7.21836
-7.08311
-7.31224
-7.2207
-7.44174
-7.47254
-7.54558
-7.27668
-7.51869
-7.13133
-7.26488
-7.37965
-7.34426
-7.36515
-7.53614
-7.32824
-7.35158
-7.38939
-7.4113
-7.24125
-7.43585
-7.48347
-7.35528
-7.43331
-7.45
-7.56347
-7.32468
-7.31805
-7.31839
-7.55222
-7.17013
-7.41751
-7.41548
-7.58269
-7.24507
-7.18186
-7.21402
-7.30487
-7.31154
-7.38837
-7.50692
-7.37429
-7.28645
-7.43139
-7.16241
-7.22481
-7.52102
-7.35158
-7.30935
-7.49595
-7.45695
-7.34024
-7.3891
-7.39672
-7.49139
-7.2107
-7.54416
-7.29168
-7.30376
-7.2876
-7.43211
-7.43263
-7.26584
-7.29162
-7.37779
-7.13544
-7.38579
-7.33888
-7.39136
-7.22298
-7.39553
-7.32264
-7.36375
-7.41359
-7.29728
-7.3489
-7.27334
-7.35097
-7.34402
-7.43547
-7.54263
-7.31093
-7.35325
-7.37902
-7.33208
-7.51916
-7.20872
-7.32234
-7.40567
-7.39441
-7.64172
-7.31022
-7.21561
-7.16432
-7.47834
-7.45065
-7.45015
-7.4134
-7.22135
-7.48543
-7.18604
-7.47594
-7.44501
-7.34107
-7.42186
-7.39669
-7.3344
-7.23724
-7.39247
-7.35272
-7.19246
-7.47675
-7.4536
-7.17731
-7.27734
-7.41791
-7.50506
-7.54144
-7.61873
-7.33606
-7.36463
-7.17749
-7.3659
-7.29308
-7.35132
-7.32935
-7.34047
-7.36385
-7.25345
-7.44368
-7.34496
-7.42816
-7.39393
-7.48014
-7.19123
-7.16063
-7.38445
-7.35518
-7.25528
-7.20802
-7.36994
-7.20885
-7.40455
-7.23285
-7.31983
-7.36635
-7.23968
-7.10677
-7.28715
-7.47754
-7.23175
-7.27562
-7.47249
-7.26451
-7.29712
-7.38972
-7.20393
-7.39508
-7.21586
-7.17846
-7.46936
-7.4893
-7.18977
-7.21849
-7.42293
-7.45797
-7.51014
-7.42788
-7.52647
-7.38136
-7.44368
-7.39559
-7.53261
-7.52359
-7.39522
-7.27403
-7.46755
-7.35792
-7.54672
-7.26848
-7.33173
-7.27994
-7.41366
-7.43767
-7.27346
-7.08212
-7.49218
-7.18236
-7.25214
-7.41167
-7.28861
-7.56558
-7.31872
-7.28887
-7.47666
-7.40197
-7.55373
-7.31592
-7.47702
-7.19846
-7.40709
-7.47012
-7.29902
-7.30835
-7.24348
-7.4704
-7.35172
-7.39883
-7.4999
-7.07839
-7.54489
-7.45325
-7.43777
-7.45699
-7.45048
-7.24111
-7.27559
-7.328
-7.48756
-7.42394
-7.3073
-7.37669
-7.4048
-7.40478
-7.43714
-7.37095
-7.34765
-7.38879
-7.35442
-7.30199
-7.39328
-7.39759
-7.48298
-7.34699
-7.39958
-7.24532
-7.33863
-7.31142
-7.54631
-7.31392
-7.20279
-7.3614
-7.26212
-7.33108
-7.44794
-7.37587
-7.25307
-7.38637
-7.404
-7.46858
-7.41384
-7.27414
-7.53998
-7.31729
-7.34661
-7.3926
-7.48119
-7.22298
-7.29151
-7.28032
-7.27732
-7.25872
-7.4109
-7.24939
-7.43806
-7.11144
-7.38767
-7.45275
-7.32175
-7.41274
-7.36936
-7.20536
-7.32676
-7.42516
-7.33593
-7.39934
-7.48111
-7.37668
-7.52977
-7.42701
-7.36897
-7.43894
-7.34536
-7.21134
-7.23881
-7.22625
-7.60044
-7.31968
-7.21846
-7.50598
-7.43475
-7.24467
-7.31012
-7.38144
-7.41205
-7.39728
-7.3343
-7.2391
-7.43269
-7.42125
-7.51108
-7.15983
-7.26414
-7.34407
-7.38051
-7.30731
-7.24246
-7.55337
-7.41586
-7.35703
-7.28907
-7.19231
-7.22625
-7.45262
-7.52631
-7.22407
-7.45699
-7.49508
-7.17984
-7.21696
-7.17165
-7.5294
-7.38536
-7.31884
-7.17838
-7.22262
-7.22405
-7.25379
-7.53654
-7.24257
-7.2375
-7.3475
-7.57857
-7.36415
-7.38927
-7.29364
-7.5083
-7.31573
-7.52439
-7.31857
-7.37516
-7.35271
-7.18509
-7.38425
-7.43491
-7.39229
-7.16429
-7.35593
-7.3818
-7.30405
-7.33645
-7.24162
-7.52515
-7.4615
-7.3324
-7.26473
-7.1821
-7.49074
-7.24779
-7.19391
-7.33889
-7.28705
-7.38525
-7.3527
-7.33321
-7.39362
-7.34946
-7.53358
-7.21662
-7.33655
-7.24416
-7.26017
-7.23458
-7.47976
-7.29376
-7.29669
-7.32105
-7.37303
-7.41027
-7.42383
-7.16003
-7.33875
-7.23519
-7.51318
-7.31199
-7.00768
-7.15677
-7.44069
-7.3466
-7.40118
-7.51488
-7.26625
-7.33537
-7.48188
-7.52646
-7.37966
-7.26375
-7.46203
-7.22505
-7.37167
-7.38452
-7.25585
-7.31942
-7.17986
-7.30099
-7.10162
-7.20038
-7.40214
-7.38031
-7.39977
-7.13714
-7.45087
-7.45002
-7.09847
-7.25214
-7.41427
-7.27682
-7.27718
-7.3228
-7.29819
-7.29956
-7.28889
-7.49759
-7.30081
-7.39401
-7.26868
-7.31983
-7.3144
-7.21067
-7.26793
-7.42692
-7.40167
-7.25205
-7.20618
-7.53509
-7.33024
-7.26397
-7.35058
-7.46916
-7.36269
-7.29847
-7.38612
-7.30305
-7.34662
-7.26065
-7.28978
-7.37859
-7.39662
-7.33492
-7.38164
-7.25317
-7.34034
-7.26524
-7.46226
-7.08293
-7.31848
-7.14063
-7.28593
-7.18161
-7.48864
-7.20208
-7.40072
-7.45057
-7.16662
-7.47527
-7.29961
-7.20332
-7.33612
-7.43066
-7.4643
-7.43505
-7.39782
-7.37121
-7.487
-7.26083
-7.28931
-7.15564
-7.28313
-7.1643
-7.66652
-7.32775
-7.30905
-7.3542
-7.32444
-7.10443
-7.46149
-7.59265
-7.53547
-7.33177
-7.2606
-7.1725
-7.25943
-7.27463
-7.55003
-7.54382
-7.50193
-7.34186
-7.361
-7.2983
-7.28852
-7.3815
-7.46597
-7.59986
-7.4286
-7.39645
-7.28906
-7.22135
-7.56043
-7.1918
-7.24258
-7.26061
-7.29736
-7.31227
-7.39567
-7.50067
-7.40077
-7.63773
-7.53298
-7.31555
-7.25619
-7.34487
-7.54212
-7.12521
-7.28459
-7.55845
-7.41526
-7.37806
-7.111
-7.36797
-7.12921
-7.30653
-7.23483
-7.35511
-7.45282
-7.56009
-7.39277
-7.39552
-7.33147
-7.54411
-7.23845
-7.50121
-7.30282
-7.53667
-7.33032
-7.25207
-7.15212
-7.37203
-7.16529
-7.57939
-7.14435
-7.08
-7.18608
-7.57262
-7.37486
-7.15057
-7.42349
-7.31682
-7.37859
-7.25453
-7.45021
-7.44486
-7.42319
-7.28989
-7.35799
-7.3948
-7.47619
-7.16492
-7.36618
-7.18593
-7.34739
-7.30003
-7.13951
-7.25463
-7.22008
-7.29345
-7.38938
-7.24021
-7.21329
-7.42956
-7.40604
-7.22108
-7.42804
-7.13169
-7.37465
-7.29772
-7.40708
-7.24624
-7.39812
-7.55118
-7.31954
-7.4634
-7.35252
-7.35538
-7.08452
-7.2847
-7.42544
-7.17577
-7.32208
-7.51099
-7.38707
-7.25991
-7.68927
-7.17498
-7.13515
-7.31555
-7.49939
-7.47954
-7.20461
-7.44804
-7.36359
-7.49001
-7.32071
-7.36506
-7.23259
-7.21856
-7.49792
-7.20596
-7.14076
-7.53903
-7.52028
-7.3745
-7.23011
-7.36963
-7.3689
-7.43232
-7.12809
-7.55519
-7.38239
-6.97082
-7.28323
-7.37558
-7.19107
-7.24497
-7.41679
-7.35777
-7.22151
-7.37379
-7.27868
-7.65637
-7.20403
-7.52025
-7.29481
-7.24198
-7.18757
-7.19556
-7.39591
-7.20934
-7.23225
-7.26005
-7.38681
-7.19962
-7.25774
-7.4425
-7.37911
-7.49433
-7.44685
-7.23206
-7.43407
-7.189
-7.46899
-7.52387
-7.33866
-7.27035
-7.3401
-7.16625
-7.42286
-7.29616
-7.46087
-7.29252
-7.2538
-7.08535
-7.41555
-7.26696
-7.39835
-7.3085
-7.30604
-7.2376
-7.22841
-7.37374
-7.4067
-7.26923
-7.34269
-7.40669
-7.36768
-7.28947
-7.10844
-7.17641
-7.67792
-7.40553
-7.21103
-7.08426
-7.43942
-7.47537
-7.3499
-7.26621
-7.46484
-7.46581
-7.39289
-7.544
-7.38312
-7.3563
-7.3429
-7.35217
-7.28645
-7.28236
-7.21881
-7.28517
-7.29579
-7.40437
-7.3316
-7.37015
-7.31768
-7.52459
-7.46668
-7.32634
-7.15092
-7.30934
-7.15228
-7.41671
-7.4087
-7.41592
-7.3788
-7.28335
-7.41691
-7.38624
-7.27855
-7.25144
-7.21065
-7.11379
-7.11177
-7.44042
-7.28259
-7.30854
-7.21823
-7.31313
-7.38454
-7.20623
-7.39835
-7.22551
-7.25463
-7.56539
-7.40446
-7.56018
-7.53158
-7.30012
-7.30973
-7.2962
-7.39325
-7.28263
-7.2255
-7.13523
-7.26685
-7.32082
-7.31421
-7.31111
-7.46133
-7.55055
-7.31501
-7.5425
-7.47723
-7.54025
-7.34591
-7.38392
-7.47503
-7.35932
-7.2711
-7.26825
-7.18795
-7.18037
-7.38906
-7.37711
-7.43404
-7.39517
-7.21827
-7.31527
-7.49818
-7.28064
-7.36312
-7.34846
-7.29853
-7.32821
-7.31055
-7.46697
-7.29524
-7.38727
-7.33093
-7.32893
-7.31498
-7.42433
-7.26041
-7.34926
-7.35355
-7.23813
-7.36073
-7.30673
-7.54556
-7.33558
-7.40466
-7.39995
-7.35895
-7.08747
-7.31064
-7.43849
-7.21961
-7.51609
-7.41338
-7.37089
-7.28918
-7.24274
-7.17707
-7.13439
-7.41571
-7.27353
-7.30618
-7.15918
-7.36856
-7.30021
-7.30127
-7.39511
-7.4248
-7.33347
-7.27139
-7.46714
-7.10145
-7.64727
-7.38476
-7.24257
-7.36185
-7.45774
-7.43174
-7.54629
-7.36839
-7.40427
-7.26764
-7.36164
-7.20577
-7.23769
-7.44255
-7.35037
-7.22571
-7.1211
-7.37769
-7.36988
-7.27016
-7.36605
-7.43332
-7.19836
-7.30215
-7.49012
-7.30023
-7.45325
-7.5165
-7.50196
-7.34476
-7.20889
-7.3019
-7.18007
-7.25058
-7.26079
-7.39622
-7.309
-7.26214
-7.48943
-7.36719
-7.41997
-7.09749
-7.43786
-7.29927
-7.40707
-7.33856
-7.088
-7.44357
-7.38031
-7.31606
-7.37464
-7.46931
-7.41225
-7.53764
-7.37211
-7.22967
-7.18777
-7.36495
-7.46674
-7.39988
-7.30629
-7.38726
-7.09262
-7.31897
-7.19599
-7.1958
-7.30219
-7.50656
-7.45657
-7.46254
-7.29531
-7.47041
-7.454
-7.44853
-7.38135
-7.45458
-7.31177
-7.30097
-7.32506
-7.43953
-7.25114
-7.42024
-7.30822
-7.30204
-7.06693
-7.42977
-7.427
-7.27804
-7.33631
-7.44097
-7.4368
-7.23022
-7.14811
-7.47975
-7.43235
-7.51888
-7.21081
-7.47678
-7.3593
-7.26135
-7.22582
-7.45943
-7.4763
-7.249
-7.24287
-7.32703
-7.22728
-7.50753
-7.25582
-7.28817
-7.31367
-7.36201
-7.41959
-7.52191
-7.39705
-7.23255
-7.43289
-7.5078
-7.41172
-7.31542
-7.39137
-7.34019
-7.36225
-7.27868
-7.33261
-7.35952
-7.33637
-7.46015
-7.28103
-7.32377
-7.35728
-7.2163
-7.42112
-7.37131
-7.37691
-7.22788
-7.24296
-7.22011
-7.32483
-7.43071
-7.41897
-7.29486
-7.54303
-7.46955
-7.3429
-7.36672
-7.23162
-7.30694
-7.34182
-7.2843
-7.51583
-7.22091
-7.37625
-7.36017
-7.23878
-7.369
-7.53057
-7.29673
-7.38519
-7.41537
-7.22893
-7.42822
-7.31239
-7.3228
-7.19031
-7.36917
-7.37836
-7.13782
-7.25468
-7.35295
-7.28055
-7.22457
-7.37942
-7.42682
-7.41455
-7.34748
-7.29075
-7.10687
-7.62166
-7.42696
-7.21123
-7.26983
-7.31673
-7.2586
-7.4848
-7.38368
-7.44249
-7.24119
-7.28701
-7.39839
-7.23924
-7.52907
-7.25713
-7.19848
-7.21023
-7.2571
-7.33006
-7.34337
-7.12673
-7.4058
-7.50583
-7.0793
-7.41251
-7.57503
-7.28649
-7.31667
-7.42377
-7.51051
-7.38951
-7.23461
-7.29444
-7.5216
-7.39791
-7.45988
-7.47371
-7.44602
-7.23542
-7.25039
-7.49993
-7.63029
-7.27352
-7.44546
-7.48634
-7.41084
-7.1963
-7.33507
-7.3383
-7.10571
-7.30072
-7.2825
-7.4897
-7.3963
-7.39007
-7.35519
-7.35101
-7.62992
-7.29296
-7.3773
-7.5924
-7.52475
-7.19945
-7.56916
-7.39273
-7.24649
-7.47424
-7.42671
-7.442
-7.35103
-7.29754
-7.39778
-7.37002
-7.23252
-7.2014
-7.24942
-7.35175
-7.13215
-7.31411
-7.2734
-7.36858
-7.40552
-7.44016
-7.16623
-7.15109
-7.46509
-7.33259
-7.54121
-7.23354
-7.39983
-7.67081
-7.374
-7.29296
-7.29937
-7.33337
-7.47823
-7.45338
-7.24149
-7.37817
-7.33582
-7.38443
-7.12774
-7.58521
-7.16151
-7.21094
-7.32166
-7.35358
-7.17563
-7.26361
-7.3493
-7.34769
-7.41686
-7.21213
-7.4291
-7.37246
-7.45901
-7.32734
-7.5192
-7.56887
-7.26691
-7.30458
-7.38053
-7.29027
-7.20433
-7.12391
-7.281
-7.35188
-7.22289
-7.50726
-7.19345
-7.3854
-7.40867
-7.56167
-7.51633
-7.16261
-7.15031
-7.36751
-7.50517
-7.24908
-7.24304
-7.54355
-7.1767
-7.41428
-7.10143
-7.51258
-7.42635
-7.26132
-7.27014
-7.25446
-7.31142
-7.28125
-7.43774
-7.43342
-7.35533
-7.09872
-7.17687
-7.4515
-7.26549
-7.20515
-7.25944
-7.35564
-7.3956
-7.46727
-7.37421
-7.36779
-7.28534
-7.2757
-7.50389
-7.57645
-7.19413
-7.33144
-7.19918
-7.37157
-7.4466
-7.36921
-7.38543
-7.26883
-7.30248
-7.17571
-7.4323
-7.36859
-7.3718
-7.51358
-7.41615
-7.38901
-7.49907
-7.57881
-7.19296
-7.36445
-7.16073
-7.29955
-7.31548
-7.17324
-7.42759
-7.15071
-7.38821
-7.29445
-7.38159
-7.38569
-7.34582
-7.3438
-7.26377
-7.31633
-7.12871
-7.34535
-7.28405
-7.3552
-7.31915
-7.44425
-7.33004
-7.61372
-7.24544
-7.31002
-7.36502
-7.29121
-7.36623
-7.46199
-7.32464
-7.43959
-7.60267
-7.47729
-7.37924
-7.21695
-7.24643
-7.33185
-7.2603
-7.42186
-7.28433
-7.38047
-7.38879
-7.31441
-7.30158
-7.25441
-7.24353
-7.10137
-7.28319
-7.34069
-7.45526
-7.33636
-7.44293
-7.41126
-7.5294
-7.19846
-7.25358
-7.41052
-7.28161
-7.24144
-7.24829
-7.45795
-7.30781
-7.14113
-7.25179
-7.17518
-7.47426
-7.5179
-7.45611
-7.27926
-7.46953
-7.31694
-7.22151
-7.34489
-7.24845
-7.32957
-7.38138
-7.63387
-7.44115
-7.40292
-7.48391
-7.55317
-7.39429
-7.42039
-7.49351
-7.39216
-7.51917
-7.3959
-7.37052
-7.15434
-7.37736
-7.47388
-7.25937
-7.29659
-7.48053
-7.14646
-7.31635
-7.0017
-7.17738
-7.29003
-7.20816
-7.22736
-7.4255
-7.41813
-7.3414
-7.39245
-7.36247
-7.07859
-7.34216
-7.35949
-7.52832
-7.51785
-7.4
-7.40933
-7.14036
-7.4412
-7.43261
-7.41853
-7.13625
-7.27831
-7.42301
-7.37106
-7.27135
-7.3318
-7.53854
-7.27403
-7.4736
-7.27685
-7.34349
-7.11634
-7.41637
-7.30748
-7.38191
-7.38853
-7.456
-7.31658
-7.23456
-7.2384
-7.27348
-7.44547
-7.06108
-7.44271
-7.19811
-7.31194
-7.2895
-7.47563
-7.44417
-7.33981
-7.40273
-7.24324
-7.36867
-7.23202
-7.51322
-7.38842
-7.1931
-7.31274
-7.55178
-7.47124
-7.53085
-7.3577
-7.39797
-7.05758
-7.47585
-7.36438
-7.46916
-7.28924
-7.30368
-7.23785
-7.26846
-7.39441
-7.22907
-7.36669
-7.15812
-7.45699
-7.24373
-7.51361
-7.34932
-7.39296
-7.36049
-7.28094
-7.21706
-7.52836
-7.20488
-7.46623
-7.30841
-7.22756
-7.16587
-7.36133
-7.27804
-7.37259
-7.4792
-7.46423
-7.20528
-7.47395
-7.21765
-7.14298
-7.254
-7.52725
-7.3865
-7.28731
-7.2579
-7.38011
-7.29016
-7.39523
-7.38554
-7.45793
-7.43385
-7.27291
-7.33203
-7.12146
-7.33835
-7.64701
-7.28901
-7.23256
-7.31864
-7.25549
-7.57641
-7.2664
-7.24707
-7.10716
-7.39366
-7.36897
-7.4343
-7.32181
-7.33975
-7.23808
-7.23212
-7.50107
-7.34235
-7.17115
-7.24213
-7.1486
-7.26044
-7.25601
-7.45378
-7.37696
-7.4501
-7.59783
-7.242
-7.3916
-7.28532
-7.27309
-7.49841
-7.47123
-7.05015
-7.21065
-7.40363
-7.45169
-7.20341
-7.24037
-7.40504
-7.33722
-7.4654
-7.49798
-7.30683
-7.38999
-7.25543
-7.32151
-7.28551
-7.43663
-7.16296
-7.23991
-7.42877
-7.26919
-7.24488
-7.27671
-7.5307
-7.33761
-7.33051
-7.28868
-7.49043
-7.2424
-7.21969
-7.43502
-7.35029
-7.05482
-7.49248
-7.37027
-7.45422
-7.31418
-7.19496
-7.3134
-7.45546
-7.30895
-7.28092
-7.12245
-7.23229
-7.48981
-7.49362
-7.15987
-7.41069
-7.55342
-7.44636
-7.35
-7.18718
-7.34368
-7.37165
-7.35774
-7.41451
-7.56532
-7.32653
-7.26331
-7.22037
-7.41155
-7.52162
-7.21193
-7.42234
-7.22719
-7.4389
-7.21731
-7.54797
-7.38516
-7.45789
-7.30563
-7.24282
-7.60784
-7.48761
-7.35329
-7.3958
-7.45093
-7.56945
-7.42803
-7.49119
-7.14785
-7.56158
-7.31373
-7.20067
-7.22253
-7.22424
-7.34838
-7.23059
-7.47179
-7.09783
-7.24432
-7.36478
-7.48733
-7.07733
-7.37016
-7.43367
-7.23469
-7.49551
-7.40257
-7.56032
-7.48646
-7.25028
-7.36338
-7.38819
-7.37602
-7.21763
-7.40292
-7.3884
-7.29043
-7.54164
-7.39557
-7.5535
-7.46152
-7.18144
-7.20873
-7.28819
-7.61326
-7.45772
-7.2052
-7.46002
-7.12905
-7.17108
-7.29279
-7.4188
-7.08028
-7.39894
-7.21831
-7.3125
-7.34825
-7.55373
-7.44082
-7.39169
-7.46207
-7.43171
-7.45761
-7.11785
-7.48579
-7.45977
-7.29123
-7.29653
-7.3692
-7.40011
-7.37958
-7.27473
-7.31008
-7.46474
-7.16852
-7.2463
-7.41734
-7.35136
-7.30323
-7.41801
-7.20663
-7.24204
-7.41972
-7.40336
-7.26953
-7.36111
-7.1784
-7.40957
-7.48449
-7.3978
-7.25047
-7.32188
-7.33704
-7.27786
-7.49521
-7.34389
-7.20007
-7.35862
-7.32378
-7.47785
-7.45464
-7.35326
-7.47236
-7.38298
-7.27815
-7.23163
-7.32051
-7.2875
-7.22623
-7.62604
-7.38016
-7.46268
-7.20922
-7.26276
-7.27357
-7.33162
-7.17699
-7.16449
-7.43706
-7.52865
-7.37315
-7.2143
-7.37425
-7.38341
-7.35469
-7.31603
-7.24635
-7.18246
-7.18191
-7.24103
-7.40473
-7.2789
-7.24152
-7.32758
-7.36034
-7.34149
-7.3781
-7.38331
-7.2192
-7.36523
-7.33774
-7.23819
-7.39276
-7.33339
-7.29491
-7.4173
-7.35902
-7.37745
-7.14268
-7.46704
-7.35972
-7.19704
-7.05961
-7.58976
-7.34318
-7.32379
-7.37169
-7.44508
-7.46566
-7.48987
-7.36359
-7.30786
-7.30869
-7.1692
-7.45662
-7.56376
-7.28212
-7.26726
-7.35132
-7.44851
-7.35477
-7.66589
-7.43277
-7.52456
-7.3105
-7.3045
-7.25665
-7.17953
-7.19902
-7.44352
-7.49974
-7.15736
-7.24072
-7.4078
-7.44046
-7.50539
-7.32775
-7.36223
-7.15913
-7.50724
-7.25476
-7.15997
-7.45682
-7.30445
-7.38648
-7.18716
-7.3036
-7.37144
-7.3413
-7.27094
-7.52827
-7.45112
-7.20777
-7.3484
-7.41177
-7.21272
-7.32234
-7.30342
-7.31675
-7.39441
-7.4229
-7.38295
-7.33076
-7.3655
-7.15966
-7.38166
-7.18773
-7.50793
-7.38581
-7.30546
-7.23574
-7.31188
-7.20675
-7.59427
-7.36781
-7.43114
-7.32874
-7.33675
-7.2371
-7.21075
-7.36395
-7.49779
-7.19523
-7.19217
-7.47154
-7.26623
-7.36318
-7.37904
-7.28784
-7.44823
-7.53539
-7.47796
-7.09567
-7.36148
-7.49464
-7.315
-7.0495
-7.25537
-7.32833
-7.32452
-7.25053
-7.58341
-7.34155
-7.28398
-7.37161
-7.53039
-7.07299
-7.46521
-7.27903
-7.37696
-7.33612
-7.42227
-7.38143
-7.42378
-7.25994
-7.37262
-7.36945
-7.45561
-7.35831
-7.33083
-7.15701
-7.38989
-7.31912
-7.28337
-7.27076
-7.23855
-7.36545
-7.40361
-7.28647
-7.38034
-7.39893
-7.4079
-7.46831
-7.26344
-7.3892
-7.39857
-7.32418
-7.40434
-7.17587
-7.49855
-7.36363
-7.40816
-7.17
-7.32877
-7.4832
-7.14862
-7.23352
-7.32368
-7.50331
-7.50458
-7.41211
-7.48606
-7.34551
-7.20457
-7.28544
-7.45976
-7.39414
-7.44375
-7.36207
-7.41169
-7.50297
-7.58372
-7.1437
-7.47347
-7.47828
-7.31171
-7.55231
-7.3457
-7.28818
-7.42952
-7.33514
-7.2753
-7.34242
-7.44697
-7.16884
-7.24505
-7.56091
-7.28344
-7.39251
-7.46634
-7.23321
-7.29188
-7.18372
-7.34166
-7.28748
-7.08862
-7.29795
-7.27036
-7.43347
-7.18825
-7.28299
-7.4205
-7.23983
-7.14236
-7.27445
-7.43581
-7.26299
-7.55871
-7.26983
-7.39267
-7.34072
-7.31157
-7.30085
-7.22965
-7.31965
-7.49437
-7.45734
-7.2819
-7.29169
-7.33435
-7.46021
-7.45935
-7.20911
-7.36327
-7.40488
-7.40149
-7.184
-7.05611
-7.30428
-7.22099
-7.28302
-7.17775
-7.26564
-7.34974
-7.5351
-7.51095
-7.58265
-7.27772
-7.48786
-7.18399
-7.34872
-7.41533
-7.3867
-7.51592
-7.36533
-7.36835
-7.31853
-7.28958
-7.40213
-7.33151
-7.41107
-7.31455
-7.16366
-7.35285
-7.26758
-7.20092
-7.31476
-7.46155
-7.31441
-7.12202
-7.41281
-7.31431
-7.44103
-7.22716
-7.32999
-7.17246
-7.38996
-7.35582
-7.24849
-7.33373
-7.22395
-7.2131
-7.22995
-7.16881
-7.44897
-7.3028
-7.50704
-7.34089
-7.32524
-7.53795
-7.27128
-7.34908
-7.32021
-7.37565
-7.4161
-7.35292
-7.27421
-7.28711
-7.29207
-7.30876
-7.31821
-7.2911
-7.27737
-7.36264
-7.18969
-7.17355
-7.39953
-7.4892
-7.47125
-7.33192
-7.3256
-7.50137
-7.46414
-7.25022
-7.25724
-7.33085
-7.16129
-7.33382
-7.24184
-7.42634
-7.2965
-7.19853
-7.36075
-7.34279
-7.44517
-7.29003
-7.57533
-7.39636
-7.27672
-7.42537
-7.24142
-7.28111
-7.35326
-7.29576
-7.27692
-7.32267
-7.20558
-7.33634
-7.25699
-7.31141
-7.34089
-7.38008
-7.34631
-7.41477
-7.16483
-7.15785
-7.36066
-7.25678
-7.32903
-7.19994
-7.30813
-7.31142
-7.11563
-7.20951
-7.57263
-7.27329
-7.26371
-7.37374
-7.19793
-7.31591
-7.42389
-7.52367
-7.42255
-7.27686
-7.55581
-7.44901
-7.4109
-7.38667
-7.36995
-7.28241
-7.4152
-7.26662
-7.35719
-7.32059
-7.32898
-7.4012
-7.19214
-7.32175
-7.32903
-7.50066
-7.40228
-7.40438
-7.3369
-7.17214
-7.19025
-7.34113
-7.64039
-7.21853
-7.23226
-7.30547
-7.39332
-7.30309
-7.35319
-7.47521
-7.36355
-7.36898
-7.40922
-7.25618
-7.32485
-7.31219
-7.29481
-7.46439
-7.41068
-7.46106
-7.2121
-7.24249
-7.35284
-7.38729
-7.37606
-7.38164
-7.11013
-7.20557
-7.46135
-7.30535
-7.44747
-7.42024
-7.50789
-7.29238
-7.36046
-7.44112
-7.30204
-7.40714
-7.37364
-7.37127
-7.40754
-7.49735
-7.22475
-7.14086
-7.43022
-7.38232
-7.25523
-7.32492
-7.16835
-7.48427
-7.42481
-7.28536
-7.22832
-7.34263
-7.41123
-7.37299
-7.28072
-7.31373
-7.23595
-7.41027
-7.1236
-7.42107
-7.15963
-7.36229
-7.38519
-7.17304
-7.19803
-7.29161
-7.35019
-7.4788
-7.36655
-7.25851
-7.13356
-7.39014
-7.18562
-7.46942
-7.23077
-7.25326
-7.3567
-7.4222
-7.42621
-7.55097
-7.24616
-7.27957
-7.41909
-7.24857
-7.29127
-7.35228
-7.58188
-7.57818
-7.56493
-7.43893
-7.47962
-7.37935
-7.18679
-7.13148
-7.42381
-7.47229
-7.34117
-7.31432
-7.28097
-7.24745
-7.42255
-7.12941
-7.46214
-7.57264
-7.17241
-7.53978
-7.30991
-7.41793
-7.29213
-7.51291
-7.39154
-7.37968
-7.42726
-7.419
-7.32756
-7.39929
-7.23924
-7.26238
-7.49345
-7.47151
-7.37011
-7.48004
-7.38672
-7.45706
-7.38477
-7.49151
-7.35013
-7.39047
-7.33873
-7.20187
-7.11304
-7.46438
-7.223
-7.40558
-7.47159
-7.25589
-7.29462
-7.40706
-7.28484
-7.33888
-7.3604
-7.29583
-7.40472
-7.29824
-7.43193
-7.22493
-7.4181
-7.32446
-7.52985
-7.35175
-7.18099
-7.39981
-7.31331
-7.43052
-7.33845
-7.33006
-7.09353
-7.61969
-7.33789
-7.36909
-7.54438
-7.33321
-7.35711
-7.51274
-7.15201
-7.29724
-7.37271
-7.34984
-7.30768
-7.41117
-7.4612
-7.42426
-7.31535
-7.20048
-7.33822
-7.30507
-7.49989
-7.46548
-7.26093
-7.43771
-7.3283
-7.12837
-7.49135
-7.34425
-7.19586
-7.42018
-7.40167
-7.46524
-7.55477
-7.4482
-7.46984
-7.42251
-7.40647
-7.55943
-7.28596
-7.38975
-7.3974
-7.29073
-7.05579
-7.2712
-7.14724
-7.35185
-7.25135
-7.25288
-7.43309
-7.20554
-7.2324
-7.51007
-7.29312
-7.20763
-7.18089
-7.24918
-7.41422
-7.49178
-7.38581
-7.13923
-7.23029
-7.37208
-7.22035
-7.59123
-7.46988
-7.28838
-7.28458
-7.30841
-7.53956
-7.2741
-7.27564
-7.26548
-7.45483
-7.50151
-7.23074
-7.22887
-7.40934
-7.27284
-7.2795
-7.32036
-7.40708
-7.32567
-7.32965
-7.292
-7.35053
-7.20768
-7.13749
-7.1926
-7.32555
-7.32503
-7.39129
-7.36343
-7.11334
-7.37432
-7.48377
-7.16918
-7.3065
-7.43056
-7.45508
-7.19048
-7.50465
-7.38277
-7.28667
-6.92784
-7.49612
-7.22779
-7.35675
-7.4706
-7.406
-7.46298
-7.39158
-7.17967
-7.46883
-7.47738
-7.26582
-7.49639
-7.20249
-7.39809
-7.41877
-7.39552
-7.33419
-7.52907
-7.43518
-7.27508
-7.34873
-7.16101
-7.42303
-7.49562
-7.4039
-7.27326
-7.44701
-7.42767
-7.5005
-7.31389
-7.41951
-7.39001
-7.3767
-7.3751
-7.40484
-7.25576
-7.18528
-7.37002
-7.43299
-7.22705
-7.33591
-7.43851
-7.30991
-7.28157
-7.30589
-7.28051
-7.47353
-7.41466
-7.30686
-7.15072
-7.39881
-7.36105
-7.46268
-7.22949
-7.3408
-7.34447
-7.46553
-7.32048
-7.10109
-7.4034
-7.35158
-7.24506
-7.20702
-7.31954
-7.37308
-7.36557
-7.43992
-7.46789
-7.48091
-7.43057
-7.29898
-7.35941
-7.36143
-7.47293
-7.29218
-7.05143
-7.1543
-7.35531
-7.23256
-7.71941
-7.36269
-7.40425
-7.45915
-7.46331
-7.24687
-7.213
-7.15142
-7.2439
-7.56874
-7.39497
-7.55381
-7.4688
-7.23739
-7.41836
-7.39277
-7.23128
-7.26465
-7.4228
-7.27987
-7.22965
-7.29345
-7.35608
-7.43251
-7.22804
-7.27135
-7.44443
-7.29788
-7.23278
-7.42298
-7.36956
-7.25499
-7.22754
-7.3315
-7.29309
-7.44113
-7.36144
-7.59785
-7.33829
-7.39434
-7.37969
-7.42078
-7.42795
-7.29762
-7.32376
-7.36008
-7.35815
-7.36091
-7.39262
-7.46745
-7.17896
-7.27707
-7.26006
-7.30496
-7.25472
-7.47159
-7.54574
-7.43709
-7.17347
-7.27734
-7.30658
-7.26553
-7.12406
-7.30093
-7.20613
-7.33253
-7.25411
-7.37571
-7.45942
-7.22201
-7.36268
-7.6318
-7.43363
-7.15931
-7.23223
-7.42855
-7.26486
-7.17555
-7.29564
-7.35833
-7.32017
-7.45293
-7.37798
-7.23633
-7.15909
-7.3433
-7.47765
-7.08055
-7.31065
-7.31136
-7.32555
-7.46648
-7.38577
-7.29144
-7.36379
-7.2069
-7.16476
-7.18709
-7.31734
-7.56784
-7.27649
-7.47404
-7.43502
-7.36698
-7.40642
-7.41371
-7.55035
-7.46234
-7.26384
-7.20767
-7.49423
-7.53853
-7.17056
-7.4751
-7.26966
-7.4757
-7.21239
-7.33816
-7.06796
-7.52714
-7.43875
-7.18358
-7.13228
-7.44243
-7.45302
-7.21044
-7.35236
-7.21126
-7.27117
-7.1878
-7.29133
-7.31905
-7.53825
-7.27385
-7.17019
-7.33121
-7.27588
-7.33962
-7.28053
-7.12465
-7.2893
-7.49056
-7.28623
-7.41398
-7.41817
-7.16839
-7.37425
-7.37965
-7.32551
-7.62923
-7.33666
-7.29996
-7.29407
-7.29146
-7.28654
-7.41433
-7.32762
-7.2086
-7.15586
-7.33133
-7.33675
-7.43145
-7.29763
-7.4084
-7.24323
-7.28655
-7.57396
-7.32798
-7.57799
-7.57497
-7.32589
-7.3347
-7.0857
-7.38303
-7.55147
-7.34099
-7.35407
-7.36786
-7.41538
-7.23747
-7.24054
-7.35349
-7.29694
-7.30103
-7.38446
-7.31044
-7.33435
-7.27496
-7.25348
-7.44194
-7.29363
-7.19355
-7.4749
-7.19013
-7.22903
-7.42672
-7.2384
-7.34953
-7.474
-7.21437
-7.46089
-7.3799
-7.15745
-7.46621
-7.36846
-7.28772
-7.3017
-7.46391
-7.30903
-7.19604
-7.56221
-7.31114
-7.53103
-7.17454
-7.33158
-7.36787
-7.22176
-7.48697
-7.37261
-7.49784
-7.50743
-7.52829
-7.25757
-7.32633
-7.23811
-7.43281
-7.51556
-7.28833
-7.35479
-7.50564
-7.28368
-7.21738
-7.14716
-7.63604
-7.54628
-7.47482
-7.2431
-7.30118
-7.38943
-7.35653
-7.59052
-7.33033
-7.21733
-7.13684
-7.25318
-7.24547
-7.30431
-7.36175
-7.44797
-7.1983
-7.34194
-7.35388
-7.31617
-7.40925
-7.59909
-7.38331
-7.58455
-7.29721
-7.39788
-7.42373
-7.24405
-7.34757
-7.18162
-7.3053
-7.38776
-7.23624
-7.27188
-7.31929
-7.16029
-7.28862
-7.24411
-7.4444
-7.41992
-7.33599
-7.31636
-7.20572
-7.35906
-7.24198
-7.37036
-7.22698
-7.31467
-7.34333
-7.24044
-7.50011
-7.0737
-7.494
-7.20838
-7.46111
-7.48994
-7.40844
-7.36487
-7.44671
-7.43439
-7.23632
-7.33859
-7.1423
-7.41717
-7.44965
-7.31951
-7.40523
-7.37095
-7.45506
-7.32055
-7.50361
-7.45604
-7.36481
-7.17819
-7.32955
-7.24333
-7.31017
-7.32823
-7.45366
-7.51255
-7.27444
-7.38908
-7.25328
-7.15196
-7.32087
-7.15956
-7.1782
-7.37178
-7.21694
-7.1512
-7.18624
-7.34856
-7.34853
-7.37737
-7.34179
-7.20676
-7.23509
-7.29949
-7.52404
-7.25048
-7.26919
-7.23956
-7.17928
-7.50658
-7.30731
-7.45722
-7.36042
-7.29048
-7.31792
-7.62528
-7.41976
-7.17527
-7.38485
-7.19118
-7.49358
-7.46176
-7.50734
-7.31218
-7.3244
-7.29879
-7.52243
-7.18706
-7.22909
-7.31692
-7.2372
-7.30313
-7.39542
-7.29514
-7.3597
-7.58147
-7.47497
-7.39615
-7.04238
-7.30086
-7.32521
-7.25455
-7.31454
-7.5281
-7.29369
-7.24569
-7.34621
-7.43326
-7.3939
-7.44773
-7.33045
-7.40034
-7.44809
-7.55672
-7.30852
-7.47957
-7.19089
-7.26267
-7.20706
-7.37876
-7.32183
-7.33904
-7.56172
-7.4201
-7.3582
-7.27354
-7.44296
-7.32444
-7.38134
-7.49311
-7.30404
-7.47679
-7.26009
-7.27115
-7.39806
-7.42369
-7.31553
-7.44772
-7.32645
-7.29706
-7.16688
-7.38352
-7.34358
-7.17001
-7.69296
-7.26248
-7.18598
-7.26691
-7.43288
-7.47535
-7.33478
-7.13368
-7.31784
-7.4631
-7.45997
-7.26661
-7.42466
-7.52361
-7.2853
-7.11322
-7.24573
-7.24094
-7.38995
-7.3928
-7.59
-7.56424
-7.31748
-7.66267
-7.51829
-7.24757
-7.39642
-7.20246
-7.18777
-7.42123
-7.35239
-7.64698
-7.42878
-7.51097
-7.16988
-7.26581
-7.21846
-7.33301
-7.40885
-7.32786
-7.29821
-7.40699
-7.28805
-7.42094
-7.45638
-7.38711
-7.55208
-7.40868
-7.43813
-7.30489
-7.3904
-7.5034
-7.18192
-7.34992
-7.34176
-7.14701
-7.39086
-7.48789
-7.35461
-7.56665
-7.24481
-7.37843
-7.30732
-7.26995
-7.56253
-7.35323
-7.56457
-7.23613
-7.35043
-7.2618
-7.34702
-7.23979
-7.20009
-7.23091
-7.38449
-7.20218
-7.42625
-7.29251
-7.36602
-7.45693
-7.26496
-7.40608
-7.39197
-7.19177
-7.24798
-7.22871
-7.28822
-7.5356
-7.28098
-7.23801
-7.26845
-7.34648
-7.27222
-7.17599
-7.40664
-7.15731
-7.18373
-7.25681
-7.59993
-7.1555
-7.20217
-7.47322
-7.37645
-7.35867
-7.28769
-7.24278
-7.36303
-7.22277
-7.4103
-7.29419
-7.24227
-7.28777
-7.43184
-7.25445
-7.34138
-7.31638
-7.43776
-7.45117
-7.37207
-7.45037
-7.3905
-7.45514
-7.14812
-7.31064
-7.14858
-7.40595
-7.43149
-7.29847
-7.37464
-7.41163
-7.32552
-7.24766
-7.34499
-7.22738
-7.06561
-7.45024
-7.15086
-7.18571
-7.42295
-7.34454
-7.37302
-7.37384
-7.42889
-7.12672
-7.35791
-7.46886
-7.53329
-7.26576
-7.45708
-7.39862
-7.26847
-7.37933
-7.36163
-7.39789
-7.24865
-7.40587
-7.28227
-7.34714
-7.29761
-7.38619
-7.23741
-7.50009
-7.56488
-7.28107
-7.23095
-7.5928
-7.47774
-7.13132
-7.34872
-7.22048
-7.55071
-7.27664
-7.18111
-7.11542
-7.19043
-7.40846
-7.37462
-7.32128
-7.41228
-7.26949
-7.39388
-7.27632
-7.2178
-7.39381
-7.37575
-7.61602
-7.21312
-7.43036
-7.3674
-7.43914
-7.39705
-7.29401
-7.39189
-7.32048
-7.21304
-7.6368
-7.22368
-7.40496
-7.18529
-7.37803
-7.25329
-7.12994
-7.32043
-7.21956
-7.46635
-7.42169
-7.17843
-7.40962
-7.39167
-7.3064
-7.22004
-7.39084
-7.46372
-7.39186
-7.42864
-7.35643
-7.31267
-7.52676
-7.38631
-7.4122
-7.29696
-7.28967
-7.50635
-7.23865
-7.31096
-7.45703
-7.42752
-7.37352
-7.27687
-7.35754
-7.24248
-7.30177
-7.38222
-7.41875
-7.39195
-7.30081
-7.09621
-7.12144
-7.31539
-7.45426
-7.29167
-7.40812
-7.19766
-7.26142
-7.23145
-7.275
-7.49864
-7.22834
-7.32146
-7.32002
-7.3706
-7.4692
-7.35082
-7.30605
-7.49914
-7.3562
-7.6147
-7.23604
-7.36005
-7.36998
-7.35988
-7.16418
-7.41793
-7.05131
-7.30814
-7.53049
-7.24213
-7.15376
-7.45455
-7.33951
-7.32159
-7.41038
-7.49477
-7.44071
-7.55632
-7.35185
-7.44238
-7.34794
-7.14849
-7.31954
-7.4423
-7.37624
-7.55384
-7.32429
-7.47865
-7.33798
-7.41285
-7.61809
-7.24567
-7.21971
-7.36743
-7.42832
-7.42735
-7.57478
-7.45037
-7.13229
-7.40405
-7.3425
-7.40793
-7.47585
-7.49578
-7.34512
