1.01216
0.876906
1.20969
0.684034
0.629212
0.861225
1.30974
0.383313
1.30724
1.716
1.01771
1.13091
1.02653
0.852586
0.678979
1.08154
1.65528
0.798706
0.618432
1.34776
1.08909
0.845753
1.01167
1.12154
1.09082
0.991616
0.725558
1.68431
1.67769
1.1263
1.716
0.714833
1.21101
1.716
0.581228
1.17744
0.867583
0.385258
1.08744
1.14722
1.716
1.716
0.574584
1.07745
0.549977
1.58989
1.18912
1.07241
1.38527
1.1771
1.40085
1.716
1.716
1.49212
0.965372
0.837623
0.66619
1.21846
0.874533
1.07655
0.675458
1.17576
1.27105
1.59148
0.970237
1.57577
1.1992
1.65415
1.04323
0.0178499
1.13952
1.47248
0.300439
1.1006
0.498818
1.22463
0.555941
1.35575
1.19391
1.00825
0.642537
0.987825
1.03179
0.924377
1.08338
0.994495
1.13652
1.716
1.44312
1.07292
1.002
1.48562
0.775857
0.394782
0.834366
1.45252
1.06449
0.99561
0.176731
1.716
1.31609
0.65492
0.988806
1.09775
1.24776
1.35861
0.869068
0.792528
1.16782
0.728217
0.63716
1.29494
0.883321
0.935112
0.996753
0.898108
1.7045
0.163363
0.500159
0.935415
1.32815
1.31436
1.70686
0.893601
0.926673
0.991604
1.42555
0.826212
1.40236
0.853429
1.02217
0.86113
1.31876
1.04278
1.41775
0.72385
1.716
1.18381
0.918047
0.0655693
1.11965
1.09752
1.60872
1.28145
0.892213
1.17801
0.970327
0.852504
1.282
0.739546
1.15957
0.990207
0.836977
1.49282
1.21193
1.716
1.00431
0.621242
1.32229
1.716
0.584
1.00206
1.22334
1.11585
1.31715
1.05239
0.840886
1.4236
0.456885
1.30874
1.28895
0.707245
1.716
1.43904
0.861369
1.14386
1.43401
0.954768
0.841221
1.48246
0.838001
1.63007
1.39187
1.16836
0.361556
0.791844
1.67185
1.24467
1.25806
0.849069
0.896013
0.752616
1.07328
1.4664
0.715792
0.321193
1.32373
1.716
0.874573
1.26089
0.702258
0.292174
1.08047
1.54113
0.777015
1.51773
1.23873
0.30345
0.598721
1.28909
1.06492
1.716
1.16372
0.760659
0.796867
0.913914
0.688025
1.716
1.62958
0.434924
0.936117
1.44003
1.12368
0.898009
0.509561
0.564573
0.85784
1.19282
1.43388
1.26452
0.685984
1.29659
1.716
1.36249
1.36784
0.417095
1.20593
0.89807
1.08141
1.56428
0.815058
0.853949
0.831466
0.29899
1.50314
1.32633
0.669671
1.10872
1.04651
1.03523
0.90524
1.59248
0.988748
0.500726
0.821953
1.39229
0.792264
1.42093
1.12675
0.390302
1.42434
1.0136
1.34422
0.852146
0.816627
1.02229
0.711517
1.716
1.69764
0.852329
1.32627
0.729466
1.3683
0.703741
0.719151
1.20801
1.42818
1.32808
0.58634
0.631267
1.01644
1.20327
1.2236
1.716
0.997534
1.716
1.19994
0.50783
1.34846
1.34332
0.746948
1.45544
0.857518
0.856419
0.254987
0.921979
0.529432
0.657185
0.742334
0.836264
1.40622
0.698347
0.591058
1.69621
1.18951
0.841146
0.938637
0.594494
1.37571
0.580531
1.11944
0.766817
0.633343
1.34684
1.4351
1.01642
1.3244
1.48878
1.16005
1.57214
1.71299
1.06733
1.07593
1.70003
1.716
1.12053
0.978511
1.41223
0.977689
0.577671
0.482332
0.419178
0.865509
1.0566
1.67389
0.990481
0.725072
0.964375
1.716
1.30396
1.40192
1.15237
1.35102
0.806511
0.671557
0.993824
1.5354
1.31962
1.40521
1.39904
0.921775
0.970394
0.658191
0.754952
1.17642
1.15286
0.522155
1.1472
1.31345
1.5258
0.378711
1.42645
0.676568
1.11274
1.33361
1.12915
0.762888
0.500654
1.35125
0.761522
0.552605
0.769907
0.995458
1.25408
1.0249
1.64359
1.5875
1.30975
1.2112
0.58917
1.36213
1.26262
0.688968
1.00647
0.706091
0.754058
0.951248
0.997252
1.5512
1.26625
1.60995
1.28931
1.12032
1.22777
0.304199
1.15115
1.12846
0.97143
0.692832
1.50832
1.58847
1.46865
0.696769
1.10467
1.29066
0.641421
0.892563
0.964317
0.522603
1.18381
0.608127
1.59005
0.947099
1.07493
1.13324
1.3817
1.13311
1.06707
1.30883
1.34798
1.13321
1.33477
0.659977
1.61057
0.27156
1.11181
1.27929
1.06648
1.10978
0.883543
0.67796
0.633902
1.42606
1.18994
1.08041
1.52548
0.674172
1.1682
0.817983
1.2435
0.806759
1.45024
0.910518
1.61196
1.18209
0.668478
1.27965
1.716
0.796609
1.15104
1.20338
1.29113
1.07354
1.12198
1.47714
1.31655
0.972193
1.36943
1.26266
0.701614
0.950989
0.968988
0.598989
1.62394
1.21761
1.53475
1.21812
1.52643
1.05701
0.219427
1.67162
1.43372
0.922511
0.952147
1.2922
1.34583
0.42221
1.13105
0.789875
0.837319
0.905099
0.461135
1.14209
0.665962
1.30499
1.15956
1.33264
1.04319
0.930155
0.799111
1.11884
0.683888
0.899787
1.6284
1.23662
0.988725
0.586815
1.01548
0.424402
1.25062
0.696567
1.33642
1.2745
1.10398
0.813667
0.609129
1.01473
1.4293
1.30974
1.18253
1.52086
1.15016
0.960491
1.10434
0.842113
0.899373
1.07384
0.630305
0.556717
1.33557
1.16097
0.472351
1.15147
1.33869
1.09037
0.679035
0.551279
0.997523
1.5151
0.753216
1.31981
0.243739
1.29064
1.06923
1.716
0.779391
1.16179
1.4133
1.45726
0.3505
1.08708
1.38448
0.586488
0.526873
1.16855
1.22859
1.04158
1.17832
1.21917
1.05351
1.29945
1.11226
1.17855
0.87823
1.3518
0.752465
0.902192
0.932306
1.60042
0.938987
1.69322
1.18168
0.369011
1.716
0.551127
1.58788
1.65528
0.92824
1.17345
1.23852
1.02829
0.706893
1.63809
0.52591
1.11789
0.957079
0.610391
1.55679
0.773908
1.33154
0.352194
1.0772
0.868175
0.817079
0.677553
1.24834
1.44984
1.14626
1.53826
0.776463
1.15272
1.68602
0.999744
1.13352
0.782784
0.987635
1.49261
0.894964
1.15601
0.984488
0.985823
1.08872
1.3576
1.12463
1.17794
0.68439
0.22481
1.21309
1.16745
0.843969
1.716
0.382515
1.15106
1.00671
1.22232
1.52747
1.18508
1.15915
1.17028
1.716
0.83916
0.284358
0.871687
1.62669
0.702954
1.19618
1.15826
1.40503
1.12062
0.678176
1.19166
1.00312
1.02819
0.517547
0.628009
1.716
0.958057
1.29715
0.922831
1.00518
1.19916
1.3659
0.756765
1.1054
1.63198
0.987076
1.19629
0.437302
0.954651
1.24533
1.04889
0.589445
1.1566
0.823467
0.759968
1.25331
1.14621
1.39017
0.759045
0.915905
0.82339
1.06522
1.52265
1.37973
1.27926
0.977549
1.39297
1.716
0.509606
0.834285
1.10233
1.41434
0.4185
1.12269
1.6624
1.45873
1.18086
0.787043
1.37593
0.379113
1.14335
1.58916
1.38481
0.852464
1.63834
1.03636
1.16391
1.46558
1.21164
1.03867
1.56469
1.66758
0.765212
0.804586
0.963895
1.54337
1.12435
0.883507
0.944012
1.28116
1.3864
0.870344
0.537214
1.20265
1.18136
0.653408
0.661718
1.716
0.480413
1.59349
0.685981
1.37654
1.33504
1.44479
1.01932
1.716
0.33357
0.417171
0.507261
1.37324
1.07838
1.06525
1.00243
0.770846
0.498911
0.497506
1.12178
1.29909
1.12453
0.638438
1.42642
1.33779
0.788289
0.973319
0.770403
1.46395
1.64156
1.37501
0.722064
1.05181
0.999509
1.5957
0.902814
1.15622
1.716
0.879388
1.33184
0.924719
1.03705
1.716
1.28122
1.27862
0.81266
1.10199
1.22969
0.635683
1.716
1.50077
1.6275
1.32802
1.35206
1.167
1.574
1.24806
0.365179
1.40154
1.1015
0.679374
1.43042
1.66431
0.962043
1.30225
0.0241853
0.74825
0.798477
0.821707
1.15039
0.840842
1.27204
0.867308
1.20844
0.681943
0.784266
1.43716
0.0245785
1.29092
1.03796
0.925927
1.04031
0.772617
1.10972
0.775244
0.859455
1.15987
0.589237
1.06566
1.42602
1.17318
0.793298
0.508268
0.804262
0.693977
0.864487
1.24696
1.66558
1.06904
1.716
0.797914
1.25805
0.943441
1.07148
0.530745
1.44542
1.11613
0.417803
0.974751
1.50429
0.618823
1.34752
1.34509
0.641398
0.680537
1.02177
1.03044
1.34483
1.11632
0.56706
0.605962
1.22775
1.15852
1.17268
1.45967
1.36631
0.798619
0.759044
0.999119
1.14523
0.985783
1.04097
1.09007
1.15166
0.98511
1.716
1.23451
1.15711
1.57175
1.65021
0.637588
1.19543
0.95186
1.19338
0.671746
1.716
1.27569
1.20212
0.555605
1.40703
0.71264
0.940537
1.55722
1.716
1.08199
1.27877
1.00188
1.06548
1.19979
0.5214
1.05933
0.918815
1.28107
1.38774
1.05108
1.255
1.3498
0.674277
0.712288
1.22188
1.04899
1.20001
0.90917
1.19734
0.942301
1.01932
-0.0619324
1.40551
0.77743
0.90393
1.33546
1.1401
1.716
1.4311
1.2682
1.27208
1.62749
0.554416
1.08813
0.61217
1.716
1.10173
0.804072
1.45055
0.750038
1.15527
0.64983
1.716
1.02595
1.06931
1.31548
1.63175
1.15108
0.377007
0.796956
1.39891
1.22407
1.47312
1.01316
1.36886
0.994571
0.551981
1.42028
1.19387
0.79768
1.08091
1.00549
1.66931
1.69723
1.34081
1.60413
1.2201
0.79832
1.17179
1.22485
1.26328
0.958979
1.12458
0.805039
1.40331
0.792316
0.838864
1.23938
1.43539
0.973504
1.51737
0.713668
1.04523
1.09801
0.609532
1.41349
1.47559
1.24599
1.18438
0.932177
0.909003
1.20083
1.33358
1.34472
1.51079
0.704458
1.3337
0.593507
1.51113
0.982499
0.85187
0.988116
1.36481
0.497094
0.60089
1.716
1.52025
0.367745
0.705679
0.991478
0.941576
1.15115
1.1729
0.964471
0.812611
1.23557
0.778838
1.55396
0.885166
0.922398
1.2317
1.09172
1.21153
1.07594
0.812901
1.18301
0.633196
0.936755
1.35701
1.30673
1.27966
0.991729
1.04223
1.22325
0.960558
0.806309
1.716
1.03327
0.898005
0.840485
0.647022
1.716
1.39194
1.16545
1.13375
0.354439
0.810582
1.13794
1.1246
1.25313
1.0896
0.787194
1.70568
1.06543
0.978614
1.20963
1.331
1.18764
1.03245
1.60447
0.957731
0.250974
1.28202
0.834669
1.03432
1.15261
1.02561
0.535371
1.14048
1.58862
1.05018
1.34475
1.62567
0.784842
1.20517
1.38876
0.929399
1.716
1.20793
1.24937
0.952016
1.2659
1.40072
1.09109
1.05775
0.189677
1.20402
0.722163
1.47909
1.54258
1.20534
1.10077
1.5504
1.49886
0.411019
1.23653
0.706963
0.918124
1.48098
0.520069
1.07642
1.0582
0.608748
1.23773
1.23843
1.18337
0.964509
1.45036
0.829044
1.716
0.927871
0.673949
1.57923
1.18019
1.00757
1.01624
1.1853
1.13032
1.184
1.16521
1.53655
1.62215
1.25927
1.15677
0.875374
0.606083
1.38371
1.15724
0.535059
1.05961
1.01775
1.03535
0.728091
1.02058
0.923308
0.470888
0.752063
1.02954
1.05822
0.968208
0.442844
1.20066
0.640788
1.29251
0.832119
1.53325
1.26126
0.742607
0.668429
1.60665
0.791603
1.05895
1.39961
0.651476
0.960392
1.716
1.30308
0.886802
1.15313
1.21021
1.716
1.02737
1.21722
1.716
1.62222
0.803015
0.128398
0.790187
1.22497
1.61076
1.1202
1.1454
0.65784
0.651084
0.977085
0.728894
1.21168
0.775434
0.793454
1.25467
0.607716
1.19475
0.685048
1.34398
1.36114
1.02496
1.04787
0.958587
0.969136
0.987911
1.64179
1.06334
0.730292
1.24591
0.609496
1.716
1.43529
1.3065
1.3023
1.5724
1.1563
0.494328
0.94786
0.812933
0.789642
0.936081
1.49147
1.10119
1.55477
1.15256
0.40558
1.07675
1.11112
1.39696
0.661517
1.50263
0.337566
1.13531
1.07729
0.915467
0.765882
1.20054
1.23859
1.0009
0.814216
1.51972
0.602637
1.28512
1.07839
1.44659
1.35875
1.15056
1.17321
0.937734
1.02892
0.777059
0.946104
1.15646
0.990681
0.953036
0.826961
1.28461
0.451084
1.00195
1.42404
1.17224
1.22028
1.10236
1.26435
1.24665
1.22593
1.06546
0.960432
1.32564
0.909574
1.67386
0.762677
0.891907
0.931479
0.362276
1.21114
0.134612
1.17953
0.7944
1.716
0.829486
1.06652
1.08193
1.18631
1.16744
1.716
1.1234
1.35363
0.629225
1.14782
1.34868
0.821289
1.13079
1.19716
1.716
1.36848
1.16103
1.13964
0.872767
1.30924
0.738178
1.54927
1.49143
1.12909
0.526117
1.41758
1.2242
1.38325
1.18497
1.15666
1.11004
1.14796
0.892825
1.716
1.21991
1.4318
1.26545
1.31666
0.646703
1.4352
1.716
0.769992
1.64867
0.425736
1.2283
1.4216
1.41968
0.859748
1.16045
1.0723
1.716
1.25617
0.908002
0.906565
0.600124
0.865019
1.46804
1.2865
1.54766
1.40359
0.904902
1.70057
0.847785
1.17494
1.331
0.98702
0.720284
0.117648
1.01079
1.11434
1.24946
1.716
0.742209
1.34416
0.875676
0.875236
1.3867
1.53209
1.35291
1.38266
1.27131
0.938782
1.35768
1.2039
1.28891
0.763072
1.68834
1.56246
0.90093
1.38647
0.718253
1.16203
0.766181
1.44422
1.38554
1.10322
0.509596
1.26324
1.11713
1.32146
0.907899
1.33051
0.5182
1.15735
1.40514
0.51971
0.74424
1.22904
1.17203
0.986435
0.73953
0.883671
1.17752
0.976479
1.02596
1.11581
1.35188
0.824411
0.762071
0.617327
1.33074
1.10815
0.446116
1.13604
1.00578
1.51535
0.822754
0.887493
1.24763
1.12681
0.782598
1.60667
0.599522
1.10651
0.984967
0.933362
0.922531
1.137
1.36377
0.695405
1.23868
1.16854
0.95229
1.10827
0.1916
1.25848
0.824376
1.20792
1.02774
0.498788
1.04736
1.37515
0.794714
1.654
0.941489
1.29247
1.18142
1.37381
0.292024
1.37441
1.59529
0.564845
1.716
0.845731
0.497947
0.370992
0.346136
1.22771
0.674829
1.07949
0.710095
1.1545
1.18955
0.508516
1.33181
1.29903
1.07334
0.894495
0.6694
1.33302
1.716
0.486181
0.893948
1.67257
1.40261
0.251967
0.881431
0.924391
0.892378
1.18402
0.663514
1.21668
0.928458
0.763941
1.10732
1.1755
0.864216
1.203
1.716
0.79358
1.716
1.39406
1.0336
1.31794
0.785299
0.99306
0.861827
1.1044
0.513944
1.52919
1.45032
1.17274
0.494351
1.107
0.755589
1.35458
0.712732
0.744797
1.08767
0.980085
1.22377
0.857753
0.31277
0.855059
1.1144
0.984125
1.716
0.872155
1.36316
1.59254
0.873917
1.58675
0.749778
1.08049
1.01154
1.17211
1.3566
1.4248
1.33726
0.860039
0.820352
0.898093
0.662956
0.69746
1.37591
1.12158
1.48211
1.15854
1.49356
0.618846
1.6845
1.28511
0.719962
0.356923
1.45119
1.6829
1.15926
1.39561
1.02785
0.932677
0.363647
0.930145
0.876507
1.09118
0.909099
1.716
1.40246
0.921616
1.05674
1.15585
0.878779
1.35467
1.61284
0.666675
1.13838
0.548199
1.35672
0.282847
1.21431
0.85881
1.50658
1.13645
0.726628
1.10284
0.883206
1.44867
1.06897
1.45966
1.02519
0.784557
0.777518
1.28762
0.820523
0.55648
1.49193
1.32485
1.32154
0.81681
0.888642
0.789401
1.03455
0.738661
0.957292
0.836906
-0.0556105
0.063009
0.990396
1.716
1.00968
1.33791
0.430958
1.5997
0.877925
1.08234
1.716
0.591302
1.31104
1.03975
0.510543
1.22321
1.716
1.17386
1.48609
1.57466
1.38829
1.43555
1.54664
0.879401
0.552944
0.946649
0.401654
1.63946
1.6962
0.742153
1.06116
1.13802
1.28419
1.00438
0.804727
1.2725
1.12104
0.81755
1.16622
1.13968
0.617263
0.616099
1.12803
1.10148
0.902855
0.646445
1.14059
1.28887
1.21332
1.27555
0.961938
0.998153
0.720497
0.724616
1.29666
0.927521
0.971711
1.0707
1.4314
0.999801
1.46544
1.04933
0.320485
0.196374
1.34418
0.916025
0.787003
0.925616
1.64649
1.02632
1.44351
1.716
0.864451
1.20177
0.364001
0.825358
0.281029
0.941186
0.589418
1.66803
1.33602
1.09236
1.716
0.666605
1.716
0.937495
1.32865
0.227767
1.02688
1.21286
1.21147
1.06464
1.11891
1.5557
0.707989
0.98894
1.36799
0.854798
0.886474
1.09621
1.34384
0.779984
0.898781
1.60384
1.01694
1.716
1.10325
1.25677
1.04101
1.32478
1.58132
1.03163
0.705138
0.898025
1.28445
0.589351
0.563678
1.01852
0.701178
1.47313
0.723033
1.06325
1.22916
1.39196
0.877816
0.632196
1.57159
0.977804
0.960018
1.03121
1.34431
0.772604
0.314079
1.06099
1.66859
1.52675
1.05634
0.798787
0.769358
1.00542
1.44755
1.39018
1.07118
0.765313
0.223085
1.20319
1.716
1.30367
0.50647
0.57951
0.97903
0.101622
1.61832
1.07647
1.37359
1.03651
0.393273
1.05522
1.64197
0.649677
1.3181
0.97669
1.49943
1.46474
1.716
0.963042
1.716
1.17737
1.61087
1.716
0.834442
0.534613
1.19979
1.17507
1.07259
1.3543
1.3811
1.18625
1.25082
1.4693
0.925323
0.704036
0.692222
0.66822
1.03106
0.624055
1.23455
0.969968
0.998623
0.977154
0.677508
1.22208
1.32103
1.2718
0.63047
0.728944
0.50541
0.833281
1.00967
0.750992
0.828974
1.51824
1.43622
1.29627
0.116191
1.19132
0.781381
1.716
0.386024
0.866172
1.28227
1.12619
1.70917
1.39003
0.799192
1.716
0.789381
1.56876
0.982209
0.362665
1.09127
1.3741
1.32088
1.02355
1.63426
1.2591
0.745976
0.862416
0.771526
1.3633
1.01912
1.33543
0.567335
0.452533
0.332377
1.35928
0.787075
1.1145
0.638565
1.34391
0.512534
0.761704
1.37004
0.328121
1.08571
1.00683
0.620644
1.06393
1.37586
0.649507
1.24501
1.06053
0.755879
1.46988
-0.0501534
0.483669
0.475048
1.70089
1.07198
1.60068
0.972608
1.716
0.72287
1.14089
1.24326
0.345981
1.12542
1.13058
1.05208
0.526493
0.987787
1.46446
1.45975
0.503778
1.52289
0.369807
1.32335
1.63274
1.64544
1.716
1.33224
1.4927
1.3398
1.04158
1.00659
0.973315
0.802408
0.963649
1.02624
1.35404
1.57237
1.4164
1.13827
1.08464
1.46953
1.07057
1.49792
1.20137
1.17483
0.716406
1.21492
0.308184
1.55656
1.44089
1.01279
1.52399
1.06958
1.28757
0.596564
1.716
1.3778
1.32694
1.716
0.819088
0.906898
1.32071
0.917643
1.4971
0.171289
0.74817
1.03773
1.01064
0.477977
0.859315
0.476972
1.36453
0.842741
1.54837
1.32999
1.12898
1.20073
1.17184
1.22373
0.60712
1.17675
1.22941
0.960499
1.13781
1.19857
0.859061
1.68713
1.42496
1.47826
0.760646
0.947819
1.38885
1.58536
0.390306
0.941075
0.970001
1.14866
1.00056
0.187112
0.960904
1.34525
0.83741
1.25179
0.478425
1.21679
0.533373
0.490492
1.20934
1.27699
1.28519
1.20012
1.15413
1.24761
1.26762
1.65381
0.266136
0.928161
0.946412
1.10099
1.41074
0.878188
1.10363
0.89133
0.784418
1.06373
0.847882
1.23914
1.25643
0.633059
1.38262
1.54513
1.22147
1.15647
0.920372
1.56511
0.775077
1.716
1.29229
1.20484
1.41894
1.2369
1.40886
1.716
1.45971
1.38641
1.05929
0.917752
1.1089
1.48204
1.31858
1.3293
1.3339
0.704577
1.12274
0.702925
1.05115
1.09321
1.01378
0.772908
1.12594
1.24627
1.12014
0.588596
0.609402
1.33669
0.534658
1.34232
1.716
1.36904
1.07601
1.09632
0.67519
1.716
0.968447
1.45648
0.90799
1.30352
1.41741
0.778298
1.39523
0.87577
1.05826
1.47976
1.2498
1.03771
0.409983
0.693166
0.865344
1.716
1.07281
0.436264
0.641206
1.29865
1.55996
1.05513
0.706528
0.914357
1.36556
1.51736
1.716
1.27174
1.66407
0.966558
1.716
0.741568
1.10126
0.316968
1.05919
1.05926
1.02401
1.47843
1.57543
1.22906
1.46659
0.788461
0.669688
0.683334
1.52187
1.03354
0.761394
1.13876
1.2658
0.893574
0.219738
0.761939
1.19278
0.638363
0.724847
0.501052
0.822965
1.67816
1.42687
0.847659
1.13694
1.08429
1.05689
1.64841
1.06107
1.716
1.00825
1.05511
0.889133
1.06986
1.65587
0.699174
1.0418
1.44067
0.138962
1.18101
1.13012
0.919351
1.38732
1.45005
1.41797
0.675548
1.26351
1.65634
1.26332
1.30149
1.65674
0.520554
0.945833
1.17565
1.25778
1.02123
0.873413
1.26848
1.19193
0.712112
0.577884
0.732383
0.791112
1.3864
0.938864
1.41843
0.426639
1.09016
0.815523
0.92186
0.539409
1.46621
0.942987
1.716
1.13842
1.36161
1.34326
0.770403
1.716
0.7543
1.716
0.857358
0.842217
1.11481
0.939137
1.28421
1.46648
0.476673
0.9852
0.965155
0.817047
0.890299
1.44279
1.43607
1.12858
1.27679
1.08249
0.839302
1.34538
1.69003
0.649587
1.22699
0.515184
1.40205
1.19357
0.825149
0.991066
0.829104
1.716
0.57906
1.15055
1.1699
0.817792
0.613077
1.24306
0.685193
1.53423
1.55761
0.53255
1.61996
0.856391
1.60826
0.867054
0.893189
1.0968
1.23288
0.962181
1.15943
1.18534
0.439175
0.583327
1.716
0.78667
1.57383
1.61622
0.977429
1.36914
0.659191
1.17495
0.427072
1.27352
1.47455
0.969297
0.926749
0.410389
0.791198
0.869918
1.20637
0.638729
0.956129
1.716
1.18297
1.47677
1.20475
1.42974
1.716
1.18918
1.28109
1.46378
0.847683
1.30349
1.38143
0.830329
0.858431
0.279075
1.51648
1.32499
1.49696
1.43113
1.31149
0.672603
0.90832
1.69952
0.754554
1.40187
0.921946
1.17434
0.87826
0.652324
1.03391
1.28315
0.941241
1.0633
1.716
1.19658
0.936051
1.25198
0.767804
1.22275
0.776363
0.990303
0.229417
1.47191
0.897349
1.06605
1.57538
0.477278
1.14423
1.716
1.06655
0.944965
0.832934
1.23851
0.735618
1.716
1.12373
0.898294
0.333192
1.29416
0.742365
0.522656
0.895916
1.62191
1.63612
1.21934
1.18181
1.29857
1.23359
0.407117
1.56746
1.04171
1.05185
1.716
0.917557
0.834846
1.32568
0.38259
1.08
1.05985
0.543126
1.38082
1.716
0.793999
1.13198
0.654144
1.19206
1.10876
0.362759
1.02071
1.47232
0.95854
0.908514
1.2157
0.87117
0.796375
0.65692
1.71172
1.18709
0.822448
1.716
0.474998
0.733814
0.942759
1.21263
0.87727
0.966097
1.35061
1.39411
0.753803
0.927741
1.57116
1.3375
1.46411
1.716
1.27656
1.61378
0.36357
1.63788
1.14689
1.12026
0.639257
1.716
1.63468
1.02417
0.903486
0.628874
0.711511
1.13573
1.20091
0.420965
1.41958
1.1785
0.902964
1.10031
0.95774
1.14507
1.716
0.545384
1.716
1.60825
1.02354
0.998231
1.28714
1.08866
0.740568
1.31813
0.608384
0.716196
1.08881
0.848054
1.716
1.0743
0.875302
0.478243
1.24951
1.716
0.648227
1.55306
0.742922
1.24982
1.4404
0.494528
1.11197
0.691679
1.1573
0.449379
1.28788
1.22881
1.10354
1.06937
1.38261
1.05651
0.762241
0.882677
1.09143
1.18433
0.820906
1.22834
1.716
1.23903
1.06979
1.16643
0.617744
1.34041
1.06791
1.29058
1.13372
1.50443
1.26554
1.31259
1.24942
1.34507
0.635165
1.18415
1.13133
1.13085
1.28051
1.36134
0.929431
0.843369
1.09384
1.06081
1.52361
1.00638
1.08004
0.969561
1.44763
0.0928862
1.42288
0.670098
0.78325
0.810404
1.43177
1.05781
1.08444
0.949455
1.30105
0.747057
0.524648
1.42274
0.798737
1.47831
1.0281
0.869271
0.765672
1.33148
0.88197
0.956593
1.41963
0.93334
0.964733
0.576887
1.37171
0.913365
0.802042
0.938422
0.6788
0.679248
1.11237
0.628927
0.965146
0.760139
1.36042
0.881829
1.0676
1.3805
1.15296
0.772679
1.25641
1.19868
1.00759
1.04069
0.998599
1.716
1.29881
0.856251
0.91817
0.965977
1.716
1.05092
0.95294
1.24878
1.34615
1.43736
0.751008
0.957242
1.25202
1.716
0.593596
0.880922
0.666692
0.838797
0.938427
0.862739
1.716
0.975174
0.949097
1.02419
1.02313
0.309198
1.32155
1.08436
0.986523
1.27951
0.875349
0.926243
1.11899
0.927906
1.31526
1.07599
0.933195
1.22694
1.30152
0.591631
1.50617
0.884223
0.730764
1.19406
1.13902
0.956528
1.21403
1.07431
0.91204
0.689627
0.5961
1.14571
0.889621
1.09754
0.489218
0.87203
1.35748
1.0297
1.13957
1.50289
0.840831
1.28509
1.15403
0.851306
1.03484
1.2308
0.704247
0.939697
1.69077
1.24536
1.35986
0.913752
1.26412
1.57175
0.972153
0.73314
1.16883
0.418832
1.0366
0.567864
1.13959
1.45006
0.328486
1.05137
0.646188
1.0366
0.556557
0.881287
1.716
1.07825
1.716
0.324772
0.337375
1.54627
1.2101
0.928678
1.22765
0.95772
1.3731
1.21119
1.10039
0.143085
1.35489
1.716
1.41845
1.13455
1.20611
0.764523
0.601071
1.3148
0.919386
0.688178
1.70345
0.662766
1.06662
1.2053
0.73669
1.02373
1.2681
1.42175
0.63571
1.25211
1.20112
0.915816
1.06877
1.44561
1.02758
1.2448
1.24126
1.18292
1.0281
0.835572
0.64999
1.54837
1.13961
1.32424
0.0142247
0.750409
0.798995
0.908457
0.753171
1.49068
0.828924
0.871339
1.42025
0.951
0.794867
0.584071
0.815039
1.01424
1.22346
0.774636
0.818356
1.46725
1.04437
0.666439
0.739984
1.36423
0.140461
0.784198
1.716
0.987917
0.972274
1.3925
1.37809
1.716
0.640641
0.613333
0.910168
0.5037
1.66682
1.31919
1.39183
1.23404
1.35343
1.21169
1.19245
0.259202
0.655397
1.37234
0.768729
1.25717
0.71452
0.976174
0.683729
0.839529
0.437957
1.716
0.822221
0.307581
1.06234
0.65083
1.04336
1.24534
0.885149
0.853425
1.22628
0.00980438
1.5693
1.34726
1.49445
0.480138
1.18293
0.864583
0.873354
0.525967
0.838207
0.434887
1.23695
1.50774
0.854682
1.08185
1.25059
1.20768
1.08561
0.963058
1.37344
1.40298
1.49526
1.17231
1.03136
0.833215
1.19674
1.25806
1.35597
1.25894
1.54141
0.997148
1.59173
1.36042
0.932015
0.802629
0.947182
1.11365
1.15713
0.861973
1.37681
1.30223
1.10707
1.02761
1.15258
1.40246
1.14582
1.01773
1.28452
0.458232
1.02959
1.03793
0.897719
1.20699
1.30608
1.17571
1.16225
1.26912
1.28865
0.403073
1.22055
1.08952
0.730068
0.952
0.808743
0.528637
1.716
0.654662
0.902564
1.232
0.599925
1.30685
0.803715
1.34274
1.50235
1.65663
1.48276
1.3215
1.10177
1.19201
1.19734
1.04437
1.55265
1.20832
0.9872
1.45659
1.2038
0.99518
0.799831
0.8613
0.537699
1.67692
0.86267
0.228226
1.30285
1.716
0.799821
1.1804
1.07297
1.12767
0.656081
1.09047
0.793727
1.26156
0.907183
0.940073
1.07802
1.67001
0.76537
1.52977
1.18059
0.931363
0.782582
1.12775
1.24915
1.56828
0.465252
0.739106
0.906211
1.55825
0.663054
1.64196
0.33624
0.946446
1.10764
0.902975
1.32266
1.57461
0.708013
0.504797
0.812373
1.18748
0.515835
0.514568
1.22481
0.825283
0.653373
0.878968
1.24737
0.843351
0.595436
0.997105
1.04286
1.15378
0.682744
1.05776
1.37081
1.07181
1.0018
1.59167
0.678697
0.79756
0.677297
0.860511
0.535317
0.781159
0.555885
1.12632
1.4768
1.00503
0.776479
1.06065
0.59291
1.47139
0.552633
1.05137
1.21873
0.758319
1.1888
1.14395
1.34464
0.937847
0.864747
0.19557
1.44101
0.765835
1.42074
1.19397
1.17796
1.35833
0.993747
1.40466
0.540253
1.18952
0.261311
0.920011
0.845238
0.474311
1.28355
1.09134
0.958793
0.713472
1.26061
1.18333
0.936507
0.805572
1.53073
1.53442
0.724398
0.632993
0.912652
1.00089
1.51831
1.027
1.37418
1.30412
0.620962
1.56505
1.38246
0.424634
1.24012
0.898242
1.40341
1.07391
1.20732
1.23773
1.26091
0.460146
0.682481
1.38971
0.630987
0.63297
1.28591
0.772396
0.591988
0.649675
0.852753
0.799264
1.2719
0.852559
-0.13525
1.14409
0.994413
0.811214
1.1571
0.603621
0.658851
1.53168
1.42927
1.16352
1.716
0.876518
1.48986
1.27658
0.856928
1.28403
0.916822
1.46358
1.61338
1.38243
0.763278
0.843797
1.02912
1.69253
1.17508
0.434325
1.02886
0.545608
1.02776
1.03495
1.37412
1.11278
1.07845
0.889978
1.01075
1.08807
1.06557
1.62823
0.367049
1.716
1.45369
1.52992
1.19232
1.06528
1.716
0.890781
1.21642
1.43868
0.755463
1.09125
1.5326
0.908211
0.808586
0.96454
0.80916
1.61619
1.18378
1.57014
1.19539
0.801124
1.68574
1.3897
0.841517
1.18203
1.3088
1.40209
1.26459
0.32761
0.493197
1.0011
1.45172
1.29143
1.29173
0.831604
1.08883
1.55621
0.70028
0.619228
0.902494
1.1318
1.30696
0.461449
1.01859
1.21858
0.514617
0.764156
1.69886
1.30383
1.04711
1.09201
0.451205
1.36246
0.948231
1.17898
1.2087
0.824441
1.05868
1.31057
0.0271035
1.14499
0.819863
0.59216
1.03715
1.05846
1.13636
0.754793
1.06779
1.37436
0.877541
1.67264
1.20628
0.904521
1.12136
1.07238
0.619755
0.602926
1.13975
0.822756
1.10345
1.716
1.716
1.19308
0.931541
1.05018
0.98239
0.776585
1.43833
1.23377
1.20586
1.23771
0.0377177
1.36312
1.21061
0.998232
0.891048
1.64643
1.22841
1.19911
0.37109
1.14008
0.651874
1.03136
1.64571
0.838357
1.1579
1.0173
1.47255
1.59939
1.32619
1.41507
1.58605
1.12118
1.69779
1.50378
1.369
0.890727
1.1707
1.36778
0.951691
1.63103
0.508223
1.41202
0.737389
0.827591
0.748577
1.03787
1.16848
0.72419
1.16233
0.623719
1.32195
1.28454
1.65344
0.941498
0.873012
0.953412
1.00713
0.760288
0.632077
1.47538
0.938804
0.551403
1.29268
1.30702
1.716
0.795411
0.88551
1.48692
1.24591
0.691259
1.11018
0.676542
0.898005
1.56959
1.22517
1.2176
0.992102
0.78763
0.659602
1.0218
0.685284
0.778895
0.967282
0.715398
0.381725
1.1827
0.640427
1.3754
1.29779
0.908811
0.658976
1.65884
1.19169
0.95039
0.583821
0.171272
0.914055
1.03435
0.861066
1.28249
1.11555
1.37191
1.24202
1.50072
1.05216
0.930308
1.33563
1.28549
1.29652
0.777692
0.393879
0.923849
1.29599
0.952836
1.17427
1.52202
1.09501
1.29454
1.21648
0.917653
1.38911
0.864809
1.03273
0.361424
1.3954
1.51172
1.56626
0.751698
1.42344
1.42853
0.667279
0.755764
1.09586
0.82864
1.51654
0.896038
1.18617
1.23602
1.47537
1.06747
-0.100249
1.23964
1.37019
0.812541
0.782652
1.47995
1.15125
0.9321
0.964913
0.763101
0.640272
1.33499
1.48524
0.642769
0.607264
0.869035
1.3908
0.478572
1.16492
1.14137
0.605565
0.854196
0.286753
0.504997
0.651889
1.00134
1.33791
0.23746
1.19774
0.928193
0.656512
1.15125
1.34747
1.29122
1.716
0.925043
0.743274
0.916948
0.405781
1.14873
1.54916
1.49114
0.85168
1.716
1.05013
0.389055
1.5188
1.31071
1.18168
1.46673
0.5143
0.91495
0.821338
0.733008
1.17453
1.39687
1.10348
0.991587
1.23259
1.35041
0.760413
1.50302
0.728463
1.07793
1.51313
0.673286
1.26914
0.947684
0.752783
1.324
1.55672
0.874268
0.858748
1.14278
1.43265
1.44014
1.67407
0.716797
1.716
1.06556
1.10417
1.00878
0.830368
0.895581
0.393576
1.16956
1.24698
1.30405
0.407274
1.23236
0.920533
1.10246
0.856049
1.53234
1.02251
0.618249
1.0008
1.57005
1.47825
0.737277
0.811772
0.715251
1.43276
1.25925
1.20512
1.35798
1.3542
0.775695
1.31104
0.809178
1.55013
0.925476
0.925813
1.27261
1.41581
1.59744
0.392238
1.22216
1.00109
1.52767
0.708359
1.67684
1.11178
0.722535
0.821685
1.48641
1.01557
0.777457
1.24635
1.35202
0.43444
0.791155
0.481558
1.31324
1.04123
1.129
0.277679
0.343621
0.98307
0.88605
1.60611
0.640173
0.61367
1.32864
0.989323
1.32026
1.05618
0.632034
1.14347
1.60275
1.716
0.930941
1.39124
1.28452
0.694992
1.06471
1.22896
0.967672
0.416712
1.3287
0.747222
0.592149
1.45973
1.21863
0.439327
1.48804
1.19534
1.33364
1.26048
0.464402
0.895725
1.08654
1.54073
1.24601
1.24564
1.29263
1.25712
0.896631
0.751555
1.01771
0.872658
1.03427
1.33605
0.634067
1.1464
0.709743
0.639246
0.759056
1.06387
1.12625
0.24602
1.46045
1.44239
0.407508
1.05232
0.651922
1.10023
1.22123
1.48728
0.602068
1.0921
1.716
0.938259
0.803409
0.762123
0.90647
1.37865
1.23423
0.497049
1.5025
0.951996
1.00443
1.54896
-0.000673091
1.03865
1.0516
1.45494
1.14277
0.659088
0.912258
0.956708
0.776539
1.64267
1.09982
0.840669
0.590059
0.831428
1.17588
0.568046
1.57703
0.942441
1.50537
0.870224
0.622469
1.34451
0.471469
1.09077
0.333858
1.47568
1.18635
0.992557
1.34461
1.01722
1.27594
0.477907
0.213853
0.466353
0.966322
1.716
1.716
0.377521
0.835995
1.07245
1.12221
1.12825
0.951735
1.33079
0.395263
0.648175
0.241071
1.14064
1.17059
1.27901
0.89298
0.649457
0.899839
1.00766
0.359451
1.51698
0.895059
1.3825
1.48557
1.02411
1.3651
1.02855
1.12901
0.880998
1.43626
1.18774
1.11904
0.48547
1.13765
1.22875
0.387269
0.761007
1.2825
0.920196
1.03691
0.803614
1.46605
1.20096
1.11043
1.56045
0.505544
1.25807
1.06082
0.705653
1.04865
1.56524
1.16449
1.44354
1.64071
1.20533
0.81394
0.913269
1.26236
0.719562
1.4426
0.917344
1.53902
0.744846
1.28194
0.166559
1.23135
0.77688
1.09133
1.42305
1.05064
0.582967
0.987392
0.712991
0.432453
0.975159
1.24239
0.713663
0.9285
0.794552
0.870394
1.13725
0.859792
0.944081
0.702815
0.640026
0.812746
1.42189
1.06354
1.09154
0.973116
0.854267
0.810094
1.38531
0.477666
0.414327
1.0897
1.40836
1.06897
1.03351
0.798344
1.574
0.820797
1.09601
0.789456
1.2915
0.656004
-0.0779215
0.877569
0.91557
1.15088
1.30763
1.25925
0.834564
1.33422
1.01925
1.19392
1.62296
0.59248
1.70842
1.29495
0.731588
1.42467
0.476693
0.976193
1.39444
0.66342
1.11769
1.23846
0.89724
1.49249
1.16472
1.35507
1.22739
0.581236
1.01699
1.18044
1.16446
1.38661
0.759818
1.55581
1.07097
1.42894
0.382134
1.20051
0.104023
0.797719
1.197
1.11593
1.08757
1.5517
1.55042
0.82649
0.88408
1.34228
1.716
1.19858
1.15279
1.03679
1.55833
1.16499
1.48533
1.52183
0.533848
0.995656
1.20143
1.716
0.81925
1.716
1.31182
0.815392
1.14684
0.407346
0.914667
1.31215
0.809021
1.53676
1.33285
1.35307
1.716
1.49992
0.999838
1.09808
1.35456
1.1304
1.51872
1.43367
1.37552
0.494847
1.02481
1.716
0.640228
1.15052
1.06791
0.554732
1.0799
1.10598
1.06532
1.02217
1.2926
1.21405
1.06071
1.48043
0.668358
0.744854
1.09252
1.12288
0.739501
1.68153
1.20915
1.0566
1.17089
0.433648
1.38677
0.77323
1.17206
0.470764
1.04535
1.38993
1.23867
0.655225
1.29638
1.13239
0.680648
0.851101
0.860676
1.21017
1.3834
0.731103
1.12206
1.57988
0.695081
1.07634
1.18887
1.07496
1.06973
1.716
0.898336
1.10797
0.865431
1.67118
1.04873
0.452812
0.926416
1.716
0.791688
1.39057
0.497118
0.405761
1.55232
1.51793
1.65216
1.17035
0.947882
0.537982
1.11295
1.24121
1.23311
1.23885
0.612434
1.30331
1.44627
0.440028
1.1912
1.43553
0.480496
1.49548
0.947273
1.03363
1.38466
1.3715
1.66767
0.995165
0.576856
0.534789
1.05597
1.29899
1.11103
0.436007
1.13466
1.12139
0.627285
1.44862
0.920059
1.00284
0.617074
0.482551
1.22037
0.84689
1.21349
0.585215
1.15179
1.41961
0.135709
0.784422
1.14628
1.05859
0.987881
1.15718
1.21602
1.01273
1.3924
1.04058
0.69793
0.60301
1.24301
0.61547
0.984262
0.717006
0.963412
1.19029
1.25652
1.71429
1.12653
1.31579
1.08518
1.39377
1.45249
1.41043
1.2963
1.63855
1.3718
0.748301
1.29801
0.407458
0.997688
0.928883
1.18286
1.68213
1.2065
1.716
1.03675
1.35192
1.45069
1.35961
1.24232
1.36467
1.3501
1.01841
1.716
1.32852
1.2886
1.01685
1.03038
1.716
1.20014
1.13295
1.15521
0.836952
0.994074
1.26396
0.64462
1.37792
1.33518
1.51607
1.29598
0.727854
1.12748
1.13429
1.09471
1.06292
0.797844
1.68557
0.578902
1.716
1.17551
1.19873
1.35252
1.27321
1.52512
0.887525
0.812486
0.917727
0.681256
0.781084
0.873969
0.954664
1.36213
0.684047
1.08404
1.48249
0.97128
0.969904
1.42284
0.982263
1.35347
1.15181
0.653952
0.971542
0.772254
0.791174
0.717879
1.59641
1.1283
1.30074
1.01474
1.35233
0.919877
1.17582
1.10902
0.98423
1.48
1.63755
1.30597
1.24487
1.26304
1.24629
1.27588
0.894696
0.942198
1.0739
0.925757
1.29822
0.634459
0.915894
1.716
0.556409
0.997834
1.02397
0.133613
1.716
0.859877
0.841612
1.35983
1.69607
1.40307
0.453427
1.16381
1.09167
0.626947
0.96008
1.09996
0.093058
1.22896
1.38296
0.419521
1.13753
1.62771
1.39675
1.14773
0.93356
1.3093
0.76818
0.798269
1.15386
1.63037
1.0367
0.967346
0.548178
0.855311
1.5798
1.33485
0.854303
1.1393
0.860918
0.652493
0.737644
1.716
0.864618
0.663337
1.65786
0.760928
1.39689
1.58178
0.930816
1.54466
1.05666
0.902526
1.51767
1.37054
0.91093
1.41051
1.716
1.09355
1.2998
0.384628
0.848685
1.38971
1.716
0.764034
1.07154
1.69781
1.3157
1.35776
1.01353
1.06537
1.08567
1.00201
0.646668
1.24604
0.748353
0.942642
1.54146
1.25755
0.944794
0.982967
1.12609
1.28223
1.40654
0.740151
1.29
1.15809
0.665656
1.47764
0.817958
1.04909
1.00239
0.722118
0.980272
0.912435
1.53791
1.23112
0.808184
0.909642
1.15662
0.47045
0.639425
0.493518
0.61236
0.781921
1.09337
0.561162
0.71742
1.00775
1.24555
1.07524
1.02952
0.475418
1.27803
0.689375
0.973122
0.811126
1.46676
1.70749
1.02625
1.55074
1.54498
1.29914
1.27033
1.54986
0.45233
1.66128
0.592297
0.954512
0.632069
1.42668
1.4306
1.13932
1.13611
1.15523
0.216424
0.63555
1.51213
1.09723
1.1376
1.03259
1.21579
1.20592
1.58467
1.716
1.716
0.936549
1.15841
1.0116
1.26348
0.289946
0.947823
1.05177
1.51509
0.880301
1.716
1.03972
0.652721
0.268082
1.24558
1.22143
0.871169
1.15744
1.33618
0.748278
0.310686
1.62456
1.08506
1.64019
1.09447
0.396635
0.715728
1.05213
0.44783
1.34106
0.546011
0.932897
0.996084
1.716
0.742168
0.997203
1.6047
1.46707
0.557947
1.716
0.91713
0.607766
0.965878
1.47387
1.22912
1.3835
1.43046
1.36954
0.676569
0.756223
0.532056
0.915628
1.17199
0.954941
0.985711
1.12076
1.17062
0.576022
1.28127
0.995261
0.955052
0.895115
0.405538
1.27388
1.716
1.20444
0.914577
1.66551
0.871133
1.60522
0.771128
1.49779
1.56636
1.26629
0.82748
1.07469
0.9302
0.800721
1.4519
0.755879
0.924041
0.885399
0.404503
1.53489
1.35828
1.04309
1.44977
0.941302
1.27502
1.716
1.0262
0.205627
1.1985
1.55124
1.65404
0.226085
1.56155
1.08969
0.814859
1.35336
1.44158
0.499826
0.383414
0.549567
1.716
0.826811
0.637279
0.776082
0.735074
0.975426
1.24577
1.56384
0.923302
1.06273
0.632472
0.939466
1.10035
0.118282
1.40342
1.53764
1.59695
1.48105
0.822253
1.15969
0.550892
0.774513
0.882375
0.981773
1.41523
1.46021
0.527317
1.44221
1.48024
0.757247
0.382423
0.725106
1.51305
0.453928
0.395636
0.781
0.554665
1.65893
0.708853
1.34608
0.507981
1.45472
1.0482
0.663963
1.42982
0.88337
1.01919
1.01645
0.931072
1.33878
1.12708
0.997513
1.29376
0.95365
0.434555
1.37573
0.440123
0.784667
1.39708
0.892603
0.873734
0.726446
1.30348
0.509182
1.38316
1.11337
1.66591
0.543121
1.22408
0.922514
0.907384
1.10246
1.14889
1.4946
1.05517
1.40157
0.733985
1.18661
1.716
1.52615
0.943911
1.14687
1.22788
1.22303
1.24039
0.872777
1.28572
1.54342
0.682069
1.716
0.779279
0.401529
1.69853
0.726314
1.33566
1.44464
0.896084
1.03955
1.00981
1.29792
0.249932
1.07147
1.08629
1.00717
0.957171
0.784654
0.805635
1.24719
0.893185
1.20533
1.01007
0.919399
1.70532
1.44662
1.1805
1.16349
0.924112
0.862741
0.803431
0.574728
0.784664
0.993338
0.797141
1.64273
1.44176
1.25761
0.151483
0.612674
0.405584
0.962008
0.858738
1.26732
1.716
1.05096
1.16896
1.5912
1.05063
1.32811
0.674682
0.356316
1.61575
0.996148
1.14721
1.42543
1.27751
1.08652
1.08465
1.43282
1.45776
0.9857
0.837336
0.697665
0.723264
0.997911
1.06859
0.88711
1.02902
0.941673
1.20607
0.793913
0.70255
1.26291
0.972639
1.23625
1.69274
0.894101
1.16943
1.2354
0.952734
0.770839
0.415927
0.795818
1.64104
1.36589
0.68367
1.58729
1.17034
0.492283
0.120941
0.71759
1.46685
1.36255
0.316318
1.18704
0.949899
0.606943
1.11609
1.48495
1.03876
1.07185
0.959964
1.42875
1.09993
0.864276
0.661084
1.0675
0.71303
1.00165
0.647703
1.11127
0.925199
0.301253
1.18972
0.458226
1.06177
1.18374
1.53786
0.70151
1.25226
1.40749
1.31701
1.20415
1.716
1.16605
1.06857
1.39648
1.4269
0.757962
1.35372
0.717948
1.14454
1.26453
0.238724
1.27171
0.670488
1.17323
0.972117
0.623671
1.63522
0.955014
1.14349
0.661684
1.37324
0.525475
1.45775
0.739535
0.842702
1.09589
1.13789
0.665979
0.809842
0.864449
1.38695
1.48445
0.565133
1.49074
0.836853
1.57008
1.28646
1.06375
1.54257
0.720335
1.28627
0.909714
1.01289
1.09867
0.293661
0.751601
0.800614
1.70775
1.05605
0.424718
1.31088
1.46018
1.50872
0.49813
0.742957
1.15605
1.52596
1.53112
1.53952
1.28418
1.35015
0.683393
1.68345
0.797719
1.18543
1.25693
1.33139
0.919509
0.288784
1.31036
0.814866
1.44517
1.4294
0.695615
1.06312
1.66337
1.17482
1.6634
1.49871
0.68403
1.41091
0.947484
0.297187
0.92463
1.11224
1.16496
0.806028
1.16031
1.46204
1.03323
1.70208
0.882343
1.12128
1.46975
1.06323
1.21406
1.41295
1.53605
1.29289
0.655952
1.39307
1.09832
1.09927
0.763772
0.774763
0.919512
0.643852
1.04207
0.953602
0.867848
0.125862
0.618287
0.940057
0.983419
0.868334
1.17704
0.570062
0.566135
1.37418
0.93205
1.23469
0.840078
1.17176
0.703369
1.30671
1.43824
1.26443
1.716
0.654698
1.06562
1.53697
1.37446
1.716
1.44091
0.848568
1.51254
0.685115
1.11533
1.09666
0.535875
0.896803
1.3051
0.617921
1.716
1.53981
0.744745
0.951408
1.21977
1.15218
1.111
1.16778
0.516527
1.10936
1.46756
1.23471
0.632271
1.3366
0.683357
0.636571
1.31127
1.32369
0.891338
1.07894
0.66605
0.888873
0.570988
1.59718
0.974025
0.807011
1.27715
0.893974
0.657769
0.911675
0.58675
1.716
0.751068
0.302188
1.24942
0.846899
1.02885
0.111818
1.2657
0.808216
0.447726
1.15507
0.910981
1.1479
0.846124
1.18485
1.11851
1.32308
0.525052
0.467699
1.14911
1.1537
0.871298
0.658771
0.828166
1.03544
0.972295
0.7376
0.75002
1.02869
1.01215
0.928461
0.352806
0.948574
0.972144
1.40968
1.33899
1.4223
0.975909
0.56858
1.16074
0.953071
0.855474
0.8472
0.359556
0.463913
1.01017
1.64229
0.849944
0.97865
0.63925
1.22366
1.31028
1.69087
1.31662
1.11803
1.11656
1.04585
1.02815
1.02718
1.18565
1.25521
1.26077
0.975661
0.645348
1.28179
1.36599
1.716
1.38186
1.50074
1.20152
1.4731
1.27418
0.913842
1.27875
1.00336
1.4287
0.869743
0.785712
1.24467
0.810206
1.09016
1.54315
0.843063
0.819047
0.675416
1.65223
1.6173
0.912576
0.667417
1.47129
0.735164
1.11277
1.27433
0.670037
1.50634
0.693415
0.937859
0.892512
1.12084
0.401157
0.839025
1.40921
1.64481
1.06068
0.919832
0.94367
0.491888
1.33697
1.02571
1.62763
0.79979
1.27983
0.616625
1.716
0.471795
1.1432
0.63947
1.26483
1.12795
1.09623
1.41124
0.86862
0.889977
0.659316
1.26463
0.979464
1.25692
0.815754
1.51502
0.77156
0.909741
1.31999
1.44048
1.69131
1.2937
1.02759
0.956738
0.494921
1.4982
0.745128
0.831391
0.819152
0.27158
0.584087
0.791383
0.522701
0.825079
0.888166
1.716
1.27129
0.881294
1.29903
0.660262
1.41303
1.13992
0.275401
0.841473
1.02339
0.990131
1.40127
0.912261
1.03988
1.12971
1.51581
1.20546
1.27519
1.374
0.780798
0.86457
0.728662
1.17964
1.41879
1.4407
1.716
1.23823
0.976802
0.756772
1.24409
0.742213
0.93021
1.11832
0.744517
1.17432
1.27415
1.45149
0.969052
0.875446
1.04389
0.746881
1.51899
1.31382
0.813446
0.841821
0.986263
0.782851
0.997637
1.13742
0.711974
1.1213
0.666076
1.2497
1.31147
1.69246
1.48915
1.08241
1.16487
1.14635
1.45983
0.638145
0.986716
0.894098
1.34055
0.630035
1.41824
0.93807
1.18972
1.22978
0.947677
0.815257
1.02551
1.25405
1.716
1.12809
1.46864
1.32996
0.943333
0.732598
1.22048
1.716
0.650281
0.862797
1.08203
0.897956
0.574138
1.32815
1.716
1.39301
0.942587
0.988359
1.62036
1.1882
0.774093
1.19245
0.355735
1.31963
0.718806
0.883168
0.926791
0.952651
0.779548
0.934012
1.12285
1.19725
0.580363
1.02915
1.34219
1.33932
1.716
1.59443
0.682286
0.936322
1.41227
1.716
1.04241
0.794141
1.65856
0.838137
0.647127
1.14909
1.47214
1.2727
1.63253
0.699205
0.938549
0.529166
1.71466
1.35965
1.32664
0.7393
1.05177
0.998793
1.39402
1.50192
1.49729
1.12156
0.439042
1.4038
0.911158
0.652202
0.46647
1.30123
0.648561
1.716
0.700809
1.21674
1.51617
0.896264
1.67169
1.31367
1.2063
1.68488
1.13287
1.50436
1.25696
1.55707
0.625942
1.12565
1.33647
0.804256
0.904838
1.36362
0.696424
0.336223
0.877494
0.741608
1.48633
1.02542
1.46898
1.14476
1.53585
0.432008
0.594752
0.839719
1.21996
0.896075
0.940578
1.33439
1.39727
1.19583
1.04981
0.833749
1.02068
1.10251
0.762912
1.34263
0.633875
1.54966
0.18628
1.06297
0.624652
0.872705
1.48438
1.35884
1.51576
0.915348
0.878059
0.957614
0.857874
0.829496
0.910139
1.716
1.03171
1.20914
0.906332
1.02516
0.507035
0.736422
1.21068
1.30873
0.923643
0.921585
1.45015
0.56645
1.22997
0.923591
1.06515
1.53072
1.38864
1.716
1.40198
1.25817
0.990259
1.01224
1.18618
1.716
0.999112
1.09724
1.13294
1.281
1.716
1.39163
1.07831
0.697272
1.716
0.302816
1.716
1.25393
1.23085
0.895966
1.14976
0.8431
1.1385
1.07394
1.30684
1.26574
0.563271
1.2801
1.59151
1.21954
1.45443
1.13461
1.66351
0.920335
1.22092
1.3868
0.872213
0.884662
1.53873
0.814594
1.12893
1.60835
1.71434
1.10336
0.720564
1.17592
0.877568
1.716
0.957658
1.43526
0.808971
1.63979
1.06239
1.004
0.648653
1.63318
1.11785
1.44516
1.14606
0.614717
1.39886
0.197398
0.938979
1.13614
1.29601
0.462212
1.42197
1.716
0.894092
1.63881
1.64172
0.623346
1.50774
1.41955
-0.131153
0.450408
1.45908
0.870974
0.921886
0.617987
0.977516
1.50162
1.02262
0.993167
1.3724
0.659685
1.29254
1.55329
1.07414
0.735527
0.81356
1.2008
1.62585
1.716
1.14288
1.51815
1.22975
0.65537
1.09123
1.30165
0.759561
0.206957
0.498647
0.722444
1.01945
0.729947
0.515486
0.533312
1.03841
1.40613
0.98273
0.623442
0.829955
0.69916
0.740439
1.45522
1.39499
1.716
0.92877
1.10133
1.04402
1.14343
0.557138
1.06637
0.965398
1.00775
1.16586
0.415011
0.992496
1.59915
1.02634
1.4916
0.843633
1.23057
0.722442
1.11116
0.953348
1.36245
0.786183
1.18785
1.23278
0.892209
0.759043
1.69823
0.593596
0.803809
1.22692
1.07343
0.639427
1.43955
0.560908
1.19531
1.30977
0.851225
1.33649
0.65503
1.44344
0.558025
0.815819
0.682694
1.04459
0.584093
1.17834
1.39263
1.26881
0.636856
1.14324
1.37767
1.22531
0.833263
1.16888
0.346117
0.836288
1.06906
1.05018
0.971041
1.4075
0.835186
1.716
1.04065
0.794048
0.783929
0.405504
1.35707
1.43078
0.877562
1.28356
0.849132
1.716
1.60638
0.727219
1.19047
1.30983
1.06624
0.493344
0.926809
1.13562
0.8733
1.39954
1.19285
0.897515
0.280287
0.84273
0.364178
0.423548
1.40742
0.32642
0.417594
1.25008
1.28749
1.15895
1.07239
1.13338
1.716
0.919323
1.70618
0.67144
0.782259
0.631724
1.01192
1.18931
1.31858
1.19211
0.735087
1.15526
0.820184
1.06519
0.560468
1.55367
0.87819
1.56618
0.618815
1.0547
0.701685
1.02651
1.39717
1.28543
1.35747
0.514857
0.481074
1.15961
0.853355
1.67829
1.56226
0.680363
0.668651
1.08914
1.47513
0.740647
0.870466
0.822103
1.35859
0.993336
0.819566
0.363276
1.44383
1.13944
0.873553
0.928625
0.947362
1.01811
0.933006
1.59699
1.3888
1.17342
1.41654
0.592345
1.716
0.962207
1.1655
1.23067
0.914717
1.07497
1.28908
0.971587
1.08037
1.42008
1.01429
1.22054
1.36144
1.27807
0.79384
1.02407
1.0978
0.738605
1.21007
0.819511
0.692118
1.716
0.63936
1.70457
0.834866
0.619692
1.13801
1.0218
0.466657
0.784729
1.03895
0.521937
1.34721
1.1951
1.5434
0.927867
1.57096
1.20059
1.00543
0.969645
0.702435
1.00001
1.06767
1.19861
1.16634
0.906857
1.15175
1.21482
1.12368
0.907262
1.19852
1.14758
0.604952
1.26814
0.69781
1.63107
1.58373
1.21564
0.468444
1.716
0.475469
1.22185
0.525387
1.34697
1.716
1.48904
1.07265
0.632993
1.43783
0.660426
1.08169
1.716
0.923771
0.849954
1.35687
0.351505
0.545881
1.00197
0.595897
1.40409
1.52037
1.38815
1.53183
1.00565
1.42357
1.716
1.51013
1.09232
1.53744
1.38173
0.916753
0.731797
1.29857
1.25778
1.716
0.401539
1.32346
1.30494
0.716032
0.674297
1.02966
1.41512
1.17833
0.846115
1.61638
1.3584
1.11129
0.794526
0.610025
0.557016
1.45117
0.412219
1.14748
1.15522
1.6007
1.01542
0.810473
1.13608
1.20879
0.950166
1.25707
0.911776
1.12221
1.54204
0.92394
0.919537
0.564308
1.40611
1.716
0.879354
1.08501
1.62279
1.34376
0.635217
1.30715
0.88754
1.42045
1.45205
0.887069
0.885652
1.716
1.30311
1.62346
0.518151
0.833413
0.704781
1.40557
1.19949
1.11851
0.73909
1.40244
0.828759
1.38959
0.977762
1.716
1.18939
1.45584
0.260977
1.03961
0.788657
1.0282
1.25543
0.679374
0.744132
1.34007
0.669506
1.14098
0.77506
1.20959
1.31547
0.896771
1.38237
1.03352
1.06664
1.01773
1.22797
1.11295
0.748493
1.08778
1.67542
1.10956
0.687516
0.533791
0.774693
0.618722
0.531174
1.37509
0.941858
1.43289
0.761721
1.20793
0.772902
0.968621
0.443138
1.07027
1.08216
1.71473
1.17408
0.943383
1.05335
1.716
1.10507
1.00103
1.08993
1.48164
1.716
1.50026
0.641475
1.1493
0.975922
1.13593
1.31902
1.18077
1.39704
1.26255
1.56878
1.06402
0.435478
0.9726
-0.113057
1.14075
1.06148
1.09241
1.716
1.1272
0.752062
1.56145
0.571315
0.96441
1.05034
1.55987
0.698697
1.14398
1.11355
0.650556
1.02119
1.4906
0.747628
1.09657
1.716
0.765513
0.762043
1.59104
1.22518
0.716629
1.38578
0.565272
0.770593
1.28392
1.03694
0.781378
1.45272
1.24931
1.2673
1.26584
1.4537
1.1463
0.835948
0.594846
1.716
1.29364
1.0502
1.11442
0.853494
1.52913
1.70055
1.28699
1.43827
1.44566
0.700347
1.07664
1.02537
1.21081
1.04796
1.2868
0.378989
0.722873
1.31413
1.32498
1.20305
1.01284
0.658123
1.40755
0.872079
1.04541
1.18854
1.46393
1.716
1.27005
1.4356
0.975429
0.610515
1.0724
0.840481
1.04567
1.61313
1.52211
0.842012
1.58448
0.708382
1.18739
1.20548
1.43107
1.03323
1.49839
1.38115
1.40597
0.782834
1.36566
0.821107
1.03428
1.40477
1.23806
1.35564
0.980584
0.980242
0.951937
1.11161
1.01134
1.04544
0.68233
1.43483
1.14112
0.551227
0.92899
0.641151
0.631977
1.40245
1.716
1.39746
1.23154
0.863576
1.60152
1.26217
0.714041
1.12514
0.594878
1.25735
1.716
0.507172
0.760673
0.771869
0.726788
1.28183
1.02084
0.606745
1.41964
1.24985
1.44708
1.27916
1.07215
1.12199
1.716
1.61996
1.52205
1.48416
1.45944
1.54416
1.10548
1.06577
0.90533
0.992328
1.02524
1.20316
1.21803
1.18139
1.19348
1.01633
0.987149
1.31362
1.17508
0.83476
1.32869
1.24223
0.992231
1.58851
0.458383
0.972651
1.07346
0.652064
1.08372
0.856003
0.699571
1.40002
1.22574
1.2993
0.85353
1.716
0.657103
0.989481
0.766915
1.47031
1.38546
0.848375
1.716
1.17641
0.362021
0.800873
1.09698
1.19532
1.36193
1.716
1.35318
1.05736
0.854575
0.0225272
0.897732
0.836471
0.559081
0.872223
1.21946
1.47132
0.997211
0.830006
0.971473
1.45585
0.844222
0.249737
0.534549
0.935341
0.758168
0.602604
1.30693
1.40122
0.773834
1.6025
1.716
0.979426
0.792829
0.927033
1.29505
0.556562
0.558476
1.716
1.04175
1.22106
1.31484
0.786199
0.79974
1.52053
0.998296
1.02102
0.742343
0.663972
1.33727
1.716
0.794601
1.20339
0.702885
0.89291
1.05136
0.600552
0.677183
1.01978
1.13528
1.02601
0.847171
1.50105
1.60555
1.11039
1.18385
1.716
1.41697
0.9834
1.10355
1.49165
1.01267
0.948055
1.40226
1.29512
0.965236
1.06392
1.69061
1.55981
1.0954
1.716
1.09999
1.58189
0.92037
1.34173
1.56764
0.998489
1.54286
1.28867
1.48862
0.451151
0.250817
0.6989
1.30384
1.43422
0.510602
1.05027
1.23627
0.84267
0.963705
0.670762
1.716
1.11092
0.816776
1.716
0.926401
1.08713
1.38691
1.171
0.506826
1.27487
1.09495
1.23841
1.50829
1.52172
1.2763
1.716
1.716
1.21177
0.998968
0.77425
1.3133
0.848594
1.29511
1.19348
0.970475
0.619446
0.515893
1.51825
0.575875
0.976432
0.646137
0.694388
1.53204
0.788143
1.19701
1.716
0.771709
1.03799
1.3062
1.34032
0.654168
1.20414
0.978518
1.37686
0.908738
1.44515
0.745625
1.716
0.831116
1.41598
1.03765
1.716
0.731649
1.06771
1.14251
1.11549
1.08873
1.12997
1.09525
0.566657
0.657734
0.577856
1.28045
0.272086
1.52026
1.40739
0.91434
0.78214
1.36986
0.980746
0.56588
1.0184
0.711098
1.17268
0.53101
0.921398
0.301834
1.56858
1.67632
0.73734
0.725788
1.01868
1.35448
1.40289
1.27553
1.40739
0.990755
1.02812
1.07538
0.710444
1.716
1.0333
1.41358
0.513955
0.88012
0.667639
0.919449
1.30941
1.5001
0.713383
1.08291
1.20837
1.18419
0.980704
1.6866
1.28405
1.13908
1.28083
0.890725
0.837379
1.716
0.832231
0.931813
1.00843
1.57454
0.939361
0.549546
0.963359
0.788723
1.716
1.09468
1.35202
0.972704
1.20242
0.378416
0.878103
0.633465
0.907302
0.971114
1.17208
0.598166
0.934546
1.03721
0.904812
1.06473
1.12511
1.05573
1.30251
0.927022
0.935332
1.01653
0.889431
0.765397
1.56733
1.35741
1.58439
1.33809
1.716
0.758383
0.659477
1.07817
0.90503
1.51141
1.56684
1.26455
0.923388
0.641783
1.52488
1.08248
1.31544
0.382262
1.30916
1.10631
1.16421
0.89972
1.24802
1.35155
0.78016
0.502398
1.18902
1.71146
1.06313
1.50973
1.42261
0.455639
1.19885
1.1996
1.35339
1.37781
0.681478
1.22666
1.10537
1.17586
1.00126
0.865186
0.84
0.766335
1.18549
1.50903
0.175386
1.1728
1.21996
1.11588
0.471703
1.716
1.48774
1.22721
1.36773
1.716
0.660741
1.43026
0.860342
1.716
0.920285
1.51593
0.833755
1.06718
0.649114
1.16564
0.818968
1.10969
0.908039
0.993334
0.984515
0.984825
0.497453
0.52174
1.34037
1.08613
1.18936
0.848035
1.25758
1.63451
1.2458
1.5613
1.37578
0.682539
0.705628
1.03052
0.576783
1.05177
1.515
0.828617
0.776701
1.08062
1.41976
1.18135
0.814431
1.08233
0.939045
1.716
0.9453
0.980813
1.12609
1.11739
1.01665
0.785711
0.794884
1.30845
1.66184
0.767141
0.637645
0.99755
0.941866
0.391747
1.01995
1.03908
0.881879
0.705034
1.48895
1.17081
0.763841
1.00158
0.957048
1.02989
0.721057
1.46261
1.12897
1.32927
1.18452
0.239434
0.898395
0.571818
1.01889
1.716
0.667561
0.718033
0.940207
0.725283
1.27746
1.716
1.32059
0.787063
0.571779
0.972079
0.939489
0.719032
1.06345
1.54869
0.365171
0.708482
1.08159
0.944459
1.2216
1.08201
1.25821
0.984613
1.716
1.58551
0.78015
1.05063
1.04641
1.10662
1.61747
0.72477
1.05429
1.32755
1.01117
0.878748
1.14825
0.808023
1.24686
0.848043
0.843414
1.24536
0.90624
0.688876
0.913402
1.05175
1.22584
1.62477
0.833022
0.849513
1.6229
1.31446
0.4825
0.842546
1.11293
1.13201
0.696543
1.2386
1.35925
0.959179
1.13888
1.716
0.840854
0.971978
0.674073
0.615904
0.819951
1.11774
0.419214
0.885772
1.15861
1.12984
0.607232
1.64541
1.10822
1.21676
0.844705
0.887783
1.716
0.827656
1.41191
1.27442
1.10883
0.801937
1.3661
1.22779
1.05935
0.599721
1.716
1.09181
0.296653
1.46859
0.9196
1.136
0.428807
1.37585
1.2452
0.978037
1.36314
1.1136
0.949602
1.34127
1.11889
0.607214
1.07153
0.906213
0.825792
0.932535
1.01369
1.1518
1.716
1.28784
1.18919
0.950277
1.17239
1.42452
1.27032
0.898665
0.935421
1.05138
0.546997
0.940775
1.716
0.952141
0.537729
0.650551
0.623703
1.33205
0.719529
0.964054
0.864198
0.996238
1.716
0.583917
0.977128
1.32356
1.333
0.912895
0.436596
1.064
0.923276
1.716
1.2665
1.46952
1.56475
0.886803
1.3943
0.707965
0.932003
1.10932
1.06016
1.18796
1.58839
1.16498
1.08575
1.55045
0.917016
0.950941
1.29405
0.921187
0.925543
0.945413
1.30988
1.716
1.49924
1.18091
0.929582
0.519238
0.468199
0.885054
1.25489
1.04709
1.16616
0.716184
0.202595
1.25766
1.09465
1.716
0.875659
0.787198
0.301879
1.23876
1.02962
0.960254
1.06942
1.40684
1.45206
1.32767
1.04816
0.978909
1.61975
1.01149
1.30268
1.06649
0.714459
1.716
0.974394
1.59975
1.13767
0.75017
0.84524
0.724793
0.904275
1.28864
1.53099
1.08588
0.883584
1.13237
0.589683
1.15493
1.00509
0.981878
0.585645
0.809566
1.17593
1.06489
1.24184
1.05049
0.638022
1.28029
1.3122
0.759736
0.78493
1.716
0.489194
1.20561
1.716
1.27339
0.740385
0.603438
1.716
1.06116
1.25102
1.66002
1.716
1.52815
0.708461
1.02622
1.5052
0.688052
1.17558
1.19761
1.30862
1.26672
1.69542
1.53332
1.50691
1.51397
0.936834
1.45319
1.43208
1.38761
1.19228
1.15495
1.05939
1.21838
1.51441
1.27935
0.904095
1.14313
1.29612
0.53566
1.31405
1.10706
1.11074
0.982118
1.716
1.6765
1.03143
1.13014
1.69564
1.23404
1.28474
1.00207
0.966
1.13968
1.29654
0.535264
0.937139
1.40792
1.13986
1.2608
0.894519
1.08297
1.50283
0.718828
1.20093
1.1355
1.20262
1.38473
1.12411
0.444242
1.33467
1.46971
1.19545
1.59754
1.06174
0.965079
1.38714
0.894973
0.919548
0.468845
1.62497
0.985892
1.12909
1.57887
0.68199
1.41771
1.3044
1.44953
1.53952
1.716
0.585443
1.44409
1.16553
0.537589
1.28893
0.981286
1.34506
1.10787
1.55233
1.52371
1.5888
1.04295
1.61567
0.985833
1.4216
1.08748
0.852799
1.70809
0.658838
1.03865
0.387117
0.983293
1.32228
0.888004
0.87283
0.800908
1.55081
1.32951
1.37321
0.491326
1.68768
0.717474
1.08083
0.789536
1.11097
0.694929
1.10831
1.12534
1.04055
1.39274
0.614332
0.785524
1.22639
1.0585
0.947841
1.38702
1.27595
0.983195
1.4938
1.10512
0.858016
0.333616
0.349497
1.48025
1.07705
0.305294
0.959407
1.61005
1.24005
0.855084
1.248
1.142
1.31665
0.795251
1.44278
1.01413
0.981181
1.49263
0.964821
1.03988
1.21568
1.716
0.188946
0.985983
0.495646
0.372076
0.857436
1.716
1.00014
1.36777
0.715088
0.943469
0.728593
0.710229
0.292679
1.10324
1.20433
0.718407
0.944453
0.929561
1.53618
0.919256
0.949411
1.29939
1.63311
1.43054
1.1863
1.25288
1.18912
0.868443
1.14274
0.448988
0.646992
0.365575
1.03089
0.588833
1.716
0.894478
0.713015
1.44097
1.716
0.751365
1.17358
1.0842
1.716
1.28008
0.654241
0.608575
0.402401
1.28028
1.1587
1.35169
1.17178
0.809574
0.760324
1.52874
1.65571
0.860517
0.881307
1.30665
1.28598
1.00899
1.13583
1.02495
1.50777
1.46088
1.716
1.07607
0.864579
0.7368
1.31345
1.00174
1.55854
0.629038
0.97779
0.942879
0.838634
0.99621
1.37529
0.876703
1.55448
0.468423
0.825986
0.872554
1.27814
0.944428
1.1118
0.510345
0.918953
1.14142
1.03014
1.45628
0.790589
0.717011
0.798352
0.706654
0.719999
1.10441
1.45976
1.04118
1.33242
1.06222
0.823073
0.853862
1.11128
1.716
1.07586
0.911933
1.00592
1.14449
1.24686
1.24494
1.06021
1.04965
0.304723
1.34234
0.802714
1.15898
1.43283
1.15149
1.22645
0.98547
1.23493
1.32595
0.519313
1.46649
0.762687
1.08184
1.00197
1.05024
1.03193
0.457388
0.772944
1.33297
1.05322
1.35126
1.08926
1.34029
1.69572
1.3549
1.0304
1.5428
0.956451
0.8014
0.948486
1.2175
0.916431
1.24567
1.13356
1.33247
1.14207
1.11648
1.01258
1.22062
1.3213
0.752266
1.45414
0.690123
1.23675
0.983276
0.562739
0.72339
0.497613
0.683085
1.01536
1.41447
0.48638
1.54966
1.28689
1.01494
1.716
1.30735
0.105463
1.17757
0.888028
1.09393
1.11964
0.930433
1.63768
0.728211
1.716
1.40568
1.59603
1.39806
1.45841
1.0914
1.02731
0.601217
1.12496
0.998726
1.59724
0.513804
1.13001
0.829195
1.39242
0.979467
1.31506
1.49238
1.21147
0.694354
1.29529
1.08791
1.02586
1.19759
1.05027
1.21851
0.994177
1.68117
1.716
1.21189
1.3655
1.11663
1.50774
1.44182
1.13536
1.3863
0.961208
0.835295
0.493986
0.691748
1.15101
1.01401
1.27744
0.213967
0.988465
1.24366
0.627145
1.40787
1.27526
1.36141
1.09123
0.215093
0.709547
1.35708
1.42582
1.01723
1.31135
1.06068
1.01194
1.02246
1.1203
1.24604
1.02125
0.812315
1.13035
1.19944
1.41088
0.986955
0.969429
1.5512
0.829134
0.747917
0.819266
1.02169
1.36019
1.716
0.647937
1.09067
0.883154
0.850622
0.895019
0.761615
0.687097
1.38939
1.716
1.06137
0.906017
1.716
1.13944
0.584704
1.39387
1.50139
1.59147
0.804828
1.00122
1.64908
0.729964
1.24676
0.335066
1.26399
1.31453
0.966337
0.144645
0.15051
0.955806
1.25929
1.20288
0.672329
0.934182
1.20269
0.629128
1.58153
1.716
1.42754
0.753243
1.716
1.11676
1.06666
1.3569
0.864438
1.38534
1.01799
1.716
0.615808
0.835125
1.59983
0.385474
1.19407
0.646568
1.38167
1.35167
1.60009
1.24469
0.850735
0.912604
0.792759
1.02438
1.49035
1.38234
0.588354
0.807101
0.410968
1.37636
1.46112
0.7632
0.995025
1.30892
0.661287
1.31133
0.981835
0.956174
0.728871
1.716
1.46178
1.0381
1.06457
1.03942
1.54494
1.58025
0.777312
1.34168
1.20133
0.473366
0.585993
0.749372
0.438383
0.651476
1.07561
1.08752
0.974611
0.885837
1.31808
1.716
0.967586
1.21876
0.935214
1.29251
1.15047
1.46687
1.49737
1.51079
0.739572
1.02267
1.21973
1.12551
1.4793
1.716
0.914028
1.44046
1.45
1.10357
0.998491
1.23618
1.10244
0.990387
1.11238
1.2398
1.716
1.45462
0.947012
1.58495
0.886602
0.677509
0.745048
1.716
1.38407
1.29323
0.940726
1.43833
0.915811
0.216368
0.698088
0.234531
1.37757
0.898773
0.634105
0.697993
1.56643
1.30777
1.47986
0.680271
1.03143
1.04235
1.43095
1.14069
1.28942
0.727047
0.935169
1.36768
0.450334
1.41697
1.2838
1.26356
0.875614
1.11882
1.64181
1.30424
0.817647
1.18697
1.2588
0.832652
1.51549
1.42381
0.877636
0.904463
1.21104
1.17845
1.46832
1.29473
1.5128
1.22864
1.50437
0.849233
0.938268
0.729041
0.991303
1.68672
0.617991
0.884059
0.924375
1.01152
1.14482
1.41964
1.06383
0.719334
1.07317
1.41816
1.42927
0.77167
1.11573
0.620031
1.07332
0.756143
0.947942
1.16912
0.989862
0.922218
1.19219
0.897139
1.11388
1.12151
1.00809
1.09788
1.37088
0.999717
1.40082
1.30256
1.28492
1.32224
1.10729
1.01889
1.15933
1.2772
0.149757
0.569696
0.797488
1.01077
1.24051
1.37724
0.919444
1.12475
1.31131
0.888464
1.23719
0.961317
1.18732
0.867533
1.18013
0.643731
1.5162
1.08261
0.784249
0.898794
1.39722
1.39742
0.853448
0.809965
0.950881
1.59339
1.0331
1.14824
1.716
1.31577
0.537615
1.139
1.09024
0.949171
1.10741
0.71769
0.82173
1.47565
1.14866
1.29787
0.632137
0.820495
0.78885
1.27207
1.03472
1.3554
0.972406
1.15844
1.15035
1.61293
0.838207
1.47702
0.975375
0.715197
1.53481
0.674532
1.23256
0.802119
0.935635
0.333326
0.523302
1.52803
1.41685
1.33763
0.63457
1.20435
1.39777
0.940391
0.875454
1.66609
1.37846
0.738751
1.51223
0.835017
0.872603
0.858008
0.855043
1.37001
0.838526
1.00248
1.52771
1.64895
1.18521
1.18237
1.3033
1.20691
1.13061
0.424398
0.923323
1.17454
0.677815
1.07222
1.27794
1.12978
0.763579
0.80701
0.78261
1.09592
1.04794
1.6179
1.19982
0.913768
1.56015
0.645988
1.59953
1.01628
1.716
1.54971
1.24529
0.885832
1.16888
0.700561
1.24876
0.514232
0.882523
1.3002
1.50757
1.14613
0.833064
1.37235
0.738549
1.716
0.723043
1.29854
1.4432
1.10347
0.861892
0.876119
1.08216
0.703086
1.05607
0.643343
1.22512
0.593923
0.928069
1.26769
0.250334
0.914736
1.37554
0.984877
0.663398
0.921518
1.02452
0.812549
1.45143
1.47517
1.34573
1.10525
0.496054
0.670463
0.495445
1.04544
0.960529
0.356137
0.938661
1.716
0.891258
0.782733
1.24453
1.44362
1.46633
1.1991
0.74115
1.61728
1.12084
1.0554
1.24981
1.12985
1.28882
1.27581
1.47897
1.24886
0.97237
0.898921
1.11169
1.716
1.07259
1.44989
1.27428
1.07556
0.82413
0.617092
0.986898
1.07013
0.740388
1.38271
1.0267
0.9738
1.41243
1.16962
1.53817
1.26784
0.439748
0.728476
0.952492
1.02638
1.23581
0.918556
0.661496
1.26063
1.07576
0.329432
0.963359
0.723591
1.27429
1.1639
1.49727
1.21776
1.06959
1.12244
1.59946
1.716
0.974117
1.26285
1.63369
1.48397
1.65272
0.912852
0.653597
1.35082
1.23258
1.06256
1.59097
1.52867
-0.0409949
1.12279
1.5097
1.26897
1.12616
0.9987
1.46792
1.27004
0.887576
1.716
0.857771
1.2671
1.34834
1.13475
1.20326
0.90954
1.468
0.961817
1.34252
1.11828
1.15051
1.01928
0.916539
0.53445
0.712799
1.13032
1.28727
0.6594
1.24459
0.924132
1.59916
1.19595
0.625667
1.10972
1.14433
0.673189
0.575956
0.560741
0.38317
0.808522
0.90586
0.943015
1.43833
1.43975
0.712246
1.10478
0.707905
1.716
1.30582
1.4293
1.07113
0.597676
1.21285
0.670597
0.470004
0.754583
1.21188
0.254454
0.869547
1.5415
1.08087
1.2404
1.13173
1.4474
1.39717
1.07329
0.975593
0.687208
0.986108
1.716
0.789515
1.20525
1.12654
1.10282
0.81523
0.751646
1.43895
0.162354
1.25034
1.06195
0.899556
0.769401
1.0858
1.716
1.42262
0.876005
0.84859
0.846552
1.58719
0.946022
1.4339
1.09764
1.2503
1.13302
0.716863
1.37082
1.18877
1.29782
1.20091
1.54014
1.17219
1.67259
0.851895
1.04469
0.972066
1.02854
1.45265
1.18459
0.641278
1.15196
1.31968
0.680323
1.32857
1.29658
1.57926
1.06163
1.24944
1.49977
1.716
0.890933
0.582022
0.85806
0.731071
1.31878
1.5642
0.946582
1.0853
1.46609
0.825703
1.24506
0.747262
1.23774
1.07242
0.618948
0.951066
0.993764
0.32972
0.955593
0.640244
0.853854
0.899632
1.06793
0.766071
1.12727
0.525857
1.03256
0.744642
0.883496
1.12147
1.07948
1.51604
0.912081
1.716
0.911511
1.55625
1.295
0.982137
1.15973
1.42064
1.51393
0.934428
0.524305
1.14085
0.741907
1.28308
0.886767
1.37744
1.1593
1.00226
1.06141
1.29754
0.793587
1.22411
0.875699
1.21276
0.928198
1.32767
1.52297
1.0104
1.40514
1.01643
0.456256
1.31602
1.45016
0.430084
1.18636
0.892701
1.21729
0.69744
0.991287
0.332861
1.1334
1.29246
1.716
1.35392
1.01155
1.716
0.501305
1.06341
1.19448
0.870929
0.773988
0.585477
0.789907
1.20927
1.2681
0.614997
1.27754
1.25577
1.00103
1.10239
1.21112
1.28704
0.821363
1.55582
0.542207
1.36155
1.38746
0.868477
1.56444
1.2882
0.973507
1.55858
1.716
1.08016
0.909416
0.506881
1.3282
1.14124
1.3485
1.60907
1.09448
0.835159
0.753804
1.21189
0.743897
1.47034
1.06871
0.647158
1.12008
1.08823
0.913819
1.43054
0.961285
1.24006
0.797334
1.65606
0.558672
0.90123
0.340037
1.17984
1.716
1.33109
1.21473
1.13907
1.15552
1.11299
1.03572
0.810528
0.629517
0.84113
0.869369
1.716
0.999039
1.28945
1.63035
0.556496
0.704317
1.07696
1.716
1.13611
1.13891
1.09459
1.18607
1.43372
0.493967
0.773913
1.31172
0.814045
1.66152
0.94144
0.596205
1.30125
0.654953
1.39363
1.3744
1.06855
0.875864
1.50903
1.33035
1.55363
0.58559
1.716
1.18036
1.63
1.54467
0.70353
0.842376
0.769948
0.958712
0.844153
1.24847
0.77787
1.34413
0.924774
0.754131
1.18917
1.00089
0.353937
1.12749
1.52328
0.922561
1.06923
1.53568
1.00876
0.861016
0.52635
1.716
1.01869
1.14681
1.716
1.0816
1.06902
1.02216
1.30502
0.763093
1.14781
0.708046
0.887267
0.649628
0.414136
0.825911
1.36553
1.25043
1.716
1.15779
1.67728
0.701159
1.29326
1.46804
1.06902
1.00592
1.10929
0.910626
1.29512
0.763273
1.03402
0.908883
1.62134
0.792877
1.0386
1.39344
1.00411
0.620554
1.25291
0.307713
1.24888
1.18461
0.988761
0.880399
0.846809
0.978661
1.19247
1.03801
1.13224
0.951685
1.59535
1.17388
0.831801
0.989965
1.40969
0.909806
0.914816
1.66797
1.716
1.01223
1.28957
1.04115
1.22479
0.95935
1.32747
1.22796
0.90852
0.869166
1.50239
0.795206
1.51769
1.22506
1.33592
1.229
1.25972
0.852159
1.11071
1.01887
1.60196
0.72031
0.839365
0.931486
1.1612
1.59145
0.984665
1.17051
1.05335
1.45588
0.801367
1.46058
0.826991
1.38728
1.48308
0.789918
0.841082
1.25118
0.965251
1.2674
0.711773
1.31983
1.17504
1.01801
1.58012
0.992351
1.42392
1.21655
0.959684
0.547453
1.54699
1.28479
1.18374
1.16898
0.299911
1.43098
1.17349
1.25312
1.28144
0.370112
1.60594
1.65584
1.43853
1.2217
1.0801
0.822957
1.15707
1.60733
1.4048
1.41744
1.06747
0.916293
0.882056
1.14294
1.37552
0.788305
0.915664
1.39952
0.696672
1.24455
1.57569
1.5911
1.716
1.00257
0.303263
0.966248
0.905231
0.868773
0.915811
1.15947
0.647205
1.48529
0.819054
0.529639
0.839981
1.4718
0.834558
1.58768
0.645195
1.38851
0.660586
1.5941
1.06317
0.456264
1.24525
0.574793
0.53908
1.49091
1.20407
1.22119
1.00147
0.897692
1.52415
0.953933
1.34763
0.980774
1.37061
1.18725
0.640577
1.27138
1.22941
1.15111
1.09591
1.04346
1.28501
1.716
1.716
1.23795
1.716
1.20481
1.55801
1.49966
1.716
0.625517
1.716
1.56244
0.724603
1.37456
1.05711
1.03933
0.532381
1.45673
1.37604
1.46337
1.00531
0.695001
1.1279
1.46223
1.21435
1.04596
1.59842
0.521832
1.06826
0.991719
1.48521
1.51723
0.872608
1.45331
1.25018
1.04398
0.89882
0.520648
0.664354
0.721211
1.32494
1.31979
1.19016
0.557292
1.22974
1.52203
1.39029
1.67317
1.3744
1.62323
0.623117
0.731034
0.95757
0.986274
1.53531
1.04774
1.02936
1.09798
0.371704
1.27984
0.271825
0.491574
1.25576
1.12908
0.976482
1.53527
0.510025
1.01971
0.895371
0.796821
1.10213
1.55592
0.703998
1.36369
1.36095
0.98078
0.636109
1.28501
0.901905
1.44858
1.25866
1.26802
1.51125
1.33461
1.23759
1.50152
0.974091
1.1798
1.69126
1.0244
1.02999
1.04709
1.3353
0.26316
0.922666
0.708224
0.782305
1.46245
1.36698
0.88967
1.716
1.47075
0.464758
1.56697
1.19333
0.89367
0.55091
1.48481
1.34004
0.702467
0.92117
0.642289
0.970354
0.904153
1.47503
0.284355
1.716
1.716
1.03913
1.086
1.26355
0.450275
0.775714
1.03139
0.25893
1.13968
0.747279
0.526188
1.36208
1.22252
1.50983
1.52501
1.34721
0.376679
1.17804
1.45033
1.24604
1.0457
1.17589
0.532538
1.716
0.773944
0.965157
1.716
1.50248
0.617491
0.982929
0.61899
0.722364
0.760199
0.692958
0.931174
1.28057
0.871245
1.18649
0.812479
1.716
0.46859
0.751672
0.861615
1.31503
0.927402
0.524435
1.30691
0.879903
1.25769
1.16391
0.980527
1.53106
1.02028
0.679846
0.971224
0.803949
1.12125
0.987366
1.20678
1.716
0.618923
1.1364
1.1561
0.952136
1.00904
0.99621
1.52509
0.656644
1.44215
1.19113
1.03541
0.432005
1.37813
1.2082
0.613746
1.21878
0.899173
1.04282
1.27335
1.46997
1.15199
1.21673
0.874154
0.606583
1.46431
1.26474
1.02069
0.759934
1.38351
1.0068
0.792039
1.16384
1.2663
1.22994
1.06113
1.04472
0.916566
1.19496
0.454271
1.4969
0.91366
1.17955
1.203
1.55472
1.06901
1.37183
0.713926
0.9342
1.13768
0.895129
1.716
0.790828
1.26896
1.15571
0.952857
0.788938
1.46054
1.04826
1.28483
0.84618
0.243958
1.716
1.10809
0.994939
0.373083
0.707754
0.868392
0.837494
1.04411
0.988555
0.347907
0.455916
1.40236
0.362138
1.23035
0.610097
0.852126
0.735357
1.52494
1.3986
1.63734
1.28802
1.21058
0.219263
1.06628
0.585528
1.59735
1.2215
0.655336
1.39795
1.40047
0.862938
0.969043
0.772234
1.63533
1.716
1.07396
0.85848
1.27567
0.832874
0.654259
1.06294
1.04334
0.924867
1.69122
1.03736
1.22832
0.947481
1.62524
0.817845
1.25897
0.659276
0.59413
1.31408
1.51786
1.03749
0.367719
1.18005
0.607535
0.9766
1.04888
1.50778
1.50122
0.987258
1.15466
1.39768
0.833387
1.20222
1.716
0.80837
1.43007
1.22014
1.12072
1.15375
1.038
0.535191
1.23547
1.1672
1.36082
1.6921
0.445361
0.859806
0.806404
0.904597
0.671506
0.671222
1.31094
0.410286
0.763392
0.80077
1.59532
1.33388
0.598587
0.875986
1.04734
1.716
0.696449
1.02102
0.783291
0.984729
1.28857
1.12702
0.742462
1.44697
0.684152
1.07718
0.344523
1.08906
1.05876
0.931202
0.698881
1.21108
1.22045
1.716
1.31891
1.13573
0.714875
0.767475
1.19068
0.940754
0.760864
1.15321
1.22978
0.779334
1.06247
0.98034
1.34041
1.02996
1.43718
1.38349
0.535667
0.609572
1.69755
1.27291
1.05635
1.12122
0.753028
1.32141
0.860059
1.23707
1.05758
1.60302
1.4922
0.726195
1.47147
1.25865
1.09481
0.684189
1.01417
1.11537
1.57867
1.09209
0.856681
1.716
1.4372
0.871426
1.52479
0.832159
0.667296
1.66362
1.12301
1.16403
0.893313
0.904921
0.68008
1.716
1.09411
1.716
1.22592
0.866959
1.40616
0.895713
1.16967
0.646856
1.10265
0.575994
1.09845
0.958286
1.716
1.13605
0.277685
1.24488
1.17807
1.57634
1.10646
1.13567
0.937792
1.18975
0.881258
0.799361
0.585539
1.17336
0.71371
0.828978
1.33997
0.742301
0.9613
0.570937
0.566957
1.716
0.81444
1.14881
1.60606
1.16499
1.716
1.20978
1.3203
1.34735
1.37426
1.4
0.900449
1.17174
1.31764
0.867692
0.920474
1.60673
1.55359
1.5331
1.716
0.884573
1.16065
0.999607
1.21249
1.716
0.553408
1.29664
0.972936
0.649041
1.56865
1.22517
1.15687
1.11942
1.44721
1.54138
1.68259
0.94138
0.356878
0.792213
0.967682
1.67695
0.984894
0.722351
1.49695
1.01444
1.03835
1.29019
1.16676
0.90806
1.22407
1.36766
1.01845
0.701029
0.818605
0.859523
0.968404
0.701705
0.682567
0.843037
1.07471
0.0818014
1.22017
1.18663
0.334475
0.579637
1.26012
1.33913
0.820871
1.1076
0.631179
1.13554
1.0755
1.716
1.716
0.884801
1.17026
0.706002
1.59443
0.901033
0.932482
1.27045
0.957762
1.00928
0.904226
1.073
1.716
1.716
0.702113
1.40542
1.716
0.689947
0.907545
0.599313
0.697663
1.5429
1.17507
1.45057
0.228646
0.191088
0.486887
0.879236
0.964556
1.59114
0.914373
1.62531
1.34668
0.674473
1.21468
0.831934
1.03892
1.55803
1.30541
1.35322
0.738709
0.934747
0.993314
0.97777
1.20918
1.22471
0.733675
1.02154
1.26444
0.360803
1.03441
1.30636
1.37659
0.919449
1.3401
0.843777
0.52429
1.20761
0.876235
1.41408
1.19607
1.716
0.98687
0.792946
1.06931
1.39081
0.978113
1.26709
1.12657
0.747754
0.713802
1.04331
1.02709
0.368172
1.13581
0.926534
0.790604
0.541658
0.800892
1.02156
1.64664
1.07359
0.811994
1.0343
0.630495
1.4446
1.21085
0.791206
0.735327
0.728138
1.52188
1.33078
1.16279
1.12122
1.30831
0.88118
0.776504
1.04115
1.19379
-0.0151866
0.774621
0.973557
1.35838
0.84643
0.831773
1.12538
1.47842
1.54296
1.47489
1.716
1.31427
1.25662
0.692296
0.837762
1.53616
1.49894
0.702735
1.4778
0.927794
1.19658
0.75758
0.741118
1.16493
0.982534
1.07599
0.87485
1.20739
0.683244
0.712606
1.13871
1.36861
1.31571
1.12084
1.65329
1.35592
1.10403
1.13248
0.807668
0.616064
0.68631
1.53214
0.979651
0.965197
1.13324
1.6842
1.68576
0.741597
0.861565
1.70786
0.718964
0.85321
1.35589
1.0735
1.50315
0.726559
0.536239
1.23825
0.855244
0.735243
1.04941
0.772773
1.27866
1.52443
0.503476
1.02366
1.09603
1.51935
0.974393
0.584562
0.789037
1.18886
0.633237
1.39885
1.44329
1.47633
1.30355
1.33034
1.02639
0.916125
0.793048
0.97145
1.2135
0.830211
0.746756
0.395623
1.00656
0.483351
1.04445
1.61824
1.6236
0.703302
0.87678
0.955958
0.141658
0.77044
0.822375
1.06088
1.47638
0.659707
1.21518
1.131
0.867878
0.940076
0.790834
0.755583
1.30687
1.18693
0.974442
1.31196
0.839983
1.6173
0.80318
1.03851
0.946359
1.04197
0.948511
0.156123
0.787931
0.971561
0.916189
0.855593
0.334254
1.4626
0.379645
0.922607
1.34019
1.15865
1.54996
0.468944
0.629586
0.414038
1.24606
0.609054
1.716
1.05407
1.50735
0.627644
0.749728
0.859273
0.544877
1.66806
0.839619
0.902506
1.10334
1.6353
1.62275
1.716
1.5277
0.664327
1.42816
0.810124
0.490016
1.05931
0.760024
0.69179
0.819872
1.09212
1.03322
1.0098
0.683108
1.21335
0.672215
1.00265
1.04958
1.52322
0.950695
1.26798
1.09722
1.28324
1.33571
0.990251
1.716
1.5327
0.400584
0.740115
1.0294
1.01153
1.09667
1.33077
0.779747
0.94592
1.56571
1.716
0.952991
1.1778
1.716
1.48222
1.17542
0.898853
0.624977
1.09439
1.45152
0.941314
1.2858
1.60241
0.62203
1.716
0.363177
0.957131
1.716
0.927803
0.981224
1.40672
1.08578
1.15706
1.41494
0.694419
1.0481
0.688458
0.929108
0.57911
0.464177
1.02873
1.48593
0.495207
1.55303
1.33547
0.996224
0.656583
1.15794
0.995679
0.860406
0.569381
1.17261
1.4224
0.957131
1.3331
0.767793
0.689022
0.735747
1.716
1.61315
1.45241
1.21821
1.0122
1.36095
1.11028
0.95905
1.33987
0.192194
0.947728
0.518047
0.487275
0.49202
0.772754
1.26437
1.37277
1.06645
1.06357
0.975557
0.730371
1.06448
1.6363
0.870238
0.897058
1.716
0.973245
0.812349
0.933613
0.597917
0.601548
1.46614
1.01481
1.70824
0.962082
0.914044
1.06022
1.03442
0.791515
0.735747
0.529637
1.28298
1.44193
1.46354
0.704317
1.58335
0.529492
1.716
0.898436
0.418646
1.04613
0.886177
0.522771
1.4364
0.655852
1.04814
0.359429
1.04824
0.962777
1.13716
1.47886
0.739485
1.27771
1.36069
1.23727
1.00753
0.959524
0.887625
1.23776
1.38588
0.998658
0.943025
0.908031
0.743124
0.923703
1.70583
1.09161
0.44255
1.39662
1.42148
0.856157
1.02595
1.06498
1.3706
0.835992
1.66116
1.32698
0.851658
1.61069
0.723087
1.716
1.716
1.43979
1.27384
1.31584
0.220059
0.926251
0.876395
1.44051
1.17699
1.53761
0.449081
1.04283
1.30341
1.49832
1.09003
1.14817
1.25549
1.06999
1.28144
1.45275
1.42771
0.990559
0.837133
0.753097
0.827153
1.06123
0.672641
1.13713
1.32934
0.678203
0.898915
0.809047
1.2488
0.159821
1.33132
1.28794
1.14694
0.892057
1.31164
0.970874
1.21077
0.992362
0.963925
0.926314
0.620359
1.47727
1.3221
0.899631
0.997783
0.356023
1.11587
0.121605
1.04472
1.168
0.860975
1.05768
0.997449
0.906402
0.996765
1.01476
1.716
1.01047
0.552409
1.04517
0.958892
1.04008
1.17776
1.15441
0.551703
0.224003
1.16635
1.1933
0.768096
1.50712
0.967142
1.2102
1.15828
0.830863
1.15584
1.1255
1.18696
1.39423
0.412644
0.976961
1.13641
1.57441
0.732571
1.03164
1.33715
1.56694
0.99544
1.53964
1.69668
1.27042
0.656359
1.00885
1.716
0.927338
1.07427
0.516698
0.806028
0.65845
0.864062
1.56068
1.03408
1.04844
1.58257
0.895586
1.21758
1.5416
1.70017
0.769453
0.624175
1.08048
1.42131
0.577215
0.767604
0.485964
1.20975
1.53693
0.843525
0.751798
0.744989
1.07295
1.03326
1.41438
0.365015
1.29776
0.875243
0.822063
0.975781
1.1629
1.37542
1.07287
1.11058
1.67831
0.978704
1.53545
0.965095
1.0218
0.778352
1.1214
0.998032
1.3011
1.11082
1.4508
0.950261
1.06178
1.31472
1.07717
1.16779
0.371338
1.19171
0.621132
0.420575
1.56214
1.16127
1.57462
1.09483
0.46872
1.33132
0.801871
1.05998
1.55662
0.646662
1.28585
0.993398
0.849856
1.11361
1.28731
0.273234
1.716
1.10237
1.14013
0.635528
0.599509
1.48385
1.01634
0.508887
1.17271
1.1698
1.33295
0.996451
0.838373
0.805228
1.24423
0.951808
1.24631
1.28148
0.87602
0.443019
1.36232
0.950201
1.716
1.43167
0.442943
0.323268
1.38443
0.848517
0.559444
0.766715
1.38312
1.46968
0.651604
1.716
0.766517
0.832946
1.26334
1.26585
1.00784
0.861134
1.5038
1.05965
1.16034
0.265799
1.31831
1.06402
0.27218
0.961583
1.47717
0.958417
1.28137
0.886395
1.22337
1.18366
1.47753
0.571394
0.64859
1.56409
1.21937
1.05917
1.65908
1.42891
1.128
1.4492
0.412473
1.39118
1.38815
1.15707
0.907197
0.617665
1.61429
1.18123
1.46105
1.31232
0.998408
0.733131
0.998829
1.07105
1.34688
1.31677
1.02955
1.20738
1.00426
0.876696
0.953468
0.813399
1.716
0.385309
1.5332
1.54634
1.32954
1.15734
1.64769
1.50464
1.48742
0.509774
0.881955
1.53944
0.790201
1.10743
1.52296
1.27683
1.21111
1.24809
1.716
1.70005
1.65703
0.808495
1.716
0.622601
1.15095
1.0577
1.46228
1.3676
1.18498
1.0052
0.974629
0.990965
1.05215
0.772316
0.861861
1.62483
1.23582
0.793317
0.709554
0.648987
0.992005
0.990483
0.605585
0.55832
0.904989
1.11007
1.1104
1.02577
0.716174
1.28613
1.17591
0.693886
0.835724
1.23143
1.18399
1.56582
1.26936
1.09387
1.716
0.281563
0.576516
0.872376
1.26382
0.989701
1.16632
1.09246
1.46495
1.02326
0.769469
1.65344
1.22648
1.28214
0.807043
1.00804
1.59054
1.44103
1.27922
0.975774
1.716
1.21254
0.874954
1.3654
0.717422
1.4383
1.37873
1.29432
1.40088
1.20469
1.716
0.26754
1.4532
0.67709
0.919044
0.793918
1.2889
1.26347
0.870792
0.946082
1.07297
0.975019
1.05651
1.00907
1.43552
1.24508
0.899813
1.53525
0.486013
1.716
1.26358
1.35202
1.716
1.14288
0.906505
1.08938
1.44356
0.99118
1.42645
1.02178
1.55527
0.740235
0.743738
1.51647
1.39894
1.0766
1.47384
1.39191
1.1125
1.27065
0.888513
0.556987
1.716
0.775917
1.36226
1.15335
0.422864
1.33743
1.41428
1.41328
1.0444
1.51507
1.716
1.39243
1.15921
1.50453
0.996222
0.636311
1.51056
1.1586
1.37622
1.62207
0.382726
1.18217
1.56755
1.13844
0.829825
1.716
1.716
1.66431
1.18507
0.443605
1.32281
0.807653
1.0501
1.10371
1.00404
1.56229
1.68034
0.810144
1.35714
1.28466
1.44961
1.22887
0.802603
1.31108
0.821414
0.845294
0.636039
1.47794
0.311008
1.13933
1.05197
1.36985
0.523869
1.04622
1.16116
1.6642
1.43465
0.74091
0.420035
0.756907
0.334212
1.10156
1.02709
0.823673
1.16531
1.30143
0.602973
0.932237
1.45576
0.810315
1.16136
0.822667
0.955017
0.808989
1.2163
1.13674
1.716
1.35299
0.43564
0.916237
0.973819
0.971434
1.716
0.953974
0.340499
0.702587
1.089
0.904716
1.28699
0.472961
0.791377
1.66173
1.11607
1.32749
1.28041
1.2091
1.63216
1.33408
1.25666
1.19992
0.831005
0.750987
1.39085
0.875871
1.716
0.829168
1.08281
1.19939
1.14264
1.48222
1.27697
0.921798
0.985082
1.16937
1.06611
0.707111
0.71929
1.32064
0.973554
0.818049
1.11971
1.37557
0.53866
0.704698
1.64518
1.37631
0.94596
1.25166
1.56984
1.68025
1.18056
1.20843
1.16829
1.23703
0.628985
1.40464
1.49338
1.16674
1.31134
1.02688
0.365289
1.06092
1.56015
0.859244
1.29803
1.716
1.48319
0.680171
1.15956
0.977414
0.177944
0.68253
1.29567
0.824476
1.39264
1.2925
1.09936
1.41174
1.716
0.617185
1.03355
0.595958
1.05998
1.09758
1.68062
0.366717
1.46717
0.920788
0.58539
0.819524
0.801228
0.656915
0.321875
0.710153
1.11764
0.956163
0.953059
1.13404
1.59164
0.932633
0.892768
1.25936
0.934223
1.1704
1.00532
1.10756
0.998002
0.623945
1.10584
0.927713
0.419947
0.735677
0.179775
1.40612
1.16053
1.44868
1.19289
0.628337
0.593775
0.951028
0.813098
0.896457
1.62373
1.02828
1.15486
0.609542
1.02917
1.28143
1.36586
0.923159
0.999869
1.17452
1.45259
1.02837
1.10018
0.968836
0.880043
1.10877
0.361361
0.865859
1.38793
1.29215
1.47576
1.27517
1.15452
0.946569
1.19762
0.929234
0.620495
1.19451
0.817193
0.409286
0.912484
0.872976
1.06247
0.668536
0.868278
1.16499
0.88845
1.14994
0.299605
1.53496
1.45883
0.942653
1.716
0.915394
1.49021
1.50918
1.39811
0.707006
0.991733
0.795244
1.54217
1.49049
0.824549
1.38105
0.848355
0.212955
0.682885
0.612016
0.572791
0.835167
0.88094
1.46218
0.882095
1.716
0.607675
1.2465
1.36054
1.3388
1.01139
1.36077
0.619367
1.15965
0.702772
0.45089
0.55025
0.540176
0.766889
1.22346
1.13306
1.42007
0.968872
1.39441
0.781644
1.54133
0.933029
1.02772
1.22172
0.421477
0.698873
0.8628
0.968491
0.776066
1.11035
1.21779
0.972312
1.716
1.23819
1.02519
0.770698
0.518127
1.6426
1.05009
0.940479
1.304
1.1543
1.28396
1.28969
1.41762
0.966597
1.64628
0.243778
0.547507
1.07805
0.935035
1.36697
1.03711
0.753369
1.43539
0.58889
1.53973
0.756299
1.68788
0.720656
1.34995
1.13018
1.393
0.879751
0.76119
1.69238
0.576447
1.15007
0.741138
1.11544
1.60125
1.60661
1.00811
0.832596
0.586747
1.41321
1.38768
1.16542
1.37962
1.4233
0.535107
0.577315
1.48727
1.12255
1.13298
1.28967
0.788379
1.14027
1.11794
0.791199
1.33562
1.27263
1.40991
0.920914
1.11988
1.29318
1.62288
1.24966
0.263702
1.14262
0.872246
1.16621
0.574815
0.612473
0.946508
1.0343
1.04249
0.693248
0.730009
1.52069
1.30537
0.672268
1.34793
0.894685
1.39027
1.22974
1.3344
1.53965
1.47211
0.597555
1.04193
0.295565
0.646685
0.804215
0.723645
1.28802
1.32497
1.48997
1.16009
1.716
1.16253
0.632894
0.728715
0.818003
1.0742
1.27681
1.04164
1.21004
1.01722
0.894759
1.43307
1.19544
1.30212
1.7048
0.198577
0.451262
1.47151
0.874227
1.12067
0.710373
0.473264
0.631132
1.39232
1.43096
0.639956
1.1411
1.25204
0.623987
1.19627
1.716
0.700172
0.382201
0.300669
0.329659
1.19798
1.30309
1.4407
1.34574
1.13058
1.21246
0.906887
1.53252
0.992032
0.268106
0.698644
1.098
1.35542
1.49921
0.724649
1.05066
0.822729
1.09411
1.32535
1.09853
0.821117
0.86721
1.68564
1.24384
1.15013
0.924787
1.57085
1.14094
1.31381
1.30207
1.03835
1.02341
0.410504
1.60937
0.593579
0.599483
1.29162
0.931792
1.716
0.936712
1.42632
0.989451
1.54384
1.02245
1.41335
1.31072
1.54146
1.40782
1.02453
1.12935
0.693137
1.47464
1.716
1.716
0.771659
0.784117
1.08442
0.959594
0.949102
1.42359
0.471013
0.597677
1.00653
0.974771
0.826353
1.20334
0.77162
1.082
0.459991
1.53605
1.05525
1.33884
0.851771
1.39247
0.956052
0.693728
0.968361
0.990075
0.8406
0.820412
0.69786
1.3915
1.0865
1.434
0.253077
0.68163
0.722713
0.893275
0.350819
1.716
0.461304
1.21747
1.04502
1.38668
0.917409
1.23058
1.06289
0.999617
1.18558
0.701055
0.927299
0.463039
1.5588
1.21174
1.44894
0.906112
0.897025
1.21324
0.817728
1.1189
1.48756
0.978084
1.30093
1.15579
0.752829
1.22485
1.04943
1.716
1.19639
1.01521
1.07269
1.05731
1.67722
0.891735
0.720103
0.521199
1.05893
0.38449
0.597682
1.18162
0.517922
0.713109
0.666798
0.799313
0.628336
0.961873
0.992544
0.569326
0.611628
0.924631
0.916285
0.466199
0.79353
0.89032
0.742979
1.14844
0.912206
0.94991
1.41738
0.691778
0.894365
1.51649
1.716
1.32592
1.51628
1.41532
0.945246
0.782039
1.716
1.07546
1.10236
0.779249
1.6705
1.5867
0.961362
0.552394
0.88704
1.26929
0.850112
0.959029
0.733145
1.2581
1.32485
1.0352
0.727513
0.821332
0.893299
1.47804
1.35062
0.744558
0.409426
0.423475
1.716
1.43961
1.34242
1.16183
1.46232
1.25375
0.589947
1.48543
1.07451
0.573311
0.75468
0.946305
0.926795
0.419378
0.907602
0.6858
0.308433
1.00392
1.15476
1.0796
0.848189
1.09305
0.985936
0.954248
1.52826
1.11777
1.23802
1.41529
1.30239
1.10168
0.382044
1.716
1.31771
1.35558
1.38258
1.04221
1.50797
0.855574
0.984621
1.1543
1.37398
0.931627
0.506261
1.06316
1.17051
0.907343
0.690037
0.927003
1.37291
0.784878
0.92394
1.22557
1.27477
1.31165
1.59071
1.12498
0.700681
1.10626
0.560555
0.464164
0.621041
1.03742
1.04089
1.4581
1.716
1.30204
0.788707
0.858552
1.20245
1.0996
0.637246
0.373186
1.49368
0.725167
1.4361
0.716057
0.47682
0.874239
0.58029
1.716
0.675653
0.558386
1.48173
1.09587
0.439457
1.17781
1.716
0.82168
1.13603
1.1304
1.0968
1.20808
1.19753
0.850415
1.28166
0.75365
1.27348
0.700124
1.19686
0.296258
1.12703
1.68814
0.859353
0.456062
1.07861
1.69454
0.59241
1.01026
1.00226
0.67947
1.35721
0.940079
1.03545
0.606237
1.1954
0.872428
1.41714
0.577708
0.856504
0.789317
0.676132
1.25868
1.09371
0.942203
1.27084
0.765526
1.45186
1.35577
1.1602
1.58746
0.598004
1.41178
0.662886
0.888911
1.57429
1.34812
1.60645
1.44945
1.22656
1.44742
0.870022
1.28454
0.811339
1.36837
0.550974
0.899994
0.875102
0.851046
1.08812
0.446757
1.07483
0.493891
1.09333
0.693213
0.915213
1.00093
1.3306
0.981824
0.911644
0.753492
1.41527
1.2304
1.716
0.922569
1.46547
1.00268
0.80424
0.600545
0.791715
1.44477
0.891745
1.123
1.0605
1.49222
0.842626
0.884371
0.962076
0.815685
1.63718
1.0358
1.32161
0.833195
1.0892
1.30537
0.873897
1.04737
0.583058
1.35195
1.1929
1.64487
1.6545
-0.0767935
0.262084
1.0876
1.41709
0.998939
1.4241
1.61506
0.342819
1.28451
1.20574
0.865258
1.40374
0.65628
1.20684
0.996154
1.70405
1.15069
0.684244
0.903555
1.29056
1.46989
1.716
1.46178
1.08336
1.28516
0.774216
1.716
1.24228
0.930474
0.709322
0.501407
1.27033
1.09624
1.54495
0.71922
1.3627
0.776247
1.01047
1.57747
1.54144
1.716
1.29841
1.45109
1.62671
0.254085
0.619833
1.01126
1.25137
1.35199
1.04581
0.110023
0.981177
0.399064
0.646621
0.994055
0.972219
1.10313
1.27224
1.16699
0.94216
0.827347
1.70468
0.464445
1.36296
0.711144
0.652794
0.961706
0.952877
1.55555
0.685245
1.04931
0.4662
0.0712362
1.68551
1.41475
0.234886
1.716
0.98349
1.37333
1.1571
1.57552
1.716
1.70725
1.19444
0.340285
0.760701
1.34367
1.11523
0.883516
0.952808
1.02171
1.38039
0.186787
0.734917
0.876289
1.20818
1.04376
0.599038
0.969733
0.680253
1.25879
1.35495
0.829342
1.18048
0.949085
1.45797
0.955206
1.03752
1.15875
1.21915
1.716
1.716
1.18498
1.09938
1.50806
1.15851
0.733716
0.865855
0.937632
1.12858
1.236
1.6408
0.489145
1.08358
1.716
0.990942
1.716
0.806452
1.59643
1.20363
1.24516
0.251126
0.68701
0.700303
1.10957
0.939217
0.711781
1.24343
1.44896
1.22367
1.38147
1.1956
1.15696
1.42865
1.5609
0.839066
1.11062
0.719161
1.30992
0.583539
1.13422
1.66673
1.42834
1.29829
1.15535
1.65097
1.50503
0.895395
0.377682
1.71179
0.667205
0.97352
1.18975
1.09135
0.966755
1.1145
0.984583
1.04848
1.05558
1.56821
1.21274
0.833158
0.957813
1.66528
1.00172
0.811711
1.20593
0.811339
1.28561
1.6965
0.775476
1.35824
1.35872
0.941039
1.26296
1.39049
1.54716
0.202895
0.92758
0.47907
1.37534
0.423225
1.19951
1.03083
1.32965
0.361716
0.849203
1.30777
0.740206
0.550106
0.546532
1.00527
1.25161
1.63808
0.904028
1.41932
0.481054
1.26581
0.943404
1.17186
0.990159
0.728671
1.716
0.937841
1.70992
1.27118
1.12491
0.88686
1.38284
1.56463
1.15861
0.539307
0.488071
0.810521
0.604527
0.995414
0.82556
1.41348
1.57452
0.876483
1.14321
1.47764
0.901003
1.55569
1.23488
0.973769
1.69447
0.767497
0.413453
0.156616
1.05215
1.13422
0.739877
0.656714
1.10786
1.27145
1.16746
1.32581
1.35202
0.76439
0.953166
1.32742
0.798046
1.35848
1.12729
1.04648
0.480396
1.716
0.878824
1.53561
1.07946
1.57154
1.18828
1.00856
1.716
1.27005
0.729596
1.51519
1.00452
0.29246
0.85
1.716
1.1073
0.703952
1.08657
1.04594
0.736296
1.03263
0.979989
0.901597
1.07866
1.02675
0.997201
0.393626
1.20987
0.978906
0.796592
1.15813
0.950003
0.760337
1.51963
0.6654
1.716
0.584883
1.44292
1.35585
1.58801
1.26139
0.678376
1.69796
1.31667
1.04938
0.961055
1.42966
1.62873
0.948564
1.19043
1.15983
1.67603
1.38195
0.640635
0.797669
1.27733
0.880997
1.14807
0.763391
0.715342
1.64912
1.24793
1.61751
1.40421
1.06212
0.590417
0.742637
1.46551
1.51096
1.60019
1.58216
-0.0760696
1.1197
1.35617
1.29985
0.90679
1.40275
1.29376
0.584688
1.03987
0.930818
0.440951
1.00459
0.975122
1.38755
0.846157
1.06226
1.07756
1.34408
1.37616
1.5263
1.50145
1.05423
1.41314
0.202799
1.25032
1.60994
1.14257
1.16233
1.06776
1.10722
1.68324
0.881426
1.00738
1.5789
1.02232
0.873983
0.341517
0.369127
1.63812
0.727671
1.42993
0.700136
0.994724
1.29284
0.504723
0.824721
0.738293
1.40498
1.23058
1.3215
1.41048
1.22325
0.300467
1.28476
1.12293
1.30179
0.509779
1.57556
0.657386
1.40068
0.646212
1.52415
0.854652
1.05007
1.39652
1.60094
1.19373
0.819836
1.11842
0.654078
1.0668
0.619843
0.900771
1.46447
0.588515
1.42853
1.02094
1.07956
1.11728
1.18954
0.699947
1.3077
0.570152
1.42193
1.59034
0.838926
0.954513
0.486239
1.37997
0.9967
0.930957
0.666547
1.21418
0.934402
1.49372
1.28414
1.716
0.672434
1.04129
0.450658
0.727251
0.776833
0.767649
1.19469
1.0853
0.511561
1.58678
1.24898
1.10379
0.793584
1.44087
1.716
0.950107
0.934406
1.1322
0.373113
1.13167
1.716
1.37963
0.543618
1.716
1.28842
1.45807
0.582674
0.731719
1.716
1.07685
1.32989
0.623189
1.35289
1.21511
1.716
1.33965
1.36353
1.02692
0.956694
1.20109
1.37163
0.678912
1.23722
1.37291
1.57757
1.1577
0.620819
0.480557
0.447612
1.5023
1.02466
1.569
0.808378
0.759323
1.38572
1.36311
0.913198
1.2367
0.750427
1.3398
1.26606
1.01275
1.60965
1.42144
1.00137
0.522689
0.800301
1.13824
0.933977
0.913304
1.15023
0.734503
1.13701
0.504397
1.4115
0.220935
1.32806
1.40369
0.92559
1.08289
1.20633
0.99673
1.16667
1.29135
0.727318
0.683656
1.2657
1.01999
0.709741
1.63665
1.48773
1.34648
1.07684
