0
5000
0
0
0
0
0
0
0
0
0
0
0
0
0
2.16392e+08
0
1500
0
0
0
0
0
0
0
0
0
0
0
2700
0
0
0
600
0
15500
0
0
100
0
100
0
2100
4500
0
0
0
700
0
0
0
5700
0
0
0
0
0
0
0
0
0
0
0
0
0
0
0
0
0
0
0
0
0
4.7372e+06
0
17300
498900
100
0
2200
0
0
0
0
0
0
0
0
0
0
0
700
0
0
1700
0
0
0
0
0
0
0
22200
0
104400
0
0
600
100
0
0
0
100
0
3400
0
0
0
0
0
200
2100
0
0
0
100
0
0
0
0
100
400
0
850600
32800
200
0
0
0
43500
0
1200
0
2100
61100
0
0
8800
0
0
0
0
0
300
0
200
100
1500
0
0
631400
0
0
0
400
0
1200
0
0
0
0
1000
4300
0
0
4000
0
0
19300
4500
0
0
0
0
0
8600
0
1600
16300
0
800
0
0
0
0
0
0
0
0
0
0
0
873900
0
0
0
0
0
1900
0
134000
2.62305e+07
100
0
0
0
0
0
0
0
1000
0
0
0
0
0
0
0
828200
0
0
0
4.87943e+07
0
0
0
0
0
0
8200
4800
1700
0
0
0
0
0
1.73076e+07
6.8387e+06
0
0
0
0
0
0
1.05537e+07
0
0
0
0
0
0
300
2400
1500
0
0
0
0
0
0
0
0
0
1.905e+08
0
0
0
0
100
0
2.0095e+06
0
0
0
0
0
0
0
0
300
0
0
0
0
100
0
0
0
0
200
0
0
0
0
0
0
600
1800
0
0
9400
0
0
0
0
0
0
700
0
13600
0
0
700
100
291400
18400
0
0
400
0
0
1.9077e+06
0
0
0
0
0
0
200
0
0
0
0
1.1177e+06
3200
0
0
0
100
300
0
0
2.0761e+06
0
0
0
0
3500
0
0
0
0
0
0
0
0
1100
0
0
107300
41100
0
0
0
0
35900
0
200
100
0
0
0
0
0
0
0
48200
0
6.15252e+07
0
0
0
0
14100
0
0
0
0
0
0
0
0
0
0
0
6.8344e+06
0
3100
0
0
1300
50300
0
600
0
0
0
0
0
0
0
7.30693e+09
4200
0
0
0
200
0
0
0
0
0
0
0
0
18300
27300
1400
100
0
8700
200
300
2200
0
0
0
1800
0
9300
0
3500
2.26387e+07
5300
0
0
100
0
0
8.2042e+06
0
4.73016e+08
0
0
0
0
0
300
0
0
400
0
322700
0
0
0
0
0
0
0
42100
400
0
0
0
0
52500
0
0
178200
100
0
100
0
0
600
0
0
125200
0
0
0
0
0
0
0
0
100
0
0
17700
0
0
611600
0
0
1200
0
637300
0
0
0
0
0
0
100
0
0
1200
0
0
300
0
0
0
0
0
3600
67500
0
0
0
17200
100
55900
0
0
0
0
0
300
0
300
0
700
0
0
0
0
0
300
18500
0
0
0
500
0
0
0
21300
2.27245e+08
0
0
0
0
3500
0
700
1.35697e+07
0
0
0
0
0
0
0
0
0
0
0
0
0
0
100
0
100
200
0
0
0
1.4611e+06
0
0
0
10700
0
3.41869e+07
0
0
0
0
100
0
0
0
0
0
0
0
200
6400
0
0
0
400
1500
0
4.54798e+07
5.2965e+06
0
7200
44100
0
0
0
0
0
700
0
0
4100
41100
0
400
7000
500
3500
0
100
0
0
322800
0
1500
0
0
0
0
0
0
0
1.0715e+06
0
800
0
7.73302e+07
0
117900
400
0
0
0
5900
398900
0
0
400
200
0
0
0
33200
0
0
0
3300
230600
5.2523e+06
100
0
0
2100
0
229600
0
0
0
0
0
2.3802e+07
100
0
0
900
0
0
2.45002e+07
0
0
0
300
0
0
0
0
0
0
0
0
0
0
0
0
1000
0
0
15600
0
0
0
0
0
12100
0
0
0
100
0
0
400
100
0
3400
400
0
0
100
0
0
0
400
1.1653e+08
0
0
0
0
0
100
23000
5600
0
35100
0
0
0
0
0
900
0
0
0
0
0
0
0
3000
0
0
0
0
200
0
0
0
3300
0
7.9861e+06
1200
0
0
0
4300
0
0
1300
0
0
0
100
0
0
1000
0
0
0
0
0
700
0
0
0
0
0
0
100
1200
0
320600
100
12000
0
945600
0
5900
0
0
0
0
3.98e+06
0
0
0
1900
0
0
0
0
0
900
0
0
0
0
0
0
0
0
0
0
1400
300
172100
0
0
0
0
200
0
8500
0
64800
0
0
0
0
0
1.3927e+06
0
0
0
5.09515e+07
0
0
0
0
0
0
0
0
0
0
0
0
0
0
0
0
0
400
2.32553e+07
59000
0
2500
0
0
0
0
0
0
0
100
0
0
0
0
0
0
0
200
0
0
1.6705e+06
0
3000
900
0
100
0
200
0
0
0
0
0
0
0
0
0
0
0
500
0
0
0
100
204600
0
0
0
0
100
0
0
0
1200
0
0
2.64781e+07
200
0
100
700
0
0
0
0
0
0
200
200
300
0
0
0
0
0
0
0
0
0
0
0
0
0
163100
25400
37000
290400
0
200
9.49439e+07
0
0
2400
0
0
3.30509e+07
5500
0
7.92294e+07
0
0
1.32592e+09
0
2900
4.72352e+09
0
0
0
0
0
0
0
300
0
53100
0
0
100
100
0
0
0
0
4.2332e+06
0
0
0
0
0
0
300
0
0
0
0
11100
0
0
19600
0
0
0
0
0
0
3.38063e+09
26800
0
1.42823e+12
0
882000
0
0
0
0
0
0
434000
0
0
0
0
3200
0
100
0
300
0
900
0
100
0
1800
10200
1.59355e+07
1.77269e+08
21000
13500
0
0
0
0
0
0
0
0
0
100
1.18292e+07
0
2.6996e+06
2.46068e+07
0
700
0
0
0
0
0
0
0
2.9252e+06
0
0
15700
0
0
0
0
0
10500
0
400
900
5100
0
3000
4.46999e+08
0
0
0
1600
6600
16700
200
0
0
814200
0
300
0
0
1300
0
0
0
187800
0
0
200
0
0
1.20793e+07
0
0
100
0
0
0
4500
0
1.11151e+07
0
0
0
0
0
0
0
0
0
38600
0
1100
97500
0
0
41600
0
0
0
100
450900
0
0
0
0
8500
0
200
0
0
19000
0
1.31505e+07
0
0
0
0
0
6.95753e+07
3.70402e+07
0
200
0
700
0
19100
0
0
1600
1600
3600
2.54293e+09
0
500
700
0
656100
700
0
0
0
0
0
0
0
0
346800
800
300
0
0
0
200
100
100
0
100
6.42422e+08
0
4.07504e+08
200
0
1100
3500
0
0
0
0
300
0
0
40400
0
0
0
0
3800
0
0
5100
592600
0
137000
0
0
0
0
500
0
0
360200
2700
9600
4100
0
0
428300
0
100
0
0
0
100
19600
0
5.69736e+07
0
0
0
0
0
0
0
100
0
0
0
0
0
0
16600
0
0
28400
114100
200
0
100
0
0
4.9979e+06
0
700
4700
0
0
0
0
0
57700
100
0
0
5200
400
0
0
0
0
200
0
0
0
0
0
0
0
281000
0
0
0
0
265500
0
0
2100
0
0
0
0
0
8.93631e+07
100
0
4800
0
0
1.92126e+08
0
0
0
0
0
1000
400
329900
453600
0
100
0
10700
0
0
1000
800
100
0
0
0
300
0
0
247500
0
17300
0
1100
7000
0
0
0
300
0
0
5400
4.3825e+06
1.2215e+06
0
0
0
356700
0
100
0
0
0
639800
400
0
0
0
0
0
0
0
44800
0
0
800
2800
0
7.86998e+07
0
0
0
0
0
0
0
1.19408e+08
0
3100
0
15500
0
0
0
200
0
21100
0
69400
4.0774e+06
15600
373000
0
0
0
0
0
0
0
0
0
0
0
0
0
0
600
0
200
1.5268e+06
12600
0
0
0
0
0
1100
0
0
100
0
0
0
0
279800
0
0
0
158600
0
0
0
0
0
0
2.763e+08
6900
0
1.9008e+06
400
0
0
3900
0
0
0
3400
32900
0
16700
0
0
1.50047e+09
163200
100
0
0
0
0
6900
0
1200
0
0
0
0
0
0
0
0
400
713900
0
0
0
312700
0
2200
0
0
3500
3000
0
0
168700
0
0
400
700
1000
0
4000
0
0
4.1766e+06
100
0
0
0
106200
9.3194e+06
0
0
3800
92400
0
0
0
0
0
100
1700
0
0
0
0
13100
0
7.85027e+07
400000
455100
0
23500
0
84000
0
133200
0
0
1.1953e+07
0
0
0
0
0
2500
0
100
1.446e+06
0
800
0
0
0
0
0
100
0
8.8454e+06
700
0
200
0
0
0
0
0
0
0
0
6.25034e+09
1600
0
0
0
0
8.5396e+06
0
0
0
0
0
0
0
0
0
263200
0
700
0
12200
700
39400
1.9969e+06
0
0
4.55e+06
0
1400
0
1000
0
0
0
4100
0
0
0
0
0
0
0
0
1.9707e+06
0
0
300
300
3400
0
0
200
40600
0
25700
0
0
0
25200
56000
34700
6.21175e+07
2.10342e+08
0
0
0
500
0
0
100
300
0
0
0
0
0
0
0
0
100
100
0
0
0
0
100
2.45007e+07
600
0
2.033e+06
900
1000
0
0
1700
0
0
0
0
0
4800
0
100
500
259700
0
0
4900
154700
0
3.81442e+08
1.86e+08
0
700
6800
0
0
6600
0
0
0
0
0
0
500
782900
0
0
1000
0
36200
0
0
0
500
2.8203e+06
600
0
5.9392e+06
0
0
0
0
0
0
1.6564e+06
0
0
6400
14100
0
0
0
34100
0
0
0
0
0
0
0
0
0
3.9888e+06
0
0
500
17500
2.232e+06
0
0
0
500
0
0
0
0
37900
0
12600
0
0
108600
0
200
0
2.929e+06
9100
4.5958e+06
0
200
0
0
5.24707e+08
0
0
0
0
0
300
0
0
0
0
0
0
0
0
0
0
200
21200
0
0
2000
100
44000
1.5067e+06
3.57781e+07
0
0
0
69000
0
0
0
0
0
0
0
0
0
0
0
0
0
0
1.5739e+06
0
0
300
0
0
400
0
200
0
0
62300
0
0
0
294800
0
164500
500
400
0
500
0
0
0
0
0
0
195200
0
0
0
400
0
100
214100
0
0
0
0
0
100
1900
0
0
0
0
1100
2300
0
0
0
100
0
5800
0
300
0
0
0
0
13000
0
0
0
0
1.31973e+07
0
0
4.003e+06
0
0
0
100
0
0
0
55800
2500
0
0
0
1300
0
0
0
0
0
0
51700
0
0
400
0
51100
0
0
0
100
0
0
100
374600
0
0
0
0
1.4844e+06
0
0
0
0
0
3100
0
0
0
0
0
0
0
0
0
0
0
0
0
118200
0
0
200
100
0
0
0
0
100
0
0
0
0
0
46700
0
0
300
0
0
0
0
0
0
0
0
0
100
100
0
0
1900
1.2388e+06
0
0
0
0
0
0
100
0
100
0
0
0
0
0
0
0
5.7818e+06
0
0
16200
0
0
0
0
1400
300
0
0
51100
0
0
0
0
0
5.1256e+06
500
0
0
0
0
0
0
0
0
0
100
11500
174800
0
0
0
0
0
0
0
0
0
0
0
0
2300
1000
3.19317e+08
0
0
100
0
2.4076e+06
0
0
0
87600
0
2.01442e+08
0
0
0
0
0
0
0
0
0
0
300
0
0
0
0
0
18200
0
0
0
0
0
0
12600
1000
79700
0
0
0
0
300
0
0
0
0
0
0
0
0
19800
148200
100
100
0
0
0
0
0
1500
0
1.60817e+09
0
0
0
0
400
0
0
218100
0
0
200
0
0
0
0
0
0
1400
0
1.10203e+07
0
0
0
0
0
0
0
0
100
0
0
138500
500
1.6189e+06
3800
0
0
0
100
27900
0
0
86000
0
0
0
0
100
34100
0
0
0
0
219800
0
2300
0
1000
0
0
5.89303e+08
0
0
0
100
0
34000
0
0
0
0
0
900
0
0
0
0
400
4.3114e+06
1.1008e+06
0
500
30200
5500
1900
0
0
0
0
0
0
0
0
0
2.0387e+06
200
0
300
23500
12100
4400
0
0
0
0
0
70500
233800
0
3800
36300
9100
0
456800
100
9600
0
0
1400
1400
0
0
1000
900
0
0
0
0
925300
0
0
0
0
0
100
0
0
0
0
0
0
0
0
0
0
0
0
0
0
0
0
0
0
392600
1.19342e+07
4300
0
0
0
0
0
0
0
0
0
0
1500
0
0
0
0
0
200
0
0
0
0
18300
0
0
0
300
0
0
0
0
0
0
100
8800
0
0
0
0
0
884500
0
7600
0
0
0
1600
0
200
5.7584e+06
700
0
100
0
0
4600
0
100
0
4100
1400
0
0
0
0
132400
0
0
0
0
0
0
0
0
1900
360700
0
0
12900
0
0
200
0
0
0
0
200
0
0
100
0
0
6800
0
0
0
0
0
0
500
0
0
0
0
0
0
0
1.23891e+08
0
400
0
0
0
0
0
0
0
900
0
6900
0
0
0
1.01148e+11
0
300
200
0
58100
0
0
0
0
200
0
8700
500
0
0
100
0
2.50803e+07
16300
0
0
0
0
100
6.3799e+06
0
0
0
0
0
1400
1.93589e+07
209000
0
0
0
0
400
100
100
10600
14200
5800
0
0
0
0
1500
0
0
100
0
0
0
0
9900
0
0
0
0
0
0
400
0
0
0
0
0
300
0
0
17400
0
3.50051e+07
26400
0
0
0
0
0
0
18500
0
0
38900
0
1.29853e+08
200
9700
0
0
0
0
300
0
0
0
0
0
0
0
0
57400
800
0
0
2.2598e+06
600
0
0
0
0
0
0
0
0
0
0
0
0
0
0
2.34e+06
0
200
0
0
0
0
0
0
0
0
0
0
0
0
0
0
0
5.94047e+10
0
0
0
0
0
0
0
0
200
4000
0
0
600
0
3.0952e+08
100
0
2.77525e+08
1100
55900
300
0
0
0
0
0
800
0
0
10500
1600
300
0
100
0
0
0
0
2.13246e+07
0
0
200
0
700
4900
100
0
0
0
0
0
0
0
25900
100
0
0
200
0
800
363200
0
0
500
0
340400
0
0
100
13700
0
0
0
0
2100
0
355300
0
0
0
2000
0
0
3400
100
29300
0
0
157600
0
0
0
0
0
0
0
0
0
0
300
0
0
0
0
8300
0
31500
0
200
0
0
15100
0
100
0
0
0
9700
0
137700
0
0
0
0
0
385700
0
100
0
0
200
0
0
0
3100
0
8400
1700
0
0
0
0
0
0
0
800
100
0
0
200
0
3.32533e+09
2.33573e+08
0
0
0
0
0
0
0
3400
0
0
6000
0
0
0
0
0
0
244300
0
0
0
0
0
2.0373e+06
1200
100
0
100
9000
655200
500
0
0
0
0
100
0
131800
0
0
0
200
900
0
6.5833e+06
0
88400
0
0
0
0
0
0
42400
2100
0
270000
2.3325e+06
0
0
0
0
0
0
0
200
0
0
0
1800
100
0
0
100
0
5600
0
500
100
0
7500
0
0
0
0
800
3800
0
0
0
0
900
300
0
0
0
57100
0
82600
11000
0
100
0
69900
100
0
0
200
211800
0
0
100
1.4974e+06
65200
0
0
0
0
0
0
0
0
0
12200
100
0
0
0
0
200
0
0
0
600
100
0
0
0
2500
0
0
0
0
0
2300
0
0
0
0
0
0
0
100
0
1000
0
0
0
0
0
2600
0
500
0
3.58331e+09
9.6563e+06
0
3200
0
400
0
0
21600
7500
0
900
0
0
0
0
12800
0
1800
0
0
47500
0
0
0
0
0
800
0
0
0
0
4600
220900
0
59000
73600
0
0
445200
54200
200
4800
2300
900
2600
200
0
0
0
1.4301e+06
369000
0
0
0
0
0
0
0
1.74109e+08
0
0
0
0
0
0
0
0
0
100
0
100
0
2000
0
400
100
0
0
100
200
2800
0
0
0
200
1500
0
0
0
0
0
0
0
0
49600
0
0
2.07876e+07
0
0
0
37200
593500
0
0
13200
0
0
0
0
0
0
0
356000
700
0
0
0
0
0
275300
1600
0
0
0
0
0
0
0
0
0
6800
0
0
127900
0
0
400
600
0
168900
2300
1000
0
200
0
0
0
0
0
0
0
0
0
0
0
5.0774e+06
376500
0
900
0
0
26900
8800
0
0
0
200
0
0
16900
7100
0
0
0
800
0
0
800
0
0
0
0
100
0
0
0
0
0
2100
0
0
0
0
0
1100
0
14500
593800
0
0
16200
0
0
15200
9000
0
0
0
4200
1.23457e+09
0
21400
0
7100
0
100
100
0
461600
0
0
100
0
0
0
700
0
0
0
0
1.7031e+06
0
0
400
0
0
0
27400
0
0
0
8600
4000
700
212200
0
0
165200
0
0
0
5.02932e+08
18000
8500
0
0
0
0
100
0
0
0
3.44582e+07
0
79800
0
2800
300
0
0
0
0
0
0
0
0
0
0
0
2.60963e+07
200
500
3100
0
0
0
0
0
0
100
0
0
214800
0
35000
0
12700
0
0
0
0
48200
0
0
800
0
0
0
0
0
1700
0
357300
0
20900
0
0
0
0
0
200
200
373300
0
87900
0
1.34947e+07
0
0
0
600
28900
0
4.54582e+09
0
14700
2200
0
0
0
0
0
1600
200
0
0
0
0
0
0
0
0
171400
100
0
0
0
100
1800
0
100
0
0
0
0
0
0
0
0
100
0
0
0
0
0
0
5800
0
5.93555e+07
0
0
0
0
4.0354e+06
0
600
0
0
0
7200
100
0
93300
0
0
0
0
1.2551e+06
0
0
14100
0
0
100
0
0
0
0
33700
600
0
0
0
0
0
8.8851e+06
8900
47000
32500
0
0
0
0
2500
0
0
0
39800
0
0
0
0
0
0
0
600
0
0
41100
0
0
0
0
0
0
0
393200
0
0
100
0
100
6.6956e+06
0
1400
0
0
0
100
1.0437e+06
0
0
0
0
58300
0
2700
8.9434e+06
0
0
0
6200
100
300
0
0
79200
0
0
0
0
331700
0
0
0
18200
0
0
300
0
0
0
0
0
200
0
500
0
2200
18900
0
200
3300
0
0
31400
0
1500
900
0
200
0
0
0
2200
0
8700
0
0
0
0
0
0
100
0
0
0
0
102400
0
0
0
80300
0
0
0
0
1100
0
0
0
15300
2100
100
5.95349e+07
0
100
0
0
500
0
17300
0
0
0
500
100
0
0
0
0
26000
0
889500
184700
0
0
0
0
0
2600
0
0
0
200
38300
0
0
0
0
17600
783900
0
373000
0
0
0
0
1.2963e+06
0
24800
0
621400
0
7400
4.9022e+06
400
0
0
0
20800
0
100
0
1.3354e+06
0
0
0
0
700
200
0
0
0
0
0
0
0
0
0
400
0
0
0
0
0
0
47700
5400
0
0
0
0
0
0
0
3600
166900
0
0
100
700
0
0
0
0
0
0
0
500
1.1392e+06
0
0
3500
12000
0
2300
0
0
0
0
100
0
0
0
0
0
0
0
222800
0
0
0
0
200
0
0
0
0
3.67687e+08
0
219000
0
300
0
6700
0
700
0
200
0
0
0
20900
0
0
0
0
0
25000
25400
7700
0
0
0
0
0
0
0
0
114800
0
100
16300
0
1.90577e+08
0
0
140700
0
0
0
0
297200
0
400
0
0
0
0
0
0
0
0
0
4.2632e+06
57500
0
0
1800
0
0
3.5509e+06
0
0
0
0
0
0
0
15100
0
0
0
1.60257e+07
3300
0
36700
0
2100
0
0
157800
0
0
0
363100
0
0
0
0
0
0
4.3661e+06
0
100
691300
1.0414e+06
100
10600
3.29939e+10
0
39500
0
100
0
0
18000
100
0
0
0
4100
0
0
0
0
101600
0
0
0
700
0
0
0
0
1.30248e+07
0
0
0
0
0
500
0
0
5400
0
0
100
1200
1500
100
73000
0
30800
2700
0
0
200
0
0
0
0
0
0
0
0
0
0
1.0035e+09
0
0
0
0
12300
0
0
0
7400
0
0
0
45500
0
1.04971e+07
0
100
0
0
287700
0
0
0
0
0
0
0
22000
0
0
0
2500
0
0
0
0
0
0
100
0
0
0
0
0
5.9823e+06
0
0
982100
0
100
0
9.83453e+07
0
0
0
0
0
0
0
7900
0
400
0
0
13600
724300
0
100
0
0
105100
24900
0
117900
0
9.60126e+08
0
800
300
0
0
0
0
0
0
200
89800
0
0
0
18600
0
0
6.1827e+06
0
0
0
0
0
343900
0
100
0
400
800
0
0
0
0
0
0
0
0
166600
0
2.81028e+07
800
0
0
0
0
0
300
900
0
0
0
0
0
300
0
600
0
0
0
0
0
0
0
0
500
0
0
0
0
0
0
0
0
0
0
0
0
0
19100
0
0
9100
1500
0
8200
0
0
247500
0
0
0
0
0
0
1700
0
700
18900
0
4700
0
0
0
0
0
0
0
0
466400
0
0
0
0
0
100
0
0
0
1100
3.25533e+08
0
0
0
0
0
0
0
0
100
1.49532e+08
500
0
0
66400
200
100
300
0
0
300
0
5200
0
0
0
3400
0
0
0
0
500
1600
299800
0
0
0
0
2000
1200
0
0
100
0
0
0
0
0
0
0
500
0
0
0
0
2600
10200
0
0
0
346100
681300
0
0
0
0
0
0
0
49200
0
0
0
894000
0
100
0
300
0
48000
0
0
200
0
0
0
200
0
2100
0
0
0
200
100
0
9.6184e+06
0
0
0
0
0
0
135100
700
0
14400
0
200
3600
500
0
0
131300
0
0
0
0
0
0
0
0
0
0
0
2300
0
0
0
100
29400
0
2.1983e+06
549100
0
0
0
700
100
0
0
200
100
0
0
1200
334300
0
0
0
0
0
0
10500
0
300
30300
139600
1200
0
0
0
2.84646e+08
200
533500
0
0
500
0
1600
9.0445e+06
100
0
3.26748e+07
100
0
400900
0
5.17797e+09
0
1800
0
0
500
0
0
700
0
0
0
0
0
514200
900
0
600800
0
0
0
1200
0
0
0
0
0
0
0
0
200
0
0
0
0
0
0
0
0
23200
200
0
863600
0
0
0
800
0
0
0
0
12900
0
0
100
4.22067e+07
0
0
0
0
200
949300
0
0
0
0
26800
0
0
0
1500
0
0
0
0
100
0
53900
0
0
0
0
314300
300
0
0
0
0
0
100
0
300
0
0
2.15878e+09
13400
0
0
0
100
5.8761e+06
162600
100
0
0
0
0
0
0
0
0
0
0
0
0
0
0
0
0
0
100
0
0
100
0
0
0
0
9700
0
0
1000
0
0
0
0
0
0
0
0
0
2000
0
119900
0
5500
100
438800
0
2900
0
0
3000
81100
0
1.72135e+08
0
100
762600
939200
0
0
0
0
1200
0
0
0
200
2100
0
0
0
0
1.10395e+07
0
40700
5600
0
0
14900
0
200
1500
3700
0
0
800
100
370100
0
0
100
3100
0
0
100
0
0
0
0
100
0
0
0
0
0
0
0
303400
23800
0
0
0
100
2400
26000
0
0
0
0
1800
0
1500
0
400
0
0
1.4916e+06
100
0
0
477900
0
0
0
0
0
1.06374e+08
0
0
100
0
200
2.95684e+12
0
0
0
0
0
400
1.5043e+06
0
0
0
0
0
0
0
30800
2900
4300
0
0
0
100
200
0
0
0
0
200
0
0
6.29869e+08
0
0
100
0
300
0
0
0
0
0
0
22600
700
0
0
0
2.0391e+06
0
0
0
0
0
0
200
75600
0
200
0
500
0
0
72400
0
0
0
1000
100
0
0
2800
0
0
0
0
0
0
0
0
1.24061e+11
105200
0
0
0
0
10200
135900
100
0
0
56700
0
28100
0
0
0
0
0
1000
200
0
0
1700
100
0
0
0
2300
17700
0
0
0
372400
0
0
600
0
0
0
4.7858e+06
0
0
0
0
0
0
0
0
0
0
0
1.7203e+06
3400
0
1400
0
0
0
0
0
0
0
0
0
0
52100
0
0
0
200
0
0
9300
68000
100
1400
7.75281e+07
0
0
100
0
3.882e+06
0
0
0
0
18900
15000
0
0
0
0
0
0
0
1.7624e+07
0
0
0
2.9193e+06
0
100
400
16600
0
0
200
0
100
0
0
1600
0
192100
0
0
15300
0
282200
0
0
1.2932e+06
0
10700
0
0
0
100
500
0
1300
0
0
14600
2.6443e+06
200
0
0
1800
0
0
0
0
0
600
547300
0
0
200
0
0
15900
0
100
0
6300
0
0
100
0
500
0
0
410300
0
0
0
0
0
100
0
0
100
0
3.3493e+06
2.4509e+06
0
0
0
500
0
0
100
900
3.6625e+06
0
0
0
100
0
0
100
500
0
0
0
9.71033e+08
0
669500
0
8.1025e+06
2100
500
0
0
600
0
171100
0
100
0
0
0
14500
0
4600
0
0
1700
24700
0
0
0
0
300
2900
0
0
0
0
0
0
100
0
0
0
0
0
0
0
0
0
100
0
0
1800
0
3200
700
0
0
0
100
1900
0
0
271600
0
0
3.4274e+06
0
5.4851e+06
10800
0
1.4073e+06
203800
0
0
0
4.6136e+06
1800
2200
5.88754e+07
0
0
0
700
0
0
100
3.48596e+07
0
6.5637e+06
0
0
200
0
0
500
0
0
100
0
0
21300
200
0
0
246400
0
0
0
100
800
9400
207900
0
0
0
0
0
0
264600
0
0
0
100
0
400
0
0
0
0
0
78500
2700
0
0
0
0
0
0
0
0
1800
25200
0
0
100
0
0
2.0461e+06
100
0
0
0
1.61402e+08
0
100
0
0
0
71600
1000
0
400
0
3600
274400
0
0
0
0
0
0
0
0
0
0
0
0
0
0
0
0
0
200
0
0
0
0
0
1.9745e+06
0
100
0
0
0
0
0
0
2.90016e+07
0
0
100
18800
0
0
0
0
0
2.46268e+08
100
0
1000
3000
0
0
0
0
6.31584e+12
0
100
0
0
0
0
0
600
0
0
0
0
0
0
43800
200
300
0
15800
0
0
0
245300
0
0
0
0
0
0
0
430400
0
0
19200
2.30637e+10
0
1.8166e+06
0
200
100
0
0
0
100
0
0
0
0
0
5.2759e+06
0
0
0
0
0
60800
7.7497e+09
0
100
0
1900
0
100
0
0
0
100
0
0
1200
900
0
1.99574e+08
0
195200
0
0
0
0
6300
0
0
2700
0
0
0
0
0
0
0
0
0
0
2.31999e+08
0
1000
100
130700
0
100
300
0
0
0
0
0
200
0
0
7200
0
0
2.798e+06
0
0
183400
2100
1400
0
0
0
0
0
0
0
300
0
0
0
0
0
0
0
35700
0
1200
2000
0
0
0
0
0
1300
0
500
24000
2.3542e+06
0
0
1.69404e+08
0
0
0
0
0
55800
0
0
0
200
0
24000
0
0
0
0
0
100
0
0
0
0
0
1.11965e+07
600
0
6500
2.177e+06
0
0
0
0
0
0
5.3394e+06
5800
0
300
0
100
0
0
0
45900
0
0
0
200
0
0
0
0
0
37100
157200
109800
11700
0
4100
5300
0
900
0
3100
27400
700
0
200
0
0
0
0
0
0
0
0
1.3356e+06
0
0
600
0
8.81129e+07
0
0
100
0
0
0
84600
0
0
0
0
0
5200
2.0194e+07
700
0
0
0
200
0
0
0
0
0
9500
0
0
0
0
0
0
1800
0
200
0
29300
0
0
6700
0
725700
2500
0
400
0
0
0
0
1.16412e+08
0
600
167100
0
0
0
100
1300
0
0
0
0
0
0
0
0
0
100
0
18700
299900
0
1.12556e+08
100
0
0
3300
0
0
0
0
0
115100
12900
0
0
0
0
0
0
0
0
0
300
4100
0
0
2.45295e+09
0
6600
200
0
5600
6600
100
0
0
0
0
0
0
800
0
0
0
0
0
1.47476e+10
100
0
100
0
0
0
0
0
0
0
0
0
0
0
33200
22700
190500
278300
900
500
1.9813e+07
0
0
0
0
0
0
0
0
215700
0
148200
0
0
0
0
19200
0
200800
100
0
129800
72500
0
100
0
137900
45000
0
3.5514e+06
16400
0
100
0
3700
100
0
0
1200
2.7893e+06
1.7763e+06
315300
0
0
0
200
0
0
300
100
12000
0
100
0
0
0
0
3.1439e+06
0
0
1700
0
3.4247e+06
8.66373e+07
0
0
0
0
0
0
4000
100
0
0
200
800
0
2000
0
21600
0
0
0
0
0
200
3200
0
0
200
0
0
0
100
0
0
0
0
36000
3900
0
0
0
300
100
486200
318500
0
0
400
4000
0
0
0
0
0
0
1000
100
0
2500
29700
0
0
0
19200
0
0
0
0
0
0
0
0
0
0
0
0
800
0
4200
0
2100
100
200
100
0
23500
0
0
208000
0
0
0
0
259800
0
0
4000
0
0
0
4400
0
0
113000
0
6300
0
0
0
0
35500
5800
0
0
200
0
0
0
81800
0
0
0
0
2800
161100
0
0
0
0
300
0
2700
0
0
325000
0
330700
0
0
900
400
0
0
3300
0
700
100
0
0
0
0
0
200
3500
4600
0
400
28300
0
0
0
0
0
0
0
0
0
1.4975e+06
8900
0
0
8.17228e+07
0
1800
0
0
0
0
1300
0
0
0
0
0
0
0
0
600
800
0
0
1600
0
0
0
0
0
1.80671e+09
2800
0
0
0
0
2400
268900
0
0
0
0
0
0
0
0
0
6.773e+06
1300
0
0
0
0
0
0
0
0
0
0
0
0
94000
100
800
0
0
0
0
0
0
14900
400
0
0
15700
0
0
100
1300
8400
266400
0
26200
0
0
0
0
0
100
0
0
164500
2800
0
2400
83700
5800
0
1800
161700
0
0
0
200
0
16700
0
0
0
0
0
0
0
0
0
0
0
0
0
0
0
0
37600
0
0
0
0
0
0
0
0
47200
0
0
0
800
0
0
0
300
0
670500
200
0
0
0
300
0
0
7200
0
200
0
0
0
0
100
7600
0
0
500
200
0
0
0
0
0
0
0
0
0
3500
0
0
0
11500
839400
0
0
0
0
100
0
0
386800
0
0
0
7200
200
400
400
92900
966000
0
100
0
0
0
0
100
0
100
0
0
0
100
0
0
0
800
0
0
9200
0
0
9300
0
0
1900
300
0
0
0
0
0
0
300
0
0
0
0
0
18100
200
7.4028e+06
0
0
0
8400
0
0
1000
0
0
6.35248e+07
0
0
2700
0
33900
0
0
10000
0
17400
0
3400
0
0
0
0
0
0
1600
0
0
919900
100
0
2700
0
0
0
0
0
400
0
0
0
0
0
0
0
400
0
0
0
100
0
3200
0
2400
0
899700
0
0
0
0
1.43033e+07
0
100
0
0
0
0
1.7203e+06
0
0
0
0
0
0
0
0
0
0
0
600
73600
0
0
0
0
0
900
11600
0
0
0
169300
11100
0
0
0
0
600
0
15900
0
0
2300
2.5535e+06
0
96000
0
200
0
3100
0
0
9000
0
0
100
0
0
0
0
0
0
23400
100
0
0
0
0
100
0
0
0
0
0
0
12900
400
4900
0
0
0
3200
0
2900
8300
0
0
500
0
0
0
400
0
0
0
0
0
0
0
0
0
0
500
0
0
0
3.24798e+08
7.5766e+06
0
0
4300
0
0
3800
0
0
0
0
0
0
0
700
0
0
0
0
0
0
0
0
0
0
0
129200
497300
0
0
0
1.262e+06
0
0
141100
0
0
0
0
0
0
0
0
3100
0
0
36800
0
0
0
0
0
0
0
9.98782e+07
0
0
0
8.07094e+07
0
0
5.49571e+08
0
4000
0
0
0
0
100
800
0
15000
0
200
0
0
0
0
26600
1.04761e+08
0
32800
700
0
0
0
14100
300
0
5.13411e+08
100
0
0
0
0
0
0
0
200
1.827e+06
2.14631e+07
100
0
0
0
0
200
0
840400
0
3.5263e+06
58700
0
0
0
0
0
13700
1.32732e+08
0
0
0
100
0
0
100
0
30200
0
0
0
0
18900
0
26900
1600
0
100
0
0
0
0
5000
0
0
0
8.0962e+06
0
0
200
8100
0
106600
0
0
0
0
0
0
0
0
0
91800
0
0
0
0
400
0
200
0
0
0
0
0
0
300
0
0
2.787e+06
2400
0
0
0
0
0
0
0
0
200
0
0
0
4.7668e+06
0
0
75800
8400
0
0
0
0
0
0
61500
1.31526e+08
18200
800
0
6.28169e+07
642400
0
1200
0
0
0
0
5100
0
0
0
0
0
0
0
0
100
3500
0
0
0
400
7.5784e+06
0
0
0
0
0
0
0
1.8012e+08
2.89288e+09
0
0
0
0
2000
0
100
0
0
0
0
0
0
0
0
1.0238e+06
0
0
0
0
367800
0
0
2.0209e+09
200
1100
500
12000
0
0
200
0
0
0
0
0
1800
0
0
0
35000
153900
0
0
0
0
0
0
2000
0
0
0
807900
0
2.2372e+06
0
0
0
0
0
0
0
0
0
0
300
4100
300
0
1100
100
0
0
0
100
2.8428e+06
0
0
0
1.7089e+06
0
0
0
500
0
0
0
0
1.8653e+06
0
0
0
0
80000
0
0
0
2800
0
0
0
0
0
0
0
0
0
11800
0
396500
0
0
0
0
8400
3200
0
0
0
800
100
2000
0
0
100
0
0
2.04478e+08
0
0
0
0
300
0
210100
0
39700
0
0
100
0
1800
2100
0
0
0
0
0
0
0
0
0
1.5301e+06
0
0
0
0
0
0
0
0
100
0
0
0
0
0
100
0
0
100
0
0
100
0
0
0
0
0
2600
0
0
0
0
0
0
2800
0
200
0
0
5100
0
0
0
81700
0
0
0
0
0
0
0
0
0
0
1400
5600
0
200
37400
100
0
2100
0
0
0
0
1000
0
0
68300
0
800
0
0
6900
100
0
600
0
0
46200
0
11400
0
0
400
700
0
0
0
0
0
0
7500
0
2200
500
0
0
4.4398e+06
800
2800
0
0
0
1400
0
1.9618e+08
0
1000
46000
0
21200
0
100
16300
0
0
0
0
4.324e+06
0
76600
0
0
0
0
4300
0
0
0
0
0
0
0
0
1500
17900
279500
0
200
0
300
0
0
0
0
800
8.7116e+06
0
0
0
0
0
0
0
0
634500
0
0
0
100
1.5899e+06
6100
0
0
0
0
0
0
500
0
112500
400
0
0
5200
0
11400
300
300
0
0
0
0
0
69200
1900
0
0
0
0
400
0
0
0
0
44800
4.93254e+07
0
0
4200
0
0
0
0
0
0
0
5900
0
0
0
2800
46300
0
0
0
0
0
1.3178e+11
0
0
0
1800
0
0
896100
0
0
0
0
0
0
0
0
11500
0
0
276600
0
0
0
0
0
0
0
0
0
49700
1100
0
200
0
0
0
0
0
6400
0
0
0
30100
3700
0
0
2.52839e+07
57600
300
1600
0
0
1700
0
0
5700
0
5100
0
6400
900
44900
0
0
500
20100
9.90521e+07
32600
25300
0
0
100
0
0
0
229100
200
0
5700
0
5000
0
12400
4400
0
5.2906e+06
2.5495e+06
23200
0
0
0
0
0
0
0
0
0
0
0
200
0
0
0
0
0
0
0
0
6900
0
0
0
3600
100
0
0
0
0
247800
1700
18500
100
0
0
300
0
0
0
0
3.03742e+07
3.7627e+06
0
0
0
300
0
1.0046e+06
0
0
0
0
0
0
0
0
256400
0
1300
100
100
0
0
0
300
1600
0
0
0
0
0
0
0
8800
19600
0
4700
5.8671e+06
0
0
0
61100
100
0
3.12251e+07
114900
0
0
0
0
0
0
0
0
0
0
0
0
0
63100
1300
0
0
0
0
0
23600
0
0
0
0
0
0
100
0
0
0
0
100
0
0
0
0
0
0
0
100
0
12200
0
0
0
0
369500
96800
0
0
0
0
2400
5000
0
0
0
3.55146e+07
3400
0
0
0
0
124600
1400
100
2400
278400
0
0
0
0
100
0
0
0
0
0
0
94000
0
12800
0
0
100
0
0
0
10500
0
0
0
118000
700
0
0
0
18300
3700
700
0
0
0
0
24900
0
0
0
300
0
0
0
100
600
71500
0
900
0
0
0
8500
1.87444e+13
0
0
0
1.60426e+07
0
0
0
0
0
0
700
0
0
0
0
0
7900
0
0
0
0
0
0
0
0
0
0
0
0
0
100
300
0
100
0
0
100
0
115100
0
0
1.7685e+06
0
8800
7500
0
0
100
0
0
21900
100
0
0
0
300
0
0
0
0
0
0
4900
12200
0
100
2.93054e+07
1100
0
23200
0
0
0
2.6526e+06
0
0
48600
0
200
7800
700
300
368300
0
0
0
0
24800
0
0
0
0
5200
0
5300
0
0
0
0
0
200
0
100
100
0
0
0
0
500
284900
0
0
0
0
200
300
0
0
100
289200
0
0
0
0
0
0
0
0
0
0
0
8700
0
6700
3.6639e+06
0
300
0
0
8300
0
0
0
100
0
945800
0
0
0
0
1500
0
0
4000
0
1600
0
0
0
0
147600
200
0
1.06765e+08
0
4600
0
0
0
0
0
0
0
55300
0
379500
9300
0
0
0
0
0
0
0
0
0
0
0
0
200
0
0
0
0
100
0
0
0
0
0
29200
1300
100
56500
0
3400
0
0
0
125400
200
0
0
0
200
100
0
1.445e+08
0
0
0
0
1.34447e+08
700
0
0
0
23200
4200
0
0
0
600
400
0
0
0
0
0
20900
0
0
0
0
33500
0
0
200
0
333800
911200
0
0
0
127300
0
0
0
0
0
0
0
800
300
0
15400
10900
676500
600
0
200
0
159800
0
300
600
0
1000
0
0
100
0
0
0
0
400
207300
700
0
0
0
0
500
0
0
100
2100
0
0
0
0
5600
0
200
1700
0
0
0
100
0
0
100
2400
1.1812e+06
0
0
0
4.884e+06
200
93100
0
0
0
13300
0
1.4717e+06
0
8800
500
32700
0
0
0
100
0
0
0
0
0
0
0
700
0
400
0
0
0
0
1.71921e+11
0
0
0
0
0
0
0
0
0
0
100
0
3.136e+06
2.4626e+06
0
2700
0
0
0
900
0
34300
0
0
2100
400
0
0
0
400
2700
0
0
1700
0
200
0
6.2014e+06
0
600
0
0
100
0
868400
130400
0
0
0
0
0
0
0
0
9.79061e+07
0
23100
0
0
0
0
0
0
1100
1600
0
0
0
100
165400
0
0
0
0
0
727600
100
7300
0
0
0
0
0
0
100
0
0
1.06811e+07
72800
0
0
0
48200
0
0
200
100
1000
0
51700
1300
144900
22400
0
0
0
0
0
0
0
90800
4.2567e+06
0
100
0
0
93000
0
1200
6.67371e+07
23400
0
700
0
0
0
0
0
12900
0
0
0
100
300
0
8000
0
0
75600
0
0
0
0
0
200
0
400
0
108500
0
0
18800
3500
0
0
0
0
0
19800
0
0
0
100
0
100
0
300
0
0
9.84905e+08
1.11384e+07
0
0
0
1700
1000
0
1500
26800
0
1900
0
0
0
0
0
74100
0
0
0
0
0
100
0
0
300
136100
3900
0
1.2916e+06
0
2.3482e+06
0
0
0
0
0
0
100
0
13000
6200
0
0
0
4.4788e+06
0
0
0
0
0
0
0
0
0
1100
0
0
0
0
0
0
0
0
0
457000
0
0
20200
0
0
0
0
1.1199e+06
700
0
0
0
3700
0
9200
0
105700
0
0
0
0
0
0
0
6.255e+08
0
200
0
0
0
3300
500
0
0
0
2200
0
0
0
0
100
0
0
419600
0
159500
900
0
0
0
100
0
0
0
0
0
0
4400
500
1.49824e+09
15500
0
0
0
2800
0
0
9800
0
700
0
0
0
8.67271e+09
0
0
0
0
7500
0
2200
0
0
27100
144100
100
0
0
0
0
0
0
0
0
4400
100
100
0
0
0
0
62900
0
0
0
0
500
0
0
0
0
0
0
200
0
200
0
0
100
0
4300
0
0
0
0
0
0
44900
0
0
9.41538e+07
1500
800
100
0
0
1800
10500
0
0
0
23200
0
0
4.5134e+06
0
0
2000
100
600
0
800
600
907000
500
0
8700
3200
0
0
8600
0
100
100
0
0
0
0
0
0
0
0
0
0
0
321700
0
100
0
0
0
0
0
0
0
300
0
0
0
257200
0
0
0
0
0
0
9100
0
0
0
0
0
0
0
0
400
4000
0
0
0
0
0
0
0
0
4800
200
0
0
700
700
2600
0
0
1400
0
0
0
27000
0
3.776e+06
0
0
0
0
0
0
0
0
200
0
0
300
0
0
0
700
0
0
0
1.4708e+06
0
2400
146100
0
700
900
0
0
0
2200
0
4100
0
0
0
0
0
1.757e+06
2400
0
0
0
1.1832e+06
100
0
0
274600
0
0
200
100
0
0
0
0
0
0
0
0
100
17100
0
1800
8.7755e+06
0
0
0
100
100
0
1.20236e+07
0
8.3903e+06
300
0
800
100
1100
0
0
0
0
0
0
0
0
0
0
17200
0
400
307600
0
0
0
900
100
0
0
0
49200
100
4800
0
0
0
500
0
0
0
0
0
100
0
0
79000
100
0
6.06379e+09
0
0
270400
1800
0
4.9979e+06
79700
500
500
0
0
16400
100
0
2300
0
0
0
0
0
0
2.9077e+06
0
0
2400
0
0
0
0
0
0
0
0
100
0
0
900
0
15500
0
332000
0
0
100
0
0
0
0
100
0
0
0
68900
0
0
0
0
0
0
16300
0
2.1385e+06
0
0
0
0
0
7200
0
256800
0
0
0
0
0
5000
5700
354700
500
0
0
0
0
100
0
100
0
0
200
14500
200
133600
0
0
0
0
0
0
0
5500
10200
2200
100
0
9.01932e+07
1000
700
0
1500
0
200
0
0
700
80100
1600
0
0
0
0
0
6.6166e+06
0
0
0
0
0
0
200
0
3800
0
0
0
376900
800
2.67274e+09
0
0
0
0
0
0
0
0
0
0
0
6200
0
0
0
0
0
0
0
0
289500
0
0
0
0
0
192800
100
100
0
0
0
0
0
200
100
0
0
0
100
0
0
0
0
0
0
0
0
100
0
0
800
0
0
200
0
0
35100
100
0
9.80149e+08
6700
800
0
1300
0
0
6.01226e+07
0
0
0
0
0
0
100
4.0694e+06
0
0
0
0
0
0
0
0
0
0
8.08858e+07
0
2.6891e+06
368200
0
0
0
0
0
0
0
0
0
0
475800
0
1000
900
0
0
0
0
0
0
0
19800
0
0
0
0
0
2.4013e+06
0
0
0
0
0
100
0
0
0
0
14500
100
1900
100
0
0
200
300
0
8500
0
0
0
100
0
0
0
0
0
100
0
8700
0
100
1.0463e+06
100
100
0
0
0
1200
0
0
0
0
0
0
38100
0
0
47400
0
0
2.1048e+06
100
90300
524700
200
0
4700
0
0
0
0
200
0
2.7088e+06
0
0
1200
155400
0
0
0
0
2800
0
2.24445e+08
100
0
0
0
0
0
100
0
5.0154e+06
0
300
6.79836e+07
0
0
0
0
0
0
0
0
0
0
0
0
0
0
2.4353e+06
0
1.23716e+09
7100
0
0
0
0
14600
0
48800
0
0
2200
53300
0
41600
0
400
97700
700
0
0
0
1700
0
100
0
0
1.53955e+07
300
1.3832e+06
0
0
0
0
0
0
100
9600
0
1.464e+06
0
0
1600
0
7900
0
100
250000
200
0
100
0
0
0
1.67118e+08
0
0
0
0
300
0
0
0
0
0
0
0
1200
0
100
0
0
0
200
100
0
43700
0
400
0
0
681400
13600
6700
9500
0
0
0
0
0
7700
0
0
0
0
0
668300
3800
0
0
6.5995e+06
8500
0
0
0
0
2300
0
0
0
0
0
0
0
2.41015e+07
0
1000
0
0
0
0
0
8700
0
0
170900
0
0
0
200
0
0
100
0
6700
0
1.03358e+07
0
0
71800
0
0
0
0
500
1000
0
0
0
0
0
100
0
0
0
0
0
0
0
0
0
0
0
0
0
0
6700
1.20189e+08
0
0
0
200
641100
3.09833e+07
0
0
0
1.02812e+07
2.85077e+10
0
0
0
163900
100
0
0
100
0
0
0
0
89500
0
100
0
0
100
0
0
303600
0
200
0
0
0
0
0
1.419e+06
0
0
1.2953e+06
0
0
0
0
0
0
0
1.1675e+06
0
0
100
0
18900
0
700
0
2.61263e+09
0
42800
0
0
1700
200
0
365600
0
0
100
0
1.0196e+06
0
0
0
522700
0
0
0
0
0
8800
0
0
200
0
500
400
0
700
0
0
0
0
0
700
400
300
400
4400
0
0
3.1537e+06
100
8100
100
0
0
0
0
0
0
700
180400
0
1200
0
0
0
0
627300
0
0
200
0
0
0
8100
0
0
0
0
204000
0
0
0
0
0
0
0
0
100
500
0
0
0
200
0
0
0
0
80700
8.52649e+08
0
1000
0
0
0
2.94762e+07
0
545900
0
0
0
0
0
0
0
0
0
120600
0
0
0
0
0
0
26100
0
600
200
0
400
100
0
0
0
200
581900
0
0
0
0
0
400
0
1300
0
0
400
0
2900
0
14600
1.33161e+09
0
0
41800
0
0
520400
0
0
0
472400
0
1200
500
0
0
0
100
0
518500
0
0
0
0
0
0
0
3.4166e+06
0
0
0
0
0
900
0
0
100
0
0
0
0
100
0
0
0
0
0
0
0
0
0
1.15146e+09
0
0
200
0
500
0
254400
4.18948e+10
0
0
0
100
0
6000
9200
8.88929e+07
600
1600
0
0
0
200
0
600
0
100
0
10600
0
0
0
800
0
463500
200
400
0
1800
121500
0
101400
0
40200
596800
143100
0
500
0
0
0
100
0
2800
0
14800
0
0
0
0
0
0
0
0
100
0
0
0
0
72800
0
0
23200
200
273300
0
0
100
48000
0
0
1900
0
0
0
0
0
474800
0
0
0
200
0
20900
0
0
0
1100
400000
0
16100
0
200
0
0
0
0
0
0
1500
0
100
0
0
0
0
0
0
0
284000
0
0
0
400
0
100
0
0
0
0
1800
0
0
1600
0
3500
0
0
0
4.42735e+08
0
235300
0
0
16700
0
400
400
0
2.44754e+07
0
207900
100
0
17800
100
0
0
0
0
100
15000
1300
0
0
0
0
0
0
0
1000
0
700
0
0
0
2400
0
0
0
0
0
0
1000
0
134000
0
0
700
0
100
13500
0
100
0
0
575800
200
0
0
0
0
600
100
100
0
0
0
3500
0
3200
500
0
0
0
0
0
0
0
0
0
0
1600
656200
0
200
0
2400
100
0
0
1.06134e+07
0
4100
0
14000
0
0
0
0
3900
0
0
0
0
25200
0
0
1100
1.29034e+08
0
0
2600
5000
100
0
1800
300
0
0
0
0
0
0
0
100
0
0
0
0
100
700
0
0
5900
1300
5.09169e+07
1.91586e+09
37700
5700
0
100
0
0
0
0
0
0
0
0
0
1600
0
100
0
800
0
0
0
0
200
0
0
0
0
0
0
0
0
0
0
3000
0
1100
0
0
0
100
0
0
0
0
0
0
0
300
2400
0
0
0
0
100
0
0
0
16600
9000
6.48748e+07
0
1400
0
2200
100
200
0
2400
0
0
1400
0
0
66800
0
0
4900
0
500
0
13600
0
0
120800
0
0
0
8.2965e+06
5.3165e+06
0
0
0
0
0
200
1300
0
0
3500
0
200
0
0
0
0
0
0
1.05061e+07
0
0
0
0
0
0
0
600
0
7.5313e+06
0
100
7.7624e+06
0
0
0
1.4608e+06
1200
0
0
100
0
0
6.04457e+07
42100
0
0
0
400
5.74746e+07
52200
1400
0
0
0
164200
0
0
0
0
0
61400
0
0
0
2.5432e+06
10100
0
100
0
400
0
0
0
0
418700
800
0
26200
0
0
0
0
0
0
0
100
0
0
0
0
0
0
0
100
0
0
100
500
0
0
100
20200
0
0
469600
0
0
0
0
0
0
2.95377e+07
0
300
100
214600
0
159600
1000
0
3.9051e+06
0
300
0
100
0
0
0
0
0
300
160100
200
0
100
0
100
0
5.7709e+06
3900
0
235200
0
1.0068e+06
0
0
0
0
0
10000
0
0
0
0
0
0
0
0
0
0
0
0
0
0
0
0
0
700
13500
0
33000
0
0
0
2.34725e+07
0
57200
0
1.1194e+07
0
0
0
0
0
0
0
0
0
0
100
0
0
6400
0
0
0
0
0
0
0
0
0
100
0
0
0
0
0
0
0
0
0
0
0
0
5.16349e+07
4000
0
0
0
0
0
0
109000
0
0
0
0
0
0
2.51857e+07
12100
1.437e+06
0
12700
0
6300
0
0
452600
0
0
0
0
300
100
0
0
0
0
0
0
10400
0
4.1985e+07
0
0
0
0
0
0
0
7.15021e+07
0
100
0
0
1400
0
0
0
800
7700
0
0
500
0
2.541e+06
0
0
2.678e+06
0
0
517400
100
66000
0
3700
0
0
900
9500
0
0
100
0
0
0
0
0
40200
300
0
0
0
300
18900
200
400
0
0
0
0
0
0
200
1400
200
0
100
0
0
0
849900
400
0
40400
0
0
0
0
300
300
0
0
0
0
0
563800
100
38300
0
0
0
0
0
0
9800
2800
0
0
100
0
0
0
0
500
0
0
0
2800
0
0
0
0
0
32300
0
100
0
0
0
0
0
200
0
32600
2100
0
100
13100
32400
18300
0
200
0
9000
1.55298e+10
0
0
12700
0
0
200
0
0
100
0
374900
0
0
36300
400
0
0
0
0
0
0
0
600
1500
0
0
0
0
0
0
0
100
200
0
1000
0
200
100
261700
0
0
0
163500
0
0
0
0
0
10800
600
0
1300
0
4200
0
200
0
1500
48300
0
0
0
1000
0
0
2500
0
0
0
1800
0
0
0
0
0
2.30815e+07
7800
500
900
0
46900
6200
0
0
100
266000
100
16800
0
0
0
0
0
300
6500
0
0
0
2300
0
1000
0
4100
0
0
160300
0
2300
0
0
0
0
0
34500
0
2900
0
0
0
0
0
0
0
500
3.03809e+07
0
0
0
1.46514e+08
0
0
100
0
0
5900
0
300
3400
200
800
0
0
0
0
0
200
0
0
500
400
0
0
0
0
900
0
0
300
32200
0
0
0
0
4200
9700
0
0
100
0
0
6300
0
313800
0
7100
0
10700
0
0
0
400
0
0
0
0
0
0
0
0
0
1000
0
0
0
0
0
0
0
0
0
0
0
3.17964e+09
0
200
0
0
0
0
100
0
0
0
200
0
0
4.2369e+06
0
0
0
0
15300
0
0
100
61600
0
0
0
0
0
0
6000
0
0
0
4300
0
0
0
3600
0
0
0
10600
0
0
0
346900
500
0
0
0
0
0
0
0
3400
0
0
500
80300
0
0
0
0
280300
0
0
0
0
36900
0
0
0
1600
0
0
3.7316e+06
0
0
0
0
0
20400
0
0
15900
0
0
0
0
899100
5.07947e+07
0
0
0
0
500
364900
20200
0
0
11500
100
0
0
0
900
200
0
100
0
2700
300
0
0
0
0
141700
100
300600
0
0
0
0
0
0
0
0
64900
0
1400
57000
0
0
1.0656e+06
0
100
0
0
0
0
0
0
1.4768e+07
10200
100
0
0
0
300
0
0
1100
0
0
0
0
0
0
0
0
0
0
900
0
0
0
1.2017e+06
133900
0
0
200
4300
11800
0
0
0
0
0
0
100
0
0
0
300
100
0
0
0
12800
12500
0
100
0
0
0
100
0
0
200
0
0
0
1.37035e+07
0
0
500
0
0
0
0
1900
0
0
0
300
0
0
0
0
0
0
9200
0
0
2900
0
1600
0
0
200
0
100
0
0
0
0
0
0
0
1400
0
0
0
69500
0
0
0
300
71100
0
0
0
35600
11800
2.7881e+06
0
3100
0
0
0
0
0
274000
80200
20400
0
54200
0
0
0
0
1500
0
0
0
0
0
0
2.68308e+07
0
0
6.6718e+07
0
0
100
0
0
0
0
0
0
1.64792e+07
0
0
0
0
0
1200
0
0
0
0
100
0
100
0
2300
0
0
0
0
158300
0
313000
800
26800
0
1.4095e+06
94600
0
0
0
0
57800
0
0
0
500
18300
100
0
200
0
8.1412e+06
100
3100
0
0
0
0
0
0
0
0
0
0
0
0
0
0
100
0
100
0
0
0
0
0
0
0
2100
93900
0
19000
0
0
0
0
0
3.7982e+06
397500
296500
5700
1.48771e+08
0
17100
187500
0
0
0
204600
0
0
0
4.5085e+06
0
2400
0
0
0
0
3000
586300
0
18200
0
100
1.693e+06
100
0
0
11100
0
0
0
0
15600
0
500
0
0
871000
0
1000
0
0
0
0
0
0
0
0
33700
0
0
4600
0
0
0
0
0
0
0
0
0
0
0
100
0
0
1.61133e+07
0
0
4.67112e+07
0
0
0
0
879800
1000
0
87200
800
0
0
0
187900
200
300
0
0
0
0
0
0
0
0
0
0
200
0
0
66800
0
0
3.6047e+06
0
200
0
0
26800
13900
0
0
0
0
0
200
0
0
0
0
0
0
7800
0
0
0
7100
100
0
0
0
0
0
0
400
0
66500
0
0
0
0
1000
0
0
0
100
0
0
0
0
278400
0
8.7525e+06
0
19300
1.1121e+06
0
100
0
0
0
0
0
181300
0
0
0
0
1.092e+06
0
3800
0
0
75900
0
0
401200
0
0
189100
0
0
63500
0
0
0
0
0
600
32600
100
0
0
0
0
0
1900
100
5500
3.435e+06
0
0
1.07288e+07
0
0
0
0
26900
117600
0
0
24400
0
6.26496e+07
0
0
900
0
17500
0
900
0
0
0
62600
0
0
564900
