1.72
1.72
1.25
1.72
1.6
0.99
1.08
1.26
0.83
1.27
1.01
0.47
1.58
1.09
1.36
0.66
0.6
1.52
1.72
1.72
1.45
1.58
1.72
1.18
1.15
0.98
0.65
1.72
1.69
0.57
1.33
0.78
0.64
1.72
1.4
1.5
1.52
1.72
0.7
1.72
1.5
0.89
1.72
0.98
0.74
1.72
0.08
1.72
-0.13
0.18
1.4
1.72
1.44
1.72
0.02
1.41
1.62
1.02
0.62
1.67
1.38
0.09
0.2
1
1.59
1.01
1.72
0.65
1.72
1.72
1.42
1.72
1.72
1.09
0.52
1.7
1.3
0.03
1.72
1.02
0.65
1.72
1.42
1.59
1.01
0.62
0.94
1.61
1.08
0.48
0.84
0.88
1.66
1.35
1.35
1.72
1.21
1.72
1.35
0.65
1.26
1.72
0.91
1.72
0.48
-1.15
0.43
1.14
1.72
0.96
0.91
1.72
0.01
1.21
1.27
1.28
0.82
1.12
1.42
1.22
1.49
1.23
1.42
1.72
1.63
1.06
1.02
1.38
1.72
1.72
0.62
0.93
0.86
1.07
1.59
0.31
0.66
1.63
1.18
1.3
1.72
1.71
1.07
1.72
1.69
1.55
1.72
1.72
1.13
1.49
1.72
0.41
1.72
1.72
0.96
1.54
1.25
1.7
1.63
1.72
1.72
1.09
1.51
0.15
-0.13
1.25
1.72
1.45
0.91
0.73
1.09
0.95
1.72
0.63
0.57
1.23
0.5
1.33
0.1
1.67
1.72
1.15
1
1.36
1.63
1.66
1.55
0.78
0.39
0.77
0.98
1.72
1.42
1.04
0.17
1.54
1.72
0.91
1.06
1.58
1.72
1.51
1.05
0.58
1.26
1.72
1.72
1.72
0.72
1.23
1.1
1.72
0.33
1.72
1.36
1.72
0.51
1.7
0.83
1.72
1.1
1.72
1.72
1.65
1.72
1.72
1.36
1.72
1.72
1.1
0.48
0.95
1.07
0.56
1.72
1.43
1.08
1.72
1.01
1.72
1.72
1.72
0.82
0.85
1.32
1.72
1.11
1.72
0.49
1.37
1.72
1.72
1.34
1.54
1.72
1.72
1.72
0.78
0.28
1.29
1.72
1.72
0.21
1.7
0.96
0.79
1.72
1.72
1.69
1.72
1.3
0.76
0.95
1.18
1.07
1.54
0.53
1.72
1.26
1.72
1.54
1.72
0.52
0.97
0.88
1.2
1.72
1.69
1.06
1.72
0.5
1.54
1.18
0.42
0.45
0.72
1.25
0.36
1.72
0.65
1.66
1.72
-0.08
1.72
0.95
1.72
1.72
0.56
0.73
1.16
0.99
0.99
1.72
1.72
1.72
1.62
0.17
0.9
0.98
0.97
0.34
1.65
0.93
1.72
0.77
1.7
1.03
1.31
1
1.25
0.86
0.14
-0.07
1.72
1.72
1.72
1.72
1.66
0.47
1.14
1.61
0.11
1.61
0.59
0.54
1.72
0.89
1.28
0.52
1
0.84
0.78
1.72
1.72
0.69
1.08
0.61
1.64
1.22
1.72
1.72
1.72
1.49
1.38
0.22
1.72
1.72
1.72
1.32
1.03
1.62
1.41
0.86
1.72
0.93
1.05
0.05
0.95
1.69
1.72
-0.62
0.1
1.51
1.21
1.66
-0.38
1.72
0.86
0.16
1.13
0.97
1.41
1.72
1.72
-0.11
1.72
0.54
0.6
1.38
1.69
1.12
0.88
1.09
0.68
1.41
1.35
1.72
1.72
1.65
1.72
1.72
0.82
1.08
0.3
1.4
1.72
0.19
1.72
1.72
1.59
1.33
1.72
1.38
1.72
1.72
1.72
1.14
1.14
1.07
1.72
0.77
1.37
1.44
1.31
0.84
1.72
0.91
-0.01
0.48
1.07
0.6
1.72
1.26
1.69
1.38
1.36
1.16
1.05
1.19
0.79
1.33
1.38
1.72
1.3
0.48
0.9
1.72
0.82
1.34
1.72
0.66
0.71
0.95
1.41
1.72
1.6
1.72
0.24
0.66
1.72
1.08
1.22
1.72
0.88
1.72
0.18
1.3
1.01
1.39
1.04
1.72
-0.62
0.7
1.69
0.9
0.53
1.72
1.65
0.63
1.72
1.72
1.72
1.07
0.44
1.5
1.02
1.18
0.83
1.32
0.79
1.72
1.32
0.73
1.72
0.39
1.72
0.89
1.13
1.72
1.72
0.48
1.72
-0.8
0.85
1.68
1.7
1.65
0.86
1.31
0.95
1.72
1.72
0.67
0.72
0.46
1.44
1.72
1.72
1.09
0.97
0.12
1.72
0.82
1.31
1.72
-0.18
1.72
1.62
1.72
0.41
1.72
0.72
0.36
1.35
1.72
1.51
1.19
1.72
1.58
1.72
0.48
1.72
1.54
1.72
1.72
0.27
-0.02
1.7
0.99
0.6
0.4
1.72
1.25
0.25
1.72
1.07
1.72
1.5
0.53
0.46
1.62
0.73
-0.11
1.72
0.83
1.72
1.72
1.72
0.91
1.72
1.72
1.28
1.46
1.3
1.33
1.13
1.04
1.5
1.27
1.68
1.72
1.61
0.82
1.72
0.77
0.59
1.34
0.07
0.41
1.72
1.71
1.17
1.64
0.43
0.93
1.72
0.9
1.26
1.57
1.72
0.58
1.72
1.68
1.34
1.72
1.72
1.72
0.98
0.99
1.44
1.19
1.72
1.43
0.93
1.28
1.67
1.67
1.62
1.72
1.72
1.72
0.52
0.76
1.23
1.39
1.18
0.41
1.72
1.72
1.72
1.72
1.72
0.77
1.12
1.24
0.94
-0.53
0.54
1.72
1.64
1.72
1.56
1.37
0.95
1.52
1.38
1.63
0.76
1.71
1.72
1.72
1.72
0.59
1.72
0.89
0.32
1.05
1.72
1.17
0.45
1.72
0.4
0.9
0.43
1.36
1.09
0.21
0.77
0.7
1.72
1.46
0.95
0.96
1.01
1.67
1.72
1.38
0.4
1.72
0.48
0.82
1.63
1.42
1.18
0.45
0.2
0.47
1.72
1.17
1.66
1.38
0.44
1.72
0.95
0.76
1.72
1.72
1.55
0.27
1.4
0.27
1.72
1.72
0.28
1.72
1.08
0.46
-0.18
1.06
1.72
1.72
0.88
1.72
1.52
0.83
0.23
1.37
0.85
1.65
1.13
-0.34
0.97
1.64
0.99
1.72
1.1
1.19
1.72
1.48
0.29
0.01
0.01
0.83
0.75
1.66
0.2
1.72
1.72
1.61
-0.21
1.26
1.19
1.36
1.16
1.72
1.58
1.59
1.25
1.56
0.33
1.72
1.47
1.14
1.02
0.72
1.72
1.72
0.56
1.72
0.51
0.27
0.09
1.62
0.86
0.98
0.58
0.26
0.13
1.72
1.69
1.72
-1.02
-0.51
1.57
1.72
1.38
1.56
1.28
1.56
1.72
1.72
1.72
1.72
0.33
1.26
0.69
0.88
0.01
1.72
0.62
0.58
1.71
0.7
1.59
1.23
0.95
0.79
1.72
1.19
0.72
-0.09
0.26
1.19
1.26
1.39
1.7
0.73
1.72
1.72
0.34
0.87
1.26
1.55
1.72
1.36
1.72
1.11
0.72
1.46
1.3
0.84
1.72
1.38
1.72
0.19
0.85
1.27
0.82
1.48
1.09
1.72
1.23
0.17
1.72
1.49
0.21
1.52
0.72
0.74
1.72
0.75
0.64
0.54
1.57
0.33
1.72
0.27
1.46
0.99
1.72
1.54
1.72
0.57
1.72
0.85
0.97
1.45
1.36
1.03
1.26
1.15
1.52
1.09
1.72
-0.03
0.97
1.72
1.72
0.71
1.72
1.59
1.3
0.81
1.34
1.72
0.8
1.56
1.17
1.06
1.29
1.67
0.63
1.72
1.72
0.89
1.72
1.45
0.75
1.72
1.72
0.73
1.23
1.46
1.54
1.13
1.72
0.69
1.63
1.41
1.72
-0.19
0.79
1.56
1.72
1.72
1.07
0.93
1.72
0.69
1.3
1.51
0.91
0.42
1.72
1.72
1.72
0.41
1.72
1.72
1.72
1.72
1.37
-0.02
0.67
1.63
1.72
1.29
0.18
1.19
1.12
1.56
1.72
1.72
0.94
1.72
1.72
1.7
0.39
0.62
0.73
1
1.72
0.68
1.72
0.15
1.16
1.47
1.04
0.77
1.72
1.53
0.6
1.72
0.39
1.72
1.72
1.61
1.12
0.63
1.38
1.15
0.43
1.72
0.77
1.12
0.91
1.72
1.06
0.66
0.84
1.36
1.35
1.33
0.86
1.72
1.72
0.63
1.61
0.85
1.2
0.59
0.43
1.72
0.74
1.26
1.72
1.23
0.34
1.69
1.72
0.8
1.59
0.74
1.05
0.79
1.26
1.2
1.72
1.5
1.72
1.13
1.43
1.72
1.58
-0.13
1.08
0.34
1.31
1.72
1.72
1.56
1.72
1.72
1.07
1.16
1.72
1.19
0.39
1.16
1.28
0.94
0.59
1.54
1.09
1.72
1.72
0.19
1.52
1.72
1.72
1.72
1.36
1.41
1.21
1.19
1.49
1.25
0.91
0.79
0.31
1.36
0.78
0.76
1.72
0.65
1.16
1.29
0.68
1.1
1.72
1.45
1.72
0.94
1.72
0.69
1.19
-0.1
1.72
0.97
1.06
1.72
1.72
1.38
0.82
0.78
1.72
1.19
0.77
1.48
1.72
1.72
1.72
0.72
1.15
1.72
1.09
0.57
1.72
0.57
0.54
1.72
1.71
0.19
0.76
0.49
1.5
1.24
1.72
1.72
1.72
0.57
0.78
1.72
1.27
1.13
0.24
-0.01
1.72
0.99
1.72
1.51
0.85
1.19
0.76
1.18
1.16
1.72
1.72
1.72
1.72
1.42
1.05
0.43
1.44
1.72
1.47
1.72
0.9
1.46
0.47
1.72
-0.14
1.53
0.92
1.72
0.57
0.68
0.94
1.7
0.32
1.07
0.92
1.64
1.09
0.9
0.6
1.64
1.16
1.72
1.44
1.66
0.72
1.2
0.74
1.72
1.25
1.24
1.38
1.72
1.58
1.61
0.28
1.72
1.72
0.96
1.01
0.59
1.52
0.47
0.44
0.31
1.72
0.32
0.43
1.72
1.42
1.72
1.37
1.12
0.84
1.13
1.48
1.72
0.66
0.01
1.34
1.72
1.72
-0.52
1.23
1.43
0.87
1.01
1.46
1.72
1.72
0.06
1.12
1.42
1.14
1.54
0.58
1.57
1.05
1.04
1.6
1.54
1.72
1.72
1.59
0.27
1.5
1.42
0.87
0.86
1.58
1.72
0.37
0.78
1.72
1.72
0.73
1.66
1.72
1.42
1.72
0.89
1.72
0.7
1.72
1.72
1.72
1.72
1.16
1.72
1.72
0.21
1.63
1.72
1.72
1.55
1.72
1.72
0.94
0.06
1.72
1.29
0.62
0.96
1.72
1.39
0.76
1.65
1.72
1.26
1.72
0.41
0.91
1.72
0.48
0.92
1.72
1.14
0.65
1.6
1.72
0.02
1.72
1.72
1.72
1.36
1.72
-0.62
1.72
0.97
1.4
1.72
1.16
1.69
1.41
1.72
0.72
0.7
1.72
0.38
0.96
0.81
1.35
1.72
0.68
1.72
0
1.38
1.66
1.72
1.4
0.67
0.47
1.34
1.2
1.72
1.06
1.72
0.79
1.72
1.13
1.72
1.32
1.72
1.23
1.72
1.18
1.45
1.65
0.2
1.52
0.99
1.72
1.32
1.02
1.72
0.78
1.36
1.72
1.23
0.67
1.72
1.19
1.48
1.72
0.88
1.23
1.7
0.97
1.69
0.88
0.65
1.03
0.49
1.22
1.13
1.48
1.35
0.54
1.72
1.44
0.89
0.54
1.72
1.72
1.14
1.39
1.34
1.72
1.72
1.1
0.4
1.26
1.72
0.98
1.14
0.16
1.72
1.14
1.62
1.72
0.66
1.72
1.72
1.37
1.06
0.93
1.72
0.67
1.72
0.87
1.34
1.51
0.06
0.5
0.37
1.44
0.38
1.46
0.97
1.72
1.72
1.72
1.07
1.07
1.63
1.72
1.08
0.97
1.1
0.63
0.86
-0.16
1.43
0.01
0.58
1.05
-0.83
1.72
1.63
1.1
1.1
1.27
0.88
0.97
1.38
0.85
0.54
1.72
1.36
1.72
0.96
1.72
1.55
1.4
1.67
0.44
0.8
1.72
1.72
1.72
1.24
0.63
1.49
1
1.22
1.15
1.19
0.99
1.12
0.46
1.72
1.01
0.68
1.63
1.05
1.72
1.65
1.59
1.72
1.72
0.93
0.19
0.98
1.55
0.81
1.29
1.71
1.72
0.43
0.77
1.72
1.24
1.09
-0.69
1.72
0.9
1.72
1.56
0.83
0.84
1.11
1.3
1.23
0.96
1.72
1.72
1.6
0.02
1.72
1.38
1.14
1.72
1.1
1.72
0.97
0.17
1.29
1.72
1.31
1.07
0.64
1.72
1.58
1.72
1.72
1.72
1.72
1.17
0.11
0.33
-0.04
0.64
1.72
0.67
1.01
0.46
0.56
0.9
-0.35
1.37
1.56
1.36
1.72
1
1.72
1.72
1.72
1.72
0.39
1.63
1.01
0.68
0.99
1.72
0.57
1.72
1.72
0.83
1.52
0.77
1.64
1.08
1.72
0.84
0.99
1.09
1.72
1.72
0.93
0.54
1.72
1.72
1.41
1.62
1.72
0.98
1.32
1.72
1.34
1.08
1.72
1.72
0.06
-0.2
0.78
1.68
1.28
1.72
1.72
0.27
1.42
1.22
0.84
1.29
1.57
1.6
1.72
1.72
1.52
1.17
1.72
0.71
0.3
1.34
1.49
1.41
1.72
1.72
0.49
1.29
1.61
0.95
1.4
1.08
0.55
1.6
1.72
0.88
1.72
1
0.5
1.72
1.67
1.72
0.66
1.72
0.77
0.59
1.26
1.43
1.72
1.72
1.36
1.12
-0.09
0.86
1.1
0.7
0.98
0.95
1.02
1.13
1.24
1.72
1.36
0.85
1.35
0.89
1.72
1.72
1.72
0.51
1.71
1.7
1.72
1.66
1.61
1.65
0.21
1.46
0.87
0.99
1
-0.07
1.21
1.4
1.4
0.57
1.66
1.72
0.58
1.72
0.84
1.23
1.37
1.72
1.29
0.01
1.19
1.04
0.46
1.21
0.91
1.72
0.09
0.69
0.93
-0.38
0.11
0.34
1.45
0.24
0.45
1.65
0.71
0.68
0.54
0.56
1.72
1.72
1.72
0.55
0.62
1.72
0.84
1.63
1.29
1.72
1.72
1.29
0.2
1.57
1.25
1.59
1.39
1.72
1.72
0.81
1.72
1.56
0.26
1.18
-0.09
1.72
1.62
1.2
0.84
1.48
1.72
0.41
1.72
1.36
1.72
1.68
1
1.72
0.55
1.72
1.72
0.24
0.81
1.72
1.39
1.72
1.72
0.96
0.29
1.28
1.72
1.36
1.1
1
1.54
0.01
1.53
1.57
1.7
1.54
0.72
0.99
1.72
1.72
0.82
0.87
0.61
1.72
1.72
1.72
1.72
0.99
0.17
1
1.07
1.14
0.91
1.37
1.72
1.72
1.72
1.72
-0.3
-0.06
0.99
-0.27
0.72
0.98
0.91
-0.63
0.47
1
0.98
1.32
0.83
1.47
1.72
1.72
0.99
1.08
0.07
1.28
1.45
1.72
1.69
1.72
1.72
0.71
0.71
1.72
0.98
1.12
-0.27
0.99
0.3
1.72
1.72
1.63
1.05
0.62
1.72
1.39
0.78
1.6
1.14
1.72
1.33
1.72
1.36
0.23
1.48
1.72
1.72
0.68
1.15
0.87
1.07
1.72
1.72
1.59
-0.51
1.72
1.72
1.56
1.48
1.72
0.94
1.22
0.91
1.72
1.72
1.68
1.72
1.13
1.72
1.15
0.98
1.58
-0.14
0.42
0.31
1.41
1.72
0.48
0.91
1.2
1.23
0.79
0.78
1.02
1.21
1.49
1.72
1.72
0.61
1.1
0.3
1.72
1.55
1.58
0.38
1.72
0.76
0.91
1.13
1.4
0.65
1.22
1.72
0.48
1.66
1.72
0.46
1.57
0.64
1.56
1.72
1.63
0.37
0.9
1.29
-0.52
0.82
1.72
0.33
1.72
1.72
0.84
1.57
1.28
1.72
0.7
-0.72
1.72
1.72
0.88
1.72
1.72
1.29
0.55
0.75
1.19
1.07
1.64
1.27
1.14
1.18
1.72
0.32
1.28
1.72
1.1
1.72
0.94
0.87
0.52
1.72
1.34
1.72
1.47
1.72
1.72
1.72
1.72
1.72
1.26
1.72
1.29
1.72
1.43
1.29
1.72
1.44
1.72
1.72
1.11
1.72
1.64
1.72
-0.22
0.69
0.99
1.72
1.1
0.89
1.72
1.72
1.02
1.72
1.1
1.31
1.72
0.44
1.72
1.03
1.24
0.27
1.72
0.75
1.33
0.65
1.72
1.46
1.54
1.37
0.73
0.33
0.32
1.54
1.72
1.27
1.16
1.72
1.72
1.72
1.15
0.58
0.98
1.34
1.7
1.47
0.78
1.72
1.67
0.91
1.48
1.72
1.57
1.64
1.48
0.21
0.9
1.72
1.63
1.72
1.01
1.65
1.72
1.66
1.17
1.72
1.56
1.72
1.72
0.43
1.19
0.74
0.54
0.77
1.52
0.58
1.72
0.55
1.72
0.64
1.53
1.04
1.72
1.71
1.16
1.05
0.01
1.72
0.77
0.59
1.44
1.37
1.03
1.72
-0.7
1.72
0.78
0.7
1.52
0.47
0.6
1.45
0.82
1.34
0.85
1.72
1.12
1.72
1.21
1.72
1.47
1.66
0.75
1.07
1.58
1.62
1.72
0.57
1.51
1.72
1.05
1.07
0.29
1.72
1.38
1.72
0.24
1.28
1.72
0.95
1.72
0.44
0.47
1.07
0.61
0.86
1.13
1.72
1.52
0.84
0.85
1.37
1.23
1.62
1.22
1.28
1.72
0.6
1.32
1.01
0.17
-0.27
1.26
1.57
-1.08
1.49
1.72
0.64
1.72
1.08
1.58
1.72
0.81
1.1
1.64
1.71
1.72
1.01
1.33
1.55
0.15
1.72
1.72
1.72
1.72
1.72
1.2
1.11
1.72
0.93
1.05
1.23
0.6
1.01
-0.16
1.72
1.41
0.37
0.48
1.53
0.15
1.72
1.66
0.19
1.72
1.58
1.35
0.11
1.37
1.72
1.5
1.72
1.72
1.48
1.72
1.36
0.06
1.15
0.96
1.44
1.72
0.13
1.21
1.72
1.72
1.72
1.65
0.55
0.77
1.47
0.8
1.72
1.09
1.26
1.45
0.72
0.87
1.27
1.72
1.72
1.72
1.72
1.72
1.72
0.6
1.72
-0.01
1.72
1.72
1.3
1.72
0.54
1.66
1.72
1.72
0.5
0.46
0.41
0.73
0.48
0.97
1.63
1.33
0.81
0.6
1.57
1.23
1.72
1.72
0.44
0.79
1.72
1.72
1.72
1.72
1.07
0.71
1.36
1.72
1.11
1.17
1.65
1.45
1.72
1.66
1.72
1.1
1.72
0.64
0.54
1.72
0.9
1.47
1.72
1.72
1.72
1.2
1.22
1.13
1.45
0.56
-1.66
1.72
1.11
1.72
1.72
1.21
1.5
1.21
1.21
1.72
0.64
1.02
1.49
1.72
0.93
1.33
1.58
-0.28
0.69
0.83
1
1.51
1.25
1.35
0.89
1.72
1.24
1.14
0.78
1.59
0.7
0.92
0.73
0.85
1.48
1.72
1.45
1.72
1.25
1.46
0.02
1.72
0.8
1.72
1.22
1.07
0.88
1.34
1.62
0.1
1.46
-0.18
1.28
0.84
0.89
1.69
1.72
0.9
1.29
0.28
1.4
0.67
1.13
0.06
1.72
0.81
0.75
1.36
1.62
1.19
1.33
1.36
1.08
0.74
0.72
1.7
-0.16
1.61
0.95
0.47
1.72
1.26
1.7
1.72
1.22
1.16
1.72
1.35
0.82
1.48
1.1
1.72
0.57
1.32
1.72
0.85
1.72
1.72
1.72
1.72
1.72
0.24
0.79
0.56
1.61
0.93
1.53
1.22
1.72
0.97
1.72
1.26
1.54
1.13
1.34
0.1
0.6
0.46
0.29
1.42
1.6
1.4
1.72
1.65
1.01
1.42
0.7
0.85
0.99
1.15
1.72
0.91
1.72
1.03
1.47
1.72
1.29
1.46
1.72
0.83
1.29
1.72
1.16
1.48
1.05
0.61
0.56
1.15
1.72
1.72
1.72
1.03
1.24
1.45
1.39
1.72
1.17
1.44
0.86
1.08
1.56
1.72
-0.03
1.55
0.59
1.58
0.46
0.58
1.72
1.72
1.72
1.57
0.31
1.72
0.37
1.72
0.73
1.72
1.72
1.72
1.72
1.72
0.78
1.72
1.29
0.8
1.21
0.19
1.28
1
0.05
1.44
0.41
1.72
1.72
1.52
1.47
0.43
1.72
1.72
1.04
0.31
1.72
1.35
0.23
1.59
0.45
0.44
0.95
1.16
1.71
-0.13
1.35
0.78
1.72
1.25
1.72
0.96
1.72
1.72
0.54
1.72
0.92
1.69
0.91
1.72
1.27
1.28
0.89
0.89
1.08
0.89
0.8
1.72
0.01
1.41
1.72
0.25
0.86
0.65
1.12
-0.03
1.24
1.27
1.72
0.93
1.72
1.52
1.09
1.72
1.72
1.72
0.86
0.35
1.72
0.99
0.52
0.98
1.72
1.51
0.75
1.67
1.38
1.08
1.04
1.72
1.72
1.25
0.73
0.93
1.48
1.41
1.72
1.47
0.56
1.72
1.31
1.5
1.72
1.14
1.43
1.23
0.53
1.72
0.64
1.08
1.72
0.13
1.72
1.07
1.72
1.35
0.95
0.88
-0.12
0.4
1.54
0.08
0.7
1.46
0.44
1.3
1.72
1.25
1.53
0.39
0.51
1.27
-0.07
0.9
1.71
1.72
1.17
1.72
1.14
1.72
1.12
1.61
0.76
1.07
0.61
1.41
1.14
1.18
0.98
1.72
0.33
1.06
1.42
1.21
0.61
0.78
0.56
0.54
1.72
1.54
1.72
1.31
1.72
1.1
1.72
0.17
1.72
0.85
0.06
0.9
1.64
0.95
1.72
1.42
1.69
1.72
0.11
1.59
0.13
1.72
1.42
1.69
1.54
1.72
1.2
0.65
0.66
0.85
0.28
1.46
-0.37
1.11
0.9
0.58
0.66
1.72
1.72
1.72
1.29
1.72
1.72
1.12
1.72
0.65
-0.29
1.01
1.72
0.68
1.72
1.16
1.67
1.71
1.44
0.65
1.72
1.44
1.02
1.09
1.53
1.72
1.72
0.4
0.42
1.72
1.39
1.26
1.43
1.72
1.06
1.03
0.98
1.72
1.43
1.72
1.13
1.07
0.74
1.48
1.72
1.26
1.56
0.93
1.34
1.72
0.39
1.34
1.57
-0.05
0.31
1.72
1.72
1.08
1.6
0.33
0.63
0.82
1.72
1.72
1.72
1.72
0.47
1.3
1.15
1.36
0.73
1.4
1.72
1.36
1.48
0.04
1.44
-0.04
1.63
1.42
1.72
1.13
0
1.72
-0.88
1.45
0.99
1.48
0.29
1.23
1.15
1.72
1.72
1.63
1.72
1.51
1.72
1.48
0.52
1.11
0.55
1.72
0.78
0.7
1.11
1.72
1.02
1.71
1.59
1.15
1.61
1.72
1.1
1.72
1.59
1.72
-0.1
0.63
1.72
1.72
0.75
0.97
1.72
0.44
1.69
1.2
1.06
1.06
1.45
1.55
0.6
0.6
1
1.72
1.04
1.06
1.58
1.72
0.09
0.41
1.72
0.93
0.47
1.12
1.72
0.97
0.97
1.72
0.37
1.51
1.72
1.72
0.84
0.89
1.67
1.42
0.67
0.61
1.72
1.15
1.72
0.71
0.94
1.72
1.72
0.54
1.72
0.57
1.7
0.7
0.81
1.47
0.85
1.18
1.69
1.13
1.58
0.96
0.94
0.28
1.72
1.72
0.76
1.72
-0.39
1.46
1.54
0.56
0.84
1.61
0.82
1.72
1.26
1.72
0.97
1.56
1.68
1.29
1.67
0.29
1.16
1.04
1.21
1.13
1.43
0.28
1.67
1.31
0.7
1.56
1.72
1.44
0.97
1.11
1.72
1.72
0.63
1.17
1.02
1.72
0.46
0.34
0.02
0.3
1.13
1.72
1.56
1.72
0.91
1.5
1.51
1.35
0.34
-0.26
1.46
1.72
0.97
1.72
1.62
0.63
1.46
1.01
1.46
1.72
1.72
1.33
1.72
1.72
1.15
1.72
1.48
1.15
1.69
1.28
1.72
1.72
0.08
1.72
0.61
1.48
1.72
1.72
0.78
1.39
1.72
1.72
0.23
0.61
1.08
0.02
1.72
1
1.53
0.67
1.14
1.72
0.82
1.26
1.72
1.72
1.16
1.72
1.72
1.33
1.4
0.54
0.52
0.96
-0.06
1.43
0.24
1.41
1.65
0.58
1.72
1.67
1.64
0.78
1.25
1.72
1.44
1.64
1.72
1.29
1.33
1.68
0.31
0.71
0.45
1.14
0.77
1.6
0.83
0.92
0.44
1.72
0.82
0.41
1.01
0.59
0.89
1.7
-0.25
0.7
1.72
1.31
-0.16
0.97
1.17
1.4
1.72
0.36
1.3
0.7
1.72
1.72
0.94
1.11
1.14
1.72
1.1
1.54
0.97
1.55
1.26
1.72
1.72
1.34
1.72
1.45
0.74
1.72
1.13
1.72
1.07
1.72
0.92
0.55
0.82
1.72
1.29
1.02
0.66
0.38
1.45
0.64
1.23
1.72
1.53
0.76
0.44
1.02
0.34
0.36
0.79
0.42
1.72
1.56
1.36
1.48
-0.18
0.72
1.21
1.72
0.2
1.61
1.2
0.46
0.98
0.8
1.72
1.18
1.71
1.69
1.41
1.72
1.6
1.72
1.4
1.09
1.72
1.11
1.61
0.6
1.72
1.2
1.39
0.47
1.72
1.13
1.68
0.62
1.72
1.72
1.72
1.72
0.99
-0.15
1.72
1.72
1.31
1.23
1.35
0.94
1.72
1.53
1.54
1.72
0.68
1.72
1.72
0.18
1.72
0.86
1.72
1.72
1.72
1.72
0.89
1.72
1.1
1.72
0.13
0.94
1.72
0.94
0.79
-0.12
1.72
-0.19
0.49
1.72
1.72
1.72
1.05
-0.51
0.47
1.19
1.61
0.6
0.83
1.47
1.72
1.72
1.43
0.88
1.37
1.01
0.96
1.15
1.72
1.72
1.05
0.72
1.6
0.9
0.82
1.72
0.53
1.72
-0.05
1.72
1.19
1.71
0.52
1.04
1.29
1.72
-0.24
1.67
1.72
0.95
1.72
1.66
0.92
1.44
0.7
0.31
0.79
0.66
0.9
1.61
1.53
0.14
0.47
1.72
1.12
1.53
-0.28
1.72
1.5
1.72
1.43
1.4
1.42
1.12
1.18
1.72
0.59
0.98
1.72
0.8
1.54
0.52
1.72
0.64
-0.12
1.72
0.72
0.14
0.66
1.51
1.08
1.07
1.72
1.46
1.54
0.37
1.3
1.47
1.72
1.43
1.63
1.71
0.03
1.72
1.72
0.98
1.72
1.72
1.15
-0.38
1.07
1.72
-0.1
0.56
1.11
1.72
1.44
1.72
1.72
1.56
1.72
1.72
1.55
0.95
1.36
1.72
1.72
0.93
0.95
1.59
1.72
0.07
0.54
1.14
1.07
0.7
1.72
1.72
0.7
0.57
1.39
0.77
1.26
0.19
1.4
1.21
1.72
0.98
0.67
1.35
1.17
1.72
1.39
0.96
1.72
0.26
1.53
1.72
1.54
1.24
1.72
1.22
0.81
1.72
0.6
1.16
0.42
0.55
1.72
0.3
0.65
0.52
0.69
0.69
0.47
0.88
0.15
1.34
1.07
-0.58
-0.03
1.72
1.72
0.81
1.25
1.72
1.05
1.72
0.8
1.72
0.72
1.72
0.88
1.46
0.8
1.72
1.23
1.72
1.72
1.72
1.72
0.49
1.47
1.72
1.52
0.03
1.04
0.54
1.56
1.14
0.85
1.1
1.28
0.47
1.27
0.52
1.72
1.72
-0.38
1.72
-0.37
-0.07
1.5
1.2
0.57
0.78
0.81
1.33
1.01
0.33
0.96
0.97
1.55
1.72
0.41
1.72
1.72
1.11
1.72
1.31
1.68
0.45
1.13
0.92
1.59
0.01
0.77
1.28
1.11
1.17
1.16
-0.39
1.11
0.59
1.44
1.31
1.72
1.72
1
1.72
1.72
0.75
1.35
1.48
1.53
1.44
1.72
1.65
1.72
1.72
0.93
1.31
0.31
1.03
1.72
1.04
1.31
0.42
1.72
0.84
1.03
1.43
1.26
1.72
0.8
1.72
1.33
1
1.72
1.26
0.57
1.72
1.59
1.36
1.08
1.72
1.72
1.72
0.93
1.61
0.84
1.72
-0.01
1.72
1.03
1.72
1.72
0.5
1.22
0.92
1.72
1.72
-0.51
1.11
1.04
0.21
1.56
0.34
1.72
1.28
1.72
0.81
1.19
0.6
0.35
1.09
1.72
0.87
0.74
1.72
1.72
1.48
1.48
1.72
1.72
1.72
1.72
1.72
1.68
1.33
1.72
1.31
-0.33
1.68
0.32
0.72
1.72
1.41
0.82
1.58
1.72
1.27
1.72
1.55
1.72
1.72
0.26
1.21
1.21
0.65
1.72
1.17
1.72
0.58
-0.23
0.91
1.25
1.4
1.51
-0.27
1.6
1.13
1.21
1.72
1.16
1.72
0.7
1.72
0.62
1.72
1.72
1.72
0.39
1.72
1.72
1.56
1.49
1.05
1.72
1.72
0.22
1.61
1.26
1.72
1.72
1.05
0.31
1.07
1.4
0.9
1.72
1.72
0.43
1.72
0.01
1.05
0.65
1.72
1.72
0.22
1.44
1.02
0.57
1.3
1.72
1.72
0.43
0.89
0.8
1.21
0.91
1.72
1.72
1.26
1.72
0.56
1.3
1.25
1.72
0.37
0.97
1.54
1.21
0.23
1.72
1.72
0.24
1.23
0.89
0.83
1.43
1.17
1.72
1.72
1.1
1.67
1.04
0.31
0.83
1.72
1.37
1.29
1.55
1.72
1.72
1.72
1.11
0.56
1.09
1.72
1.72
1.11
0.86
0.86
-0.26
0.58
1.72
0.81
0.81
0.87
1.33
0.09
0.66
1.72
0.26
1.39
1.72
1.72
0.17
1.45
1.13
1.56
1.37
1.72
0.39
0.08
1.03
0.38
1.28
1.23
1.51
1.47
1.72
1.64
1.72
1.72
1.37
1.02
1.48
1.72
1.72
-0.77
1.05
1.34
0.18
1.66
0.89
1.48
0.69
1.72
1.72
0.57
0.72
1.72
0.94
0.87
1.72
0.28
0.76
1.17
1.38
1.26
1.42
0.72
0.65
0.42
1.72
1.72
1.72
1.56
1.72
1.72
1.31
1.2
1.72
0.86
0.56
1.72
1.38
1.72
1.72
1.05
0.51
1.67
1.54
1.11
1.72
0.69
1.72
1.72
1.72
0.35
1.72
1.72
1.33
1.01
0.85
0.49
0.27
1.54
1.01
1.5
1.32
1.38
1.41
1.03
1.72
1.06
1.72
1.23
0.94
1.71
-0.28
1.38
0.9
0.47
0.92
-0.06
1.72
1.09
1.72
0.98
1.72
1.25
0.65
1.14
1.3
0.34
0.55
0.59
1.72
0.81
-0.02
0.61
1.72
0.3
0.58
1.72
-0.37
1.17
0.44
1.4
1.72
1.16
1.72
1.34
0.09
1
1.39
1.43
0.42
1.45
0.69
1.18
1.69
1.15
1.37
0.56
1.72
1.7
1.68
0.69
1.1
0.62
1.29
0.79
1.04
1.16
1.45
1.55
1.49
1.72
0.59
0.59
-0.12
1.72
0.47
0.72
1.69
1.08
1.72
0.12
0.96
1.31
1.72
1.72
0.68
1.25
0.12
1.72
1.19
1.54
1.72
1.72
1.17
1.72
1.04
1.38
0.23
1.58
1.65
0.62
1.72
1.72
1.21
0.74
-0.5
0.97
0.87
1.14
1.66
1.47
0.01
1.72
1.72
1.57
-0.14
0.78
1.33
1.47
1.72
-0.28
-1
1.2
1.21
1.72
1.72
0.99
1.37
1.03
1.42
0.56
1.72
0.39
1.72
0.2
1.14
1.11
0.64
1.6
1.72
1.49
1.72
0.41
0.7
1.72
1.72
1.26
-0.08
0.1
0.24
0.84
0.97
0.77
1.72
0.98
1.72
1.28
1.26
0.68
0.8
0.5
1.72
0.31
0.85
1.72
-0.43
0.61
0.5
1.72
1.07
1.72
0.19
0.54
1.19
1.48
1.66
0.85
0.37
1.09
0.77
1.55
1.44
1.69
1.15
1.72
1.46
0.13
1.72
0.38
1.72
0.92
1.72
0.99
1.5
1.72
1.27
1.72
0.85
0.48
1.72
1.72
1.45
1.68
0.91
1.72
1.55
0.02
0.69
0.22
1.56
0.82
0.38
0.41
1.72
1.31
0.9
1.06
1.52
1.72
1.2
0.97
0.86
1.72
-0.11
1.72
1.44
1.49
0.91
1.72
1.7
1.53
0.94
1.72
0.9
1.72
0.94
1.67
1.72
1.43
1.24
1.72
0.11
1.36
1.25
1.72
0.09
1.3
1.66
0.66
0.52
0.35
1.25
0.94
1.2
1.72
0.74
1.2
0.87
1.23
1.72
1.72
1.29
1.23
0.34
1.72
1.72
0.9
1.33
1.63
1.65
1.41
1.72
1.72
0.1
0.39
0.76
0.5
1.19
1.72
0.76
1.6
1.72
1.03
1.21
-0.58
1.72
1.09
0.08
1.72
0.98
1.72
1.56
1.72
1.27
1.72
0.42
0.42
0.97
1.63
1.72
1.72
0.56
1.55
1.72
0.48
0.98
1.72
1.72
0.73
1.56
1.66
1.72
0.64
1.72
0.67
1.22
0.74
1.03
0.4
0.33
1.72
1.3
1.72
1.34
0.28
1.29
0.57
1.72
1.72
1.32
1.72
0.86
1.12
1.01
1.4
1.16
1.55
0.38
1.4
0.94
1.72
1.72
1.72
1.31
1.33
1.72
1.64
1.72
0.4
1.64
0.57
0.82
1.06
1.72
1.72
1.72
1.72
1.47
0.59
1.72
1.72
1.28
1.09
1.72
0.28
1.72
1.6
1.04
1.19
1.55
1.35
1.02
1.5
0.75
1.07
0.49
0.12
0.63
1.04
0.78
1.39
0.32
1.11
1.01
1.72
1.61
1.69
0.79
1.72
1.72
1.03
0.25
-0.06
0.17
1.72
0.88
1.33
0.76
0.82
0.62
1.05
1.48
1.72
1.72
1.72
1.59
0.41
1.46
1.72
1.06
1.72
0.89
1.32
1.04
1.56
1.07
-0.1
0.85
1.72
1.05
0.94
1.68
1.22
1.67
0.92
1.72
0.58
1.63
0.9
0.11
0.78
0.37
1.07
1.72
0.46
0.93
1.59
1.72
0.92
-0.12
0.13
1.4
0.39
1.38
1.03
1.72
0.82
1.72
1.23
1.25
1.72
-0.45
-0.31
1.72
1.6
0.21
1.34
0.74
0.69
1.12
1.64
1.01
0.68
1.36
1.54
1.72
0.76
1.48
0.94
1.53
1.52
1.72
0.92
1.72
1.5
-0.05
1.72
0.32
1.28
0.51
0.38
0.68
1.65
1.4
1.63
1.42
1.28
1.03
1.48
0.73
1.72
0.62
1.72
1.65
0.93
1.69
1.12
1.47
1.72
1.25
0.66
1.24
1.72
0.32
1.72
0.16
0.85
1.52
0.73
1.16
0.96
1.72
0.86
1.38
1.72
1.67
1.35
0.06
1.72
1.54
0.75
1.46
1.16
1.14
1.58
1.72
1.52
1.3
1.2
0.22
1.72
1.72
1.47
0.8
0.36
0.98
1.16
0.86
1.72
1.36
1.63
1.37
0.76
1.52
1.44
1.47
0.82
1.72
0.53
1.29
1.13
1.72
1.57
1.68
0.48
1.02
1.59
0.28
0.71
1.6
1.72
1.72
1.63
1.72
1.01
1.69
1.1
0.56
1.72
0.5
1.57
0.7
1.65
-0.13
1.48
0.58
0.21
1.72
0.42
0.57
0.98
1.45
0.45
1.29
1.72
1.18
0.84
0.43
1.72
0.5
1.72
0.79
0.71
1.47
1.06
1.72
0.67
1.4
1.33
1.72
1.72
1.72
1.72
1.14
1.24
1.72
0.61
1.72
1.19
1.08
0.24
1.54
1.72
1.72
1.72
1.58
0.29
1.49
0.91
1.47
0.52
1.72
1.72
1.72
0.85
0.27
1.68
0.87
0.62
0.53
1.25
1.72
1.72
0.76
0.89
0.91
0.64
0.75
1.17
1.31
1.72
1.72
1.6
1.72
0.84
-0.18
1.35
1.07
0.67
1.44
0.85
0.95
1.72
1.38
0.68
1.72
1.72
1.72
0.16
-0.14
0.39
1.72
0.77
1.18
0.27
1.1
1.72
0.26
1.72
1.72
0.48
1.46
1.3
0.54
1.26
1.6
1.42
1.51
1.72
1.72
0.75
0.83
0.8
1.01
1.72
0.79
1.72
1.14
0.3
1.07
1.22
1.44
0.08
0.72
1.72
0.55
0.87
1.57
1.17
1.63
1.44
0.89
1.58
1.72
1.14
1.72
1.72
1.45
1.24
0.84
1.07
-0.24
1.72
1.72
1.44
1.01
0.64
0.87
0.2
1.47
1.19
0.35
1.02
1.72
0.37
0.74
0.27
1.44
0.24
1.72
1.47
1.21
-0.29
1.47
0.85
0.84
1.72
1.72
1.72
0.63
1.72
1.72
1.24
1.45
1.72
1.72
1.72
1.55
-0.02
1.12
1.72
1.14
1.72
1.38
0.8
1.72
1.72
1.72
1.72
0.34
0.83
1.21
1.51
1.65
1.72
1.46
0.89
1.14
1.72
1.68
1.72
1.72
1.26
1.18
1.72
0.07
1.14
0.64
1.72
0.56
1.25
0.35
1.09
1.08
1.3
1.58
0.73
1.43
0.55
0.45
1.72
1.72
1.48
1.72
0.69
1.27
0.35
0.16
1.69
0.91
0.27
1.72
1.26
1.22
1.56
1.26
-0.17
0.23
1.21
1.02
0.43
0.87
0.37
1.72
0.74
0.25
1.29
0.72
1.14
0.56
1.08
1.47
1.37
0.85
0.69
1.42
0.49
1.72
1.6
1.01
0.9
1.72
0.83
1.41
1.64
0.27
1.35
0.04
0.84
1.72
0.59
1.72
1.72
-0.15
1.01
1.36
1.54
1.56
1.72
1.72
1.72
0.81
1.72
-0.32
1.72
1.65
0.38
0.62
1.72
1.72
1.12
1.33
1.2
1.72
1.72
0.95
1.58
1.02
1.72
1.04
1.72
1.72
0.3
1.72
1.72
0.43
1.39
0.7
0.45
0.99
1.24
1.46
0.56
0.6
1.72
-0.15
1.72
0
0.83
1.72
1.72
0.85
1.72
1.11
0.24
1.22
1.32
0.78
0.79
1.05
0.05
1.35
1.6
1.72
1.3
1.72
0.8
1.63
0.5
1.11
1.72
1.72
1.72
1.49
1.72
0.19
1.46
1.14
1.37
1.72
1.59
0.84
0.87
1.16
1.48
0.62
0.76
-0.04
0.62
0.87
1.72
1.29
1.2
1.23
0.23
0.88
0.61
0.13
0.94
1.72
1.72
1.42
1.29
1.72
1.5
1.56
0.65
1.61
1.22
1.59
1.54
1.17
0.56
1.72
1.37
1.72
0.33
1.12
1.57
1.7
1.72
0.92
0.5
1.18
0.81
1.72
1.72
1.4
1.72
1.72
0.18
1.72
0.49
1.72
0.95
1.72
1.7
1.72
1.72
1.39
0.55
1.72
1.18
0.47
1.43
0.32
1.15
1.26
0.47
1.72
1.34
1.72
-0.04
1.38
0.43
0.75
1.72
0.34
1.72
-1.01
1.63
0.5
1.72
1.14
1.72
0.83
1.7
0.16
0.73
1.72
1.72
-0.4
1.72
1.72
1.04
1.72
0.49
1.72
1.44
0.41
0.46
1.41
1.11
1.57
1.7
1.03
1.04
1.56
0.98
1.19
1.61
1.72
-0.2
1.72
1.23
1.72
1.07
1.72
0.55
1.72
1.72
0.27
1.36
1.1
1.72
1.72
1.72
0.6
1.72
1.72
1.72
1.07
1.3
0.06
0.88
1.72
1.58
1.72
1.21
1.72
1.12
-0.3
1.72
0.57
1.03
1.68
1.72
0.69
0.99
1.52
1.39
1.24
1.72
0.34
1.3
1
0.56
0.49
1.6
1.69
1.72
1.72
1.47
0.74
1.66
0.67
1.65
0.91
0.81
0.83
0.06
1.54
1.01
1.72
1.33
1.44
1.39
1.52
1.23
1.3
1.5
0.88
1.14
1.72
1.17
1.3
1.14
1.3
1.72
1.72
1.3
1.52
1.72
1.72
1.5
1.72
0.65
1.72
0.92
-0.3
1.02
1.72
0.39
0.84
1.72
1.72
1.49
0.85
1.35
-0.27
0.92
1.72
1.72
1.25
1.42
1.72
0.83
1.11
1.71
0.79
0.27
0.51
1.57
0.55
0.97
1.72
0.96
1.16
1.72
1.72
1.72
0.68
-0.71
1.14
1.65
0.81
1.5
-0.14
1.72
0.18
0.85
0.94
1.72
1.48
1.58
1.19
1.72
1.72
1.66
1.45
1.69
1.66
0.06
1.72
1.72
-0.42
1.16
1.72
0.69
1.7
1.72
1.72
0.98
1.66
1.72
1.72
0.82
1.64
1.72
1.72
1.72
0.95
1.23
0.64
-0.48
0.69
1.72
1.44
0.95
0.54
1.72
1.72
1.53
1.38
0.85
0.77
1.38
1.22
0.45
1.72
0.52
1.72
1.66
1.72
1.72
1.72
0.12
1.72
1.29
-0.08
1.69
-0.01
1.33
1.72
-0.31
0.83
1.72
-0.23
1.72
1.72
0.94
0.58
1.24
0.82
1.72
1.72
1.02
-0.32
0.12
1.27
0.62
1
0.9
0.36
0.81
0.98
1.36
1.19
1.7
1.72
1.03
1.71
1.29
0.48
0.85
1.35
1.72
1.33
1.72
1.15
0.86
1.72
1.21
0.96
1.03
1.45
-0
-0.02
1.59
1.61
1.72
1.41
1.72
0.09
0.86
1.72
0.15
1.56
0.92
0.51
1.72
1.72
1.52
1.27
1.31
-0.15
1.37
1.72
1.36
1.72
1.57
0.82
1.16
1.27
1.39
1.06
1.72
0.51
1.1
0.85
0.5
0.82
1.59
1.24
1.72
0.84
1.19
1.72
-0.06
1.35
1.72
1.72
1.65
1.72
0.71
0.72
1.1
1.33
0.88
1.18
1.72
1.72
1.72
0.9
0.07
1.23
1.72
-0.17
0.93
1.72
-0.18
1.22
1.33
0.65
1.36
1.72
0.35
1.61
1.18
1.72
1.72
1.41
1.72
0.47
0.44
1.47
0.95
1.72
-0.02
1.44
1.72
0.79
0.4
0.66
1.39
0.68
1.64
1.57
1.19
1.02
1.72
0.82
1.72
0.85
1.72
0.21
1.7
1.72
0.66
1.72
1.49
1.72
1.72
1.62
1.26
0.98
1.34
1.37
1.19
1.5
1.03
1.48
1.5
1.67
1.29
1.27
1.18
1.29
-0.09
1.22
0.88
1.72
1.66
1.72
0.93
1.37
0.94
1.72
1.72
0.68
1.44
0.56
0.46
0.62
0.73
-0.29
0.62
1.18
-0.14
1.21
1.67
0.92
1.72
1.36
0.01
1.72
0.77
1.72
1.3
1.72
1.72
1.72
1.4
1.57
1.63
1.72
1.68
1.34
1.23
0.69
0.05
0.92
1.7
1.72
1.47
0.81
0.48
1.18
0.87
0.96
0.03
1.16
1.72
1.6
1.23
0.22
1.06
1.09
1.72
0.35
1.72
1.72
0.16
1.72
0.36
1.21
1.49
0.84
1.72
1.29
-0.15
1.54
1.7
1.72
1.72
1.51
1.72
0.76
0.91
0.3
1.25
0.66
1.56
1.19
0.91
1.22
1.39
1.72
1.54
1.72
0.05
1.35
0.41
1.71
0.35
1.72
1.72
-0.12
1.18
1.72
1.72
0.93
0.4
1.14
0.93
1.72
1.72
1.46
1.08
1.72
0.56
1.64
1.45
0.86
0.95
1.65
1.72
1.45
1.72
1.59
1.72
1.69
1.13
0.54
0.6
0.9
1.44
0.54
0.26
1.43
0.86
1.11
1.72
1.26
1.72
1.72
1.63
0.4
1.72
1.72
1.72
1.22
1.72
1.72
1.47
0.55
1.4
1.31
1.72
1.19
1.64
1.17
1.68
1.39
1.72
0.29
1.22
1.72
1.22
1.48
1.72
1.72
1.31
0.94
1.39
1.13
0.56
1.27
1.25
1.72
1.13
1.63
0.44
1.72
1.21
0.77
0.45
1.72
1.72
1.21
1.72
1.53
1.4
1.72
1.54
1.72
0.97
0.52
1.44
1.58
-0.01
1.72
1.36
1.72
0.96
1.72
1.3
1.66
1.4
1.72
1.42
0.85
1.5
1.64
1.72
1.72
-0.38
1.2
1.72
0.69
0.98
-0.07
1.6
0.48
0.26
0.71
1.72
1.72
1.29
1.63
1.64
0.93
0.4
1.04
1.69
1.7
1.57
1.3
1.72
0.05
1.18
1.22
0.73
1.21
0.6
1.56
1.52
0.5
0.99
0.62
0.91
0.76
1.72
1.26
1.19
0.02
1.3
1.34
0.17
1.09
0.44
1.14
1.72
0.76
1.12
0.94
1.35
-0.12
1.72
1.72
1.72
-0.07
1.46
0.98
1.13
1.72
1.55
1.2
0.88
1.72
0.51
0.74
1.72
0.59
1.44
1.13
0.15
1.57
1.18
1.72
1.41
1.22
1.72
1.72
0.76
1.67
0.45
1.42
1.72
1.72
0.63
1.64
1.19
0.83
0.81
1.72
1.72
1.29
1.38
1.6
0.72
1.43
1.39
1.44
0.26
1.65
1.72
0.92
1.46
1.71
1.02
1.72
0.87
1.25
0.94
1.64
0.99
0.62
1.66
1.14
-0.9
1.1
0.73
0.77
0.56
1.72
1.63
1.72
1.72
1.29
0.96
1.72
0.48
0.46
1.53
0.44
1.4
0.25
1.52
1.36
0.78
1.72
0.37
0.69
0.56
0.57
0.79
1.72
1.72
1.72
1.43
1.01
1.72
0.41
1.48
0.89
1.72
1.72
0.69
1.08
1.56
1.44
1.72
1.72
1.72
0.42
1.13
0.46
1.72
0.26
1.72
0.4
0.89
1.54
1.31
1.72
1.2
1.25
1.42
1.21
1.72
1.72
1.33
1.04
1.37
1.03
1.41
0.83
0.76
0.7
1.72
0.85
1.72
1.72
1.18
-0.06
1.47
-0.08
0.62
0.54
1.5
1.72
1.05
0.12
0.75
1.55
1.72
1.72
1.22
0.95
1.05
1.22
1.72
0.7
1.16
0.92
1.28
1.72
0.8
0.7
1.03
1.17
1.16
1.35
1.72
0.43
1.31
1.33
1.03
1.55
1.64
1.42
0.74
1.72
0.67
1.44
0.76
1.27
0.04
1.72
0.75
1.49
1.04
0.97
1.31
0.71
1.5
1.26
1.72
0.68
1.23
0.8
1.72
1.72
1.72
0.14
1.72
1.52
1.72
0.81
1.47
1.72
0.89
0.93
1.38
0.67
-0.19
0.79
0.29
0.93
1.72
0.35
1.72
1.72
1.16
0.83
1.53
1.72
1.72
1.33
0.64
0.66
1.7
1.72
1.72
0.53
1.72
1.66
1.28
0.92
1.16
0.82
1.49
1.16
1.72
1.36
0.91
1.72
1.72
1.72
1.72
1.72
1.25
0.88
1.62
0.77
0.41
1.61
1.72
1.06
1.24
1.14
1.72
0.96
1.72
1.11
-0.06
1.64
1.72
-0.05
-0.26
1.72
1.72
1.02
1.08
1.09
1.72
1.59
1.72
1.4
1.56
1.05
0.95
1.72
1.72
1.69
0.97
1.72
1.57
1.72
1.32
0.46
0.97
0.96
1.72
1.72
1.72
0.63
1.72
1.72
1.19
0.94
-0.03
0.67
0.61
1.38
0.91
1.24
1.19
0.7
1.31
-0.06
1.24
1.72
1.72
0.88
1.72
0.56
1.48
1.19
1.71
1.72
1.46
0.49
1.59
1.67
0.15
1.21
1.72
1.1
1.72
1.72
1.34
1.72
1.72
1.53
1.72
1.37
1.39
1.47
1.34
1.21
1.72
0.65
1.72
-0.07
1.44
0.38
1.72
-0.35
1.13
0.28
0.9
1.72
1.4
1.72
1.43
1.21
1.15
1.09
0.07
1.43
0.91
0.06
1.07
1.6
0.95
0.84
0.65
0.57
1.18
0.75
1.36
1.72
1.72
1.45
1.72
0.22
1.22
1.69
1.38
1.3
1.72
0.98
1.72
0.74
0.78
0.79
1.42
0.83
0.81
1.7
1.72
1.63
1.72
1.72
1.72
1.34
1.72
0.51
0.84
1.13
1.02
1.72
1.63
1.33
1.72
1.59
1.03
1.55
0.75
0.84
1.16
1.22
1.35
1.43
1.72
0.55
1.5
1.72
1.72
1.04
1.72
1.69
1.15
1.13
0.13
1.71
0.48
1.72
1.72
1.03
1.27
-0.17
1.72
1.05
1.19
-0.2
1.1
1.12
1.13
0.75
0.95
0.59
0.71
1.21
1.72
1.72
1.53
1.72
0.74
1.5
0.8
1.72
-0.19
1.72
0.43
1.58
1.72
1.27
0.16
1.72
1.72
1.43
0.6
1.72
1.72
0.18
1.17
1.72
1.72
1.72
1.17
-0.12
1.15
0.25
1.72
1.72
1.53
1.72
1.72
1.16
1.72
1.43
0.48
1.72
1.4
1.54
1.29
1.2
1.72
1.72
1.72
1.72
1.72
1.39
1.72
1.68
0.55
1.72
1.01
1.53
1.72
1.72
0.53
0.47
1.72
-0.45
1.37
1.5
1.72
0.37
1.17
1.72
0.99
1.72
1.72
1.72
1.53
0.87
1.32
-0.14
0.08
1.72
1.63
0.04
0.61
1.72
1.66
1.18
1.46
0.48
0.32
1.27
1.32
1.7
0.6
1.17
0.9
0.48
0.1
0.66
1.58
1.54
0.34
1.42
1.18
1.72
0.26
0.38
1.1
1.09
1.7
1.27
0.79
0.96
1.72
1.39
1.31
1.72
1.37
1.72
-0.23
1.33
-0.36
0.6
1.43
1.62
1.72
0.73
0.93
1.14
1
1.72
1.72
1.27
0.64
1.72
0.82
-0.83
1.32
1.01
1.72
1.72
1.36
1.72
0.6
1.08
0.96
0.44
0.93
1.4
0.12
1.64
1.6
1.17
0.82
1.23
0.96
0.99
0.94
1.36
1.72
0.76
1.18
1.08
0.49
1.65
0.94
1.72
1.39
1.72
0.99
1.72
1.15
1.72
1.72
1.72
1.39
0.39
1.72
1.33
1.72
1.72
-0.37
1.72
1.72
0.07
1.34
1.72
1.72
0.77
0.98
1.72
0.23
1.72
1.72
1.54
1.63
1.67
1.72
1.35
1.72
0.23
0.39
0.44
1.53
1.53
1.72
0.2
1.32
1.72
1.37
0.64
1.67
0.38
1.71
1.38
1.13
1.2
1.72
-0.04
1.72
0.08
1.01
0.73
1.72
1.29
1.72
1.72
1.06
0.97
1.02
1.12
1.72
1.72
1.72
1.33
0.67
1.1
1.41
1.44
1.01
1.72
1.46
1.22
1.72
1.42
0.86
1.72
1.72
1.72
1.72
-0.08
1.23
0.26
1.72
0.69
1.41
1.72
1.02
1.33
-0.06
0.9
1.55
0.7
1.5
-0.21
0.85
0.9
0.04
1.64
0.9
1.72
0.9
1.18
1.72
1.72
1.72
1.72
0.65
1.15
0.89
1.72
1.39
1.23
0.78
1.72
1.72
1.72
1.13
1.51
0.99
1.39
-0.28
1.72
0.78
1.19
0.21
1.72
1.26
0.99
0.34
1.55
1.72
1.49
0.76
1.72
1.67
1.72
1.72
-0.3
1.72
-0.05
1.72
0.26
1.07
1.2
1.72
0.86
1.72
1.72
1.17
1.72
1.15
1.16
1.67
0.76
1.72
1.72
1.72
1.54
1.54
1.36
1.07
1.11
1.18
1.55
0.1
1.72
1.41
1.39
1.72
1.42
1.07
1.72
1.56
1.42
1.72
1.63
1.16
0.81
1.51
1.72
-0.21
1.04
1.12
0.79
1.72
0.53
1.72
1.41
1.02
1.59
1.45
1.33
0.96
1.72
0.46
1.72
1.2
0.5
1.72
1.11
1.72
1.72
-0.4
1.72
1.72
1.72
1.72
1.72
0.74
0.92
0.61
0.52
1.7
0.37
1.03
0.83
0.97
0.98
1.43
1.63
0.24
1.12
1.04
0.92
1.72
1.72
1.72
1.16
1.72
1.72
1.72
1.72
1.11
1.72
1.72
1.71
0.92
0.07
1.47
1.4
1.72
1.67
1.36
0.68
0.23
0.75
1.1
1.29
0.75
1.72
1.72
1.53
1.52
1.4
0.99
1.66
1.72
1.07
1.72
0.88
1.61
0.98
1.72
1.45
0.75
1.4
1.72
1.63
1.72
1.72
0.96
1.51
1.13
1.7
1.02
0.5
1.56
0.08
1.72
0.77
-0.29
1.72
1.72
1.72
1.72
1.04
0.42
1.72
1.36
1.13
0.51
1.72
1.72
1.28
1.38
1.32
-0.55
1.72
1.72
1.42
1.69
1.16
0.82
0.66
1.09
1.08
1.72
0.56
1.09
-0.08
0.67
1.72
0.55
1.31
1.27
0.54
1.45
0.41
0.9
1.11
1.72
1.72
0.71
0.13
1
0.97
1.35
1.1
0.25
0.53
0.94
1.66
1.01
1.72
1
1.57
1.72
0.72
0.14
0.84
0.64
0.92
0.93
0.97
0.86
0.94
1.72
1.72
1.72
0.5
0.12
1.72
1.72
1.72
0.94
0.63
1.23
0.46
1.72
0.26
0.56
1.07
0.41
1.46
1.72
1.62
0.56
1.32
0.49
0.9
1.33
1.06
1.48
1.72
1.72
0.97
-0.11
1.72
0.83
1.72
1.42
1.35
0.91
1.47
1.72
1.72
0.43
1.23
0.96
1.72
1.72
1.69
1.72
0.74
1.72
1.46
1.12
1.04
0.5
0.63
0.75
1.6
1.72
0.8
1.16
-0.49
1.03
1.17
0.61
1.72
1.17
1.72
0.75
0.43
0.87
1.72
1.72
0.43
0.97
1.72
0.92
1.63
1.72
0.69
1.69
1.72
1.69
1.45
1.23
1.72
1.72
0.76
0.86
1.72
1.58
0.54
0.03
1.05
0.65
1.72
0.46
0.64
0.34
1.72
0.88
1.33
0.71
1.33
1.72
1.2
1.19
1.58
0.57
1.72
0.86
1.02
1.39
0.62
0.72
1.3
1.51
1.58
1
1.35
1.72
1.72
1.33
0.45
0.88
0.74
1.72
0.84
1.02
1.42
1.72
0.84
1.65
0.51
1
1.17
1.72
0.26
0.67
1.72
1.72
0.79
1.72
1.72
1.37
1.72
1.5
1.59
0.48
1.72
1.12
-0.15
1.49
1.53
0.76
1.16
1.01
0.16
1.72
0.42
1.71
0.93
1.5
1.6
0.52
1.01
0.49
1.58
0.9
0.64
1.24
0.49
0.87
1.31
0.77
1.72
0.85
1.07
1.72
1.67
0.87
0.75
1.72
1.21
1.38
1.14
1.12
1.39
0.89
0.65
0.75
1.48
0.73
1.12
1.2
1.72
1.72
1.12
0.43
1.04
1.69
1.44
0.19
1.55
1.72
0.93
1.48
1.04
1.72
1.72
1.54
1.3
0
1.72
1.5
1.16
1.72
1.65
1.33
1.25
1.55
1.72
1.72
0.6
1.52
1.18
1.37
1.5
0.93
0.81
1.72
1.41
1.32
0.44
1.72
0.69
1.71
0.95
0.74
1.39
1.33
1.37
1.72
1.14
1.68
0.96
-0.32
1.72
1.72
1.54
1.72
1.72
1.18
1.68
0.75
1.72
1.31
0.13
1.59
1.15
0.49
0.81
1.34
1.72
1.72
1.04
1.72
1.72
0.49
0.58
1.72
1.37
0.79
1.72
1.65
0.44
1.33
1.5
1.64
1.47
0.41
1.72
1.11
1.51
1.72
0.95
1.72
1.38
1.29
0.23
1.55
0.32
1.72
1.72
1.72
1.19
0.96
0.63
1.24
0.68
1.72
1.72
1.44
-0.09
-0.29
1.1
-0.48
0.46
1.16
1.72
1.72
1.55
1.48
0.97
1.12
0.76
1.72
0.73
1.1
1.72
0.96
1.56
1.43
0.83
0.82
0.49
1.72
1.72
1.39
0.22
0.34
0.78
1.06
0.59
1.13
1.41
0.78
-0.06
1.03
1.27
1.25
1.18
0.56
1.04
0.27
-0
-0.14
1.64
1.11
1.54
1.01
0.59
1.72
1.57
1.72
1.72
0.56
0.87
1.72
0.92
1.72
1.72
1.26
1.7
1.47
0.9
1.12
1.72
1.4
1.44
1.72
1.72
1.72
1.72
1.71
1.28
1.21
1.05
0.33
0.2
1.11
1.46
1.12
0.83
1.35
1.52
0.65
0.52
0.46
0.53
0.61
0.25
1.25
0.63
1.19
1.72
1.7
1.4
1.7
1.52
1.13
1.07
1.32
0.81
0.57
1.72
0.59
1.72
1.72
0.69
0.43
1.59
1.69
1.72
1.69
1.72
0.9
0.39
-0.49
1.35
0.51
1.57
1.72
1.72
1.69
0.77
0.93
0.58
1.62
-0.66
0.87
1.69
1.11
0.99
1.02
1.19
1.14
1.72
1.72
1.19
1.45
1.09
-0.31
1.11
0.28
1.03
-0.21
0.69
0.87
1.72
1.59
1.23
0.91
1.3
0.76
1.72
1.04
1.72
0.67
0.95
0.79
0.85
0.23
0.7
1.72
0.75
1.72
1.13
1.35
1.57
1.72
1.72
0.88
1.72
1.72
1.17
1.49
1.04
0.09
1.72
1.72
0.49
1.72
0.7
1.72
1.72
1.21
1.13
1.2
1.72
1.23
1.72
0.76
1.07
0.6
1.72
0.23
1.72
1.1
0.37
1.48
0.84
1.1
1.72
-0.1
1.64
1.5
1.72
1.72
0.96
0.62
1.72
1.72
1.57
0.75
0.25
1.45
1.72
1.09
0.58
1.23
1.31
1.26
1.4
1.72
1.72
1.72
1.41
1.58
1.72
0.2
1.52
0.45
1.67
1.14
1.16
1.72
0.78
1.72
0.24
1.72
1.72
1.17
1.72
1.62
1.44
1.65
0.89
0.58
0.55
0.46
1.02
1.71
0.24
1.72
1.18
0.83
1.71
1.04
1.41
0.73
0.78
0.57
1.72
1
0.84
1.57
0.68
1.72
0.78
0.57
1.72
1.72
1.25
1.23
1.69
1.5
0.26
1.72
0.78
1.72
-0.25
1.71
1.72
1.21
1.61
1.72
1.72
0.98
1.64
1.2
1.52
1.72
1.39
1.72
1.72
1.62
1.7
1.66
-0.48
0.46
1.38
1.62
1.38
1.72
0.78
0.59
1.72
1.34
0.41
1.72
0.91
1.22
0.58
0.82
0.79
-0.36
1.44
1.72
1.72
1.33
1.72
1.6
1.72
-0.29
1.4
1.72
0.2
0.61
0.99
1.7
0.82
-0.23
0.37
1.72
1.31
0.83
1.72
1.18
1.36
0.56
1.72
1.46
0.56
-0.06
0.23
0.96
1.72
0.78
1.34
0.27
1.35
1.64
1.28
1.44
0.46
1.2
1.34
0.09
0.46
0.8
0.45
1.72
0.81
1.04
0.14
0.8
0.92
0.81
0.83
1.72
1.72
0.58
1.72
0.14
0.76
1.01
1.72
1.72
-0.6
1.03
1.72
1.2
0.75
1.26
-0.1
1.72
0.54
1.72
1.72
1.4
1.72
1.52
1.03
1.72
1.72
1.19
0.31
1.33
1.72
0.96
1.37
0.78
1.52
1.26
1.72
1.72
1.1
1.63
0.44
0.94
1.72
-0.25
1.72
-0.92
1.72
0.03
0.55
1.62
1.32
1.22
0.89
1.47
1.58
0.63
1.6
1.72
1.7
1.72
0.78
1.28
1.45
0.81
1.17
-0.8
0.88
1.5
1.21
1.05
1.72
1.72
0.63
1.72
0.43
1.64
0.83
1.72
1.72
1.72
-0.1
1.72
1.52
1.72
0.98
1.69
1.72
1.72
1.72
1.36
1.62
0.89
0.77
1.72
1.14
1.1
1.01
1.18
1.72
1.38
1.72
1
1.65
0.85
1.42
1.72
0.82
0.23
1.1
0.48
0.91
1.72
1.21
1.72
1.06
0.8
1.42
0.91
0.7
1.66
0.66
0.81
0.54
1.63
0.36
1.09
1.72
1.12
1.72
1.72
1.72
1.09
1.19
1.04
1.25
1.65
1.2
0.93
0.95
0.39
0.87
0.17
1.72
0.8
1.72
1.36
1.27
1.72
-0.26
1.72
0.89
1.17
0.88
0.92
1.57
1.1
1.6
0.79
1.35
1.27
1.72
1.65
1.51
1.67
1.72
1.72
0.68
1.72
1.7
0.95
1.72
1.09
1.72
0.47
-0.07
0.6
0.78
1.72
1.33
1.72
1.11
1.38
0.03
0.57
0.76
0.6
0.49
1.4
1.52
0.86
1.72
1.39
1.6
1.53
0.59
1.66
1.57
0.69
1.72
1.72
1.72
1.57
1.42
1.72
1.72
0.37
1.72
1.72
0.91
1.1
0.96
0.55
0.71
-0.13
1.22
1.11
1.72
1.72
1.11
0.81
1.72
1.72
1.72
1.57
1.49
1.08
0.16
1.72
1.72
1.72
1.69
0.85
0.01
1.72
1.54
0.41
1.72
1.6
0.39
1.51
1.31
1.09
1.69
1.01
0.47
1.03
1.19
1.58
1.01
1.72
1.72
1.72
0.73
1.72
1.52
0.51
1.72
1.72
1.4
0.99
1.13
1.72
1.72
0.78
1.13
-0.38
1.4
0.51
0.74
0.75
1.72
0.67
0.26
1.65
1.12
1.17
1.72
0.67
0.78
1.01
1.67
0.28
1.68
1.72
1.72
-0.67
0.49
0.49
0.67
1.39
1.28
1.41
0.24
0.98
1.04
1.72
1.31
1.12
0.66
1.41
0.74
1.71
1.71
1.12
1.1
1.34
1.72
0.49
0.85
1.1
0.83
0.34
1.72
0.62
0.53
-0.46
1.15
0.58
1.17
0.84
1.31
1.72
1.18
1.12
1.72
1.72
1.72
0.37
0.51
1.63
0.62
0.69
0.63
1.2
1.25
0.85
0.87
1.3
0.86
1.69
1.12
1.72
1.26
0.62
1.19
1.22
1.72
1.72
1.48
1.65
1.45
1.62
1.45
1.72
1.64
0.14
0.75
0.32
1.72
0.83
1.1
1.43
1.08
0.25
0.89
1.59
0.56
1.32
1.21
0.6
0.29
1.72
1.72
1.4
1.24
-0.71
0.02
1.65
1.03
1.52
0.09
1.72
1.19
0.41
1.72
0.98
1.02
1.54
1.72
0.73
1.72
1.72
1.12
0.98
1.71
0.67
0.68
0.53
0.7
1.72
0.25
0.36
1.34
-0.36
0.41
0.29
1.04
1.48
0.71
1.07
1.26
0.54
1.72
-0.4
1.72
1.15
1.41
0.98
-0.39
1.09
0.85
1.72
0.48
1.72
1.02
0.64
0.99
0.43
1.26
0.82
0.82
1.1
1.43
0.27
0.01
1.72
1.72
1.22
1.17
1.72
1.5
1.72
1.5
1.29
1.55
1.08
0.63
0.58
1.55
1.18
0.82
1.72
1.23
1.72
0.83
1.05
1.72
1.04
1.72
0.8
1.46
0.84
1.29
1.09
0.45
1.13
1.67
0.22
0.57
0.97
1.68
0.88
1.71
1.52
1.21
1.72
1.32
0.53
1.26
1.36
0.95
1.72
1.72
1.59
1.5
0.37
1.63
1.22
1.72
1.71
1.39
1.72
1.52
1.59
1.72
0.62
0.71
1.16
0.57
0.06
1.72
0.94
0.73
1.72
1.21
1.28
1.19
1.27
1.03
1.71
1.32
1.72
0.14
0.19
1.39
1.32
1.51
1.72
1.27
1.54
1.14
1.66
1.72
0.78
0.97
1.72
1.54
0.77
1.72
0.98
0.63
1.2
1.27
1.72
0.77
1.21
1.72
1.72
0.99
1.72
0.47
0.74
-0.06
0.92
1.34
1.72
1.24
1.42
1.26
0.44
1.09
1.51
1.43
1.54
0.65
1.72
1.72
1.72
1.12
1.11
1.4
1.47
1.72
1.72
1.51
1.72
0.46
0.8
1.17
1.72
0.88
0.67
1.31
1.72
1.07
1.72
1.54
1.61
1.67
1.58
1.23
1.49
1.14
0.7
0.94
1.3
1.03
0.29
1.22
1.52
1.72
1.58
1.5
0.26
0.41
0.53
0.97
1.72
1.4
1.55
1.72
-0.01
1.72
1
1.31
0.93
0.55
0.17
1.72
0.8
1.72
1.11
1.72
1.59
1.29
1.72
1.72
1.41
0.8
0.43
1.68
1.72
1.72
1.72
1.54
1.54
1.72
0.02
-0.44
0.32
0.83
1.72
1.72
1.72
1.72
1.04
1.32
1.24
1.56
1.03
1.3
0.94
1.72
1.6
1.44
1.39
1.35
0.8
0.6
1.72
0.63
1.72
1.03
1.72
1.32
1.72
1.53
1.27
0.68
0.93
1.3
0.84
0.33
1.72
0.77
1.72
1.72
1.02
0.37
1.72
1.72
1.68
1.68
1.04
0.72
0.93
1.71
1.69
1.39
1.46
1.72
1.29
0.59
1
1.72
0.94
1.06
0.99
1.72
1.72
1.72
0.79
1.37
1.28
1.51
0.78
1.47
0.65
1.09
1.72
1.02
1.67
1.13
1.3
1.72
0.69
1.72
1.17
0.56
0.01
1.72
0.31
1.72
-0.08
0.84
1.1
0.71
0.06
0.58
0.29
1.72
0.69
1.1
1.69
1.72
0.87
1.72
0.72
0.44
1.68
1.14
0.81
1.69
1.72
1.72
1
1.05
1.33
1.72
1.72
1.17
1.36
1.72
1.42
1
0.97
1.72
0.37
1
0.23
0.49
0.6
1.72
1.29
1.72
1.5
0.57
1.38
1.72
0.59
0.97
1.03
0.89
1.1
0.08
1.72
1.72
0.8
0.51
0.85
1.18
1.42
-0.7
1.22
1.36
1.34
1.21
0.72
1.72
1.72
0.77
1.72
1.72
0.05
1.69
0.7
1.72
1.6
0.28
0.37
1.63
1.72
1.33
0.98
0.48
1.09
1.72
1.15
1.72
1.08
1.72
1
1.09
1.34
1.72
0.55
1.13
0.71
0.74
1.53
1.15
0.87
1.56
1.72
1.13
1.23
0.18
1.72
1.35
1.25
1.72
-0.09
1.27
1.2
1.72
0.53
1.33
0.66
1.71
0.83
1.72
1.72
1.33
0.8
1.08
1.72
1.72
1.72
1.5
1.72
0.52
1.72
0.73
1.72
1
1.72
1.16
0.93
0.63
1.11
0.73
1.72
1.45
-0.26
-0.25
1.4
1.72
1.69
1.68
1.72
1.6
0.61
1.56
1.72
0.78
0.16
1.3
0.94
-0.17
1.72
0.84
1.08
1.44
0.71
1.72
1.72
1.72
1.72
1.69
1.22
1.11
1.22
1.14
1.72
1.48
0.81
1.11
1.06
0.21
1.72
0.47
1.45
1.72
0.91
1.72
1.72
1.42
1.53
0.71
0.54
1.04
0.97
1.35
-0.58
0.17
1.72
0.6
0.74
0.16
0.94
0.91
1.72
0.96
1.22
0.47
0.77
0.06
1.41
1.72
0.96
0.96
1.47
1.63
1.72
1.72
1.72
1.72
-0.4
0.98
1.35
0.9
1.72
0.66
1.32
1.52
0.14
1.65
1.3
1.72
1.72
1.59
1.72
1.72
0.71
1.15
0.8
1.12
0.66
1.08
1.72
0.53
1.45
1.72
-0.36
1.25
0.44
0.03
1.5
1.33
1.72
1.72
1.72
1.2
0.76
1.48
1.72
1.72
1.16
1.58
1.15
1.72
1.72
0.44
1.28
0.45
0.84
1.47
0.79
0.8
1.72
1.53
0.38
0.81
1.72
0.78
0.98
1.72
1.59
0.7
0.8
-0.32
1.29
0.54
0.86
0.38
0.48
1.72
1.72
1.72
1.72
1.39
1.72
1.33
1.72
1.32
1.72
1.46
0.68
1.72
0.76
1.72
0.82
1.37
1.61
1.72
1.51
-0.04
1.53
1.55
-0.01
1.6
0.43
1.51
1.2
1.72
0.43
1.14
1.36
1.72
0.73
0.69
1.72
0.89
0.71
0.61
1.72
0.14
0.68
0.27
1.17
1.72
1.72
1.65
0.98
1.72
1.13
1.7
1.1
0.6
1.61
1.72
0.9
1.72
0.22
0.07
0.98
0.95
0.45
1.29
1.21
1.32
1.72
1.72
1.72
0.27
1.09
0.6
1.72
1.12
0.59
1.54
1.53
1.37
-0.69
0.69
0.59
1.72
0.75
1.72
0.58
0.42
0.46
0.93
1.66
1.08
1.35
1.72
1.53
0.21
0.85
1.06
1.41
0.82
-0.38
-0.21
1.72
1.43
1.49
1.64
1.72
1.2
1.07
0.62
1.17
1.16
0.55
-0.03
0.86
0.53
1.55
0.53
1.72
0.01
0.47
0.1
1.25
1.64
1.72
1.72
0.05
0.69
0.28
-0.04
1.72
1.67
0.41
1.28
1.28
1.59
1.43
0.86
1.61
1.72
1.54
1.59
0.56
0.99
1.26
1.05
1.72
0.56
1.57
-0.09
0.97
0.49
1.72
1.72
0.14
-0.29
1.72
0.96
1.68
1.05
1.72
1.72
0.81
1.56
1.4
1.72
1.72
0.79
1.05
1.72
1.34
1.48
1.53
1.17
1.72
0.31
1.72
1.72
1.43
0.51
1.72
1.72
-0.06
1.04
1.36
1.14
1.04
0.41
1.08
0.39
1.7
1.72
0.32
1.72
0.64
0.5
1.72
1.38
0.95
1.72
0.8
1.22
1.7
1.29
1.72
1.58
1.19
0.84
0.26
1.72
1.15
1.72
0.68
1.65
1.72
1.72
1.69
0.31
1.35
0.08
0.97
0.8
1.04
1.56
1.41
0.25
-0.75
1.64
0.85
1.02
1.72
1.15
1.46
1.72
1.72
1.72
1.72
1.72
1.72
0.73
1.72
1.64
1.05
0.61
1.67
1.51
0.98
0.12
1.21
1.72
1.72
-0.2
1.59
1.62
1.72
1.54
1.11
0.72
1.72
0.9
1.72
0.65
1.72
1.01
1.35
0.56
1.72
1.26
1.31
1.54
1.2
0.77
0.58
1.29
1.27
0.76
1.72
0.46
1.3
1.72
1.72
1.72
0.63
0.98
1.16
1.04
1.72
0.19
0.56
0.54
1.46
1.1
1.41
0.76
1.72
0.97
1.03
0.47
1.72
1.72
1.72
1.56
1.72
1.18
1.72
1.34
1.37
1.62
1.7
0.94
0.63
1.72
0.15
0.79
1.64
1.72
0.53
1.72
1.35
1.1
1.72
1.04
0.94
1.02
0.13
0.59
1.44
1.72
1.07
1.72
1.65
0.32
1.62
1.49
1.28
1.61
1.72
1.72
1.55
1.72
0.58
0.36
1.31
1.23
1.72
1.38
1.51
1.72
1.38
1.08
1.67
1.45
1.72
1.62
1.09
0.93
0.72
0.96
1.72
1.33
1.45
1
-0.02
1.72
0.95
1.38
1.72
1.57
0.26
0.6
0.87
0.62
1.72
1.13
1.72
0.72
0.99
1.72
0.32
0.73
0.49
1.72
1.25
-0.28
1.22
1.33
1.72
1.72
-0.06
1.41
0.69
1.01
1.72
1.53
1.72
1.72
1.44
0.84
1.53
1.08
1.72
1.72
1.51
1.17
1.04
1.16
0.76
1.37
0.99
1.15
1.24
1.72
0.19
1.72
1.72
1.5
1.65
1.72
1.72
1.7
0.41
1.7
1.29
0.94
0.45
1.38
1.72
0.69
1.72
1.72
0.63
1.72
1.23
1.66
1.64
1.45
1.26
1.05
0.05
1.2
1.09
1.13
1.04
1.72
0.62
1.21
1.72
0.32
0.54
-0.13
1.11
0.69
1.19
1.72
1.07
0.42
1.72
1.72
0.27
0.8
1.72
0.22
1.72
1.72
1.72
1.72
1.72
0.78
1.72
0.89
1.48
0.58
1.67
1.03
0.7
1.72
1.08
1.46
0.74
0.85
1.47
1.39
1.06
1.59
0.19
0.57
0.61
1.59
1.18
1.72
1.2
1.72
0.7
1.72
1.29
1.11
1.06
1.72
1.72
1.34
1.72
0.35
0.74
0.66
0.77
1.52
1.31
0.61
0.26
0.54
1.72
1.72
1.44
0.7
1.23
1.41
1.15
-0.06
0.99
1.72
1.72
1.31
1.72
0.25
1.72
0.4
0.62
0.55
1.71
1.37
1.05
1.72
1.51
0.59
1.33
0.26
1.72
1.72
1.28
1.28
1.14
0.82
1.03
1.15
1.72
1.1
0.56
0.74
1.07
0.79
1.2
1.51
1.55
1.35
0.94
0.66
1.72
1.52
0.12
1.51
1.51
1.58
1.72
1.72
1.72
1.58
1.72
1.2
1.72
0.16
1.72
0.17
0.56
1.44
1.41
1.53
0.6
0.65
1.39
1.72
0.05
1
1.12
1.05
1.02
1.58
1.11
0.55
1.27
0.94
1.36
1.42
1.72
0.49
1.42
0.4
-0.05
1.65
1.72
1.72
1.18
1.68
1.11
1.51
0.95
0.94
1.72
1.62
1.69
1.64
1.52
1.22
0.64
1.41
0.33
1.12
0.75
1.46
1.72
1.41
0.89
0.83
1
1.72
1.72
0.86
1.56
1.72
1.67
0.8
1.01
0.24
1.01
1.72
1.72
0.39
1.35
-0.17
0.79
1.23
1.52
0.91
1.72
0.66
1.72
0.65
1.32
1.42
-0.47
1.72
1.64
-0.13
0.45
1.44
0.47
1.72
1.64
1.72
1.39
1.4
1.72
0.35
1.72
1.32
0.26
1.72
0.86
1.72
0.7
1.72
0.67
1.21
1.58
1.72
1.23
1.54
1.36
0.26
1.21
0.62
0.11
1.65
1.62
1.72
0.51
1.32
1.72
-0
1.72
0.67
0.82
0.78
1.71
1.58
0.9
0.91
1.48
1.72
1.72
0.62
0.53
0.8
0.28
-0.03
1.43
1.72
1.72
-0.66
1.16
1.18
0.74
1.72
1.72
1
0.59
1.72
0.88
0
0.8
1.72
1.72
1.72
0.67
1.72
0.84
1.58
1.72
1.01
1.33
1.09
1.31
1.72
0.48
1.72
1.26
1.72
1.72
0.97
1.17
1.72
1.72
1.72
1.48
1.66
1.5
1.72
1.61
1.45
0.96
0.69
1.72
0.27
0.5
1.65
1.25
0.68
1.72
1.47
1.19
1.72
1.72
1.72
0.93
0.35
1.02
1.72
1.48
1.51
0.72
1.72
0.45
0.73
1.72
0.97
1.31
1.72
1.37
1.6
0.81
0.94
0.53
1.5
1.72
1.72
0.65
0.64
1.69
0.7
1.53
1.22
0.8
1.27
1.59
1.29
1.12
1.72
0.22
0.57
1.33
1.72
1.72
0.28
1.43
1.72
-0.45
1
1.27
1.72
1.19
1.08
1.15
1.72
1.11
0.73
1.72
1.72
1.09
1.72
1.72
0.93
1.6
1.72
1.09
1.72
1.72
1.72
1.72
0.6
1.54
-0.23
1.25
1.72
1.31
0.92
0.94
0.51
0.65
1.69
1.72
1.25
1.72
1.72
1.34
-0.04
0.94
0.47
1.49
1.68
0.9
1.72
0.77
0.4
1.12
1.49
1.72
1.72
1.27
1.07
1.72
1.21
1.59
1.18
1.72
1.44
1.23
1.64
1.72
1.39
1.72
0.69
1.27
0.39
0.97
1.72
1.44
0.52
1.72
0.75
1.31
0.75
0.37
1.46
1.38
0.51
0.48
0.74
1.45
1.22
1.72
1.72
0.45
0.94
0.54
0.84
1.1
1.6
0.94
0.54
1.72
1.72
1.67
0.85
0.98
1.72
0.99
1.72
0.95
1.15
1.68
0.56
0.66
1.72
0.97
0.42
0.73
1.72
1.34
0.63
0.46
0.85
1.47
1.32
1.72
1.72
0.41
0.19
1.72
0.09
1.02
0.41
1.59
1.37
0.82
-0.2
1.11
1.72
0.73
1.38
1.26
1.72
1.37
1.56
0.07
0.55
1.04
0.84
1.72
0.39
1.72
1.72
0.42
1.7
1.49
1.72
1.06
0.96
1.72
1.72
0.6
0.5
1.37
1.51
0.79
0.1
1.72
1.72
-0.63
0.62
1.72
1.72
0.17
1.56
1.35
0.77
1.72
1.72
0.55
1.04
1
1.72
1.65
1.07
0.88
0.67
1.72
0.66
0.72
1.27
0.58
1.72
0.3
0.42
1.72
1.72
1.62
1.69
0.83
0.69
1
1.72
1.72
1.63
1.46
1.72
1.03
1.48
0.06
0.15
1.72
0.73
1.72
0.55
1.72
1.16
1.38
0.56
0.9
1.72
1.62
1.63
1.7
0.69
1.24
1.72
1.4
1.46
-0.16
1.57
0.86
1.44
-0.1
0.49
1.51
1.68
1.22
0.88
1.35
1.72
1.72
1.35
1.27
1.72
1.6
0.1
0.38
1.72
1.72
0.34
0.9
1.72
0.5
1.72
0.85
0.84
0.99
1.72
1.72
1.72
1.72
1.61
1.61
1.72
0.75
1.06
0.83
1.1
1.17
1.69
1.46
1.45
1.01
1.16
1.53
1.72
1.72
1.38
1.3
1.68
1.66
0.85
1.07
1.72
1.14
1.41
1.39
1.72
1.02
0.9
1.52
0.7
0.63
1.35
1.72
0.95
1.13
1.72
1.72
0.42
1.36
1.72
1.72
1.72
0.22
1.72
1.59
1.72
0.71
1.53
1.72
0.96
1.07
-0.08
0.34
1.72
1.72
1.72
1.72
0.33
1.55
1.28
1.57
1.68
1.47
0.6
1.16
0.18
1.41
1.4
0.33
0.69
1.1
1.72
1.72
0.98
1.72
1.32
0.92
0.71
0.94
1.72
0.78
1.33
1.72
0.87
0.45
0.2
0.83
1.72
1.15
-0.64
0.55
0.92
0.53
1.72
-0.11
1.24
-0.38
1.21
1.43
1.72
1.72
1.45
0.99
0.41
1.51
1.11
1.72
1.42
0.99
0.95
0.57
1.72
1.17
1.19
1.14
0.31
1.72
0.57
1.04
0.64
1.72
1.32
1.72
1.43
0.47
0.86
1.25
1.72
0.25
0.61
1.03
0.49
1.67
1.72
1.72
1.04
1.72
1.72
1.72
0.93
1.72
1.32
1.72
1.61
0.57
1.72
1.56
1.35
1.06
1.72
1.01
0.42
1.19
1.72
0.33
0.91
1.72
0.49
1.27
1.29
0.6
0.83
1.68
1.55
1.29
0.83
0.47
1.65
1.69
1.7
0.3
0.38
1.62
0.51
1.72
0.19
1.39
1.12
0.66
0.64
1.34
0.85
1.72
1.71
0.08
1.53
0.26
0.96
1.25
1.72
0.86
0.33
1.72
0.24
1.05
0.91
1.72
1.72
0.43
1.72
1.72
1.72
1.72
1.72
1.72
0.64
1.21
0.95
0.76
1.72
1.3
0.33
1.72
1.72
1.72
1.72
1.72
1.17
1.2
1.72
1.72
1.72
1.45
1.15
1.72
1.64
1.69
1.58
1.18
1.67
0.14
0.69
1.22
1.35
1.47
1.72
1.58
0.99
0.59
1.61
1.46
0.75
0.22
1.4
0.93
1.72
0.09
1.45
0.92
1.72
1.72
0.88
1.56
0.55
1.41
1
1.72
0.24
1.69
1.72
1.72
1.72
1.51
1.72
1.15
1.72
0.81
1.4
-0.16
1.4
0.08
1.72
0.74
1.37
1.53
0.34
0.91
1.58
1.28
0.29
1.44
1.37
1.14
0.44
0.87
1.17
0.87
0.76
1.12
1.72
1.72
1.72
1.72
1.72
1.4
1.16
0.7
1.46
1.72
0.9
1.64
1.72
0.99
0.74
0.68
1.48
1.18
0.43
1.72
1.72
1.72
1.25
0.57
1.72
1.67
0.29
1.72
1.45
1.33
1.37
1.72
1.72
1.72
1.5
1.38
1.72
1.44
1.3
1.72
0.36
1.14
1.18
1.07
1.43
1.72
0.93
1.09
1.72
1.72
1.72
1.72
1.5
0.92
1.33
1.72
1.05
1.56
0.65
1.72
1.72
0.35
1.68
1.19
0.38
1.72
1.59
1.45
1.72
1.19
1.55
1.24
0.97
1.72
1.72
0.98
1.64
1.72
0.97
1.03
0.66
1.72
1.19
1.34
0.51
1.72
1.23
0.85
1.72
1.36
1.45
1.12
1.17
0.49
0.12
0.44
1.01
0.9
-0.02
1.72
1.58
0.64
0.67
1.72
1.72
0.52
0.9
1.72
1.14
0.99
0.81
1.04
0.59
0.95
1.26
1.72
0.8
0.66
1.33
0.31
0.96
0.79
1.5
1.32
-0.18
1.72
1.45
0.98
1.72
1.34
1.72
1.72
1.72
0.3
0.88
1.64
1.72
0.39
1.72
1.72
1.52
1.22
1.12
1.72
1.72
1.72
1.17
1.72
1.72
1.04
1.45
1.39
0.16
0.4
0.83
0.9
1.19
1.27
0.72
1.69
0.68
1.14
1.71
0.86
1.41
0.9
0.46
0.49
1.72
1.27
0.68
1.54
1.72
0.52
1.5
0.8
1.72
1.3
1.6
1.5
1.23
0.87
0.52
0.79
0.06
1.2
0.53
0.41
1.48
0.59
1.11
0.31
1.36
1.18
1.04
1.5
1.21
1.72
1.63
0.87
-0.12
0.64
1.03
1.36
1.72
0.01
1.72
1.72
0.97
1.49
1.72
1.72
1.05
1.72
1
1.45
1.5
1.72
0.22
1.52
0.79
0.95
1.72
1.29
0.71
1.28
0.56
1.72
1.72
1.72
0.36
1.23
0.34
0.14
1.72
1.28
1.35
0.89
1.4
0.72
1.14
0.33
0.49
0.38
1.11
1.27
1.69
1.55
0.19
1.35
0.86
0.25
0.76
0.71
1.52
0.72
0.72
1.72
1.28
1.66
1.72
1.72
0.94
1.72
1.22
1.28
0.39
-0.3
1.44
0.84
1.72
1.67
1.51
1.08
1.72
1.72
0.84
1.58
1.72
0.73
1.12
1.08
1.3
0.91
0.44
1.24
0.89
1.61
1.04
1.23
1.26
-0.13
0.36
0.03
0.38
1.72
1.72
1.72
1.72
-0.43
1.72
1.48
0.74
0.37
1.04
0.42
0.23
-0.35
1.23
1.69
1.72
1.09
1.72
0.15
1.72
1.24
1.72
1.34
0.65
0.83
1.02
1.11
1.08
1.49
0.86
1.2
0.5
1.72
1.15
1.37
1.23
1.6
1.68
1
1.48
0.97
0.8
0.73
1.23
1.72
0.67
1.17
1.53
1.72
1.24
1.72
1.49
1.41
1.22
1.72
1.55
1.57
1.15
1.46
1.44
1.72
1.72
0.56
1.21
1.15
1.43
1.72
1.45
1.55
1.72
0.77
0.33
1.3
1.72
1.39
0.76
1.06
0.85
1.57
-0.44
0.41
1.2
0.79
0.94
1.33
1.72
1.72
0.5
1.32
1.72
1.43
0.83
1.6
1.17
1.72
0.4
0.44
1.36
1.72
1.72
1.09
-0
1.5
0.09
1.53
1.26
1.72
1.72
1.04
1.72
0.73
1.05
1.22
0.7
0.25
1.72
1.59
0.86
1.25
1.19
-0.08
1.17
0.46
0.81
1.72
1.36
1.47
0.5
0.92
1.31
1.48
1.14
1.4
0.43
1.46
1.22
0.26
0.47
0.01
1.08
1.67
-0.08
1.23
0.61
1.72
0.53
1.45
1.6
1.72
1.07
0.18
0.31
0.63
1.71
0.86
1.15
1.46
1.46
0.77
1.72
0.04
1.43
1.61
1.35
0.56
1.72
0.89
1.16
1.36
1.32
0.04
0.74
1.02
0.98
1.72
1.04
1.45
0.51
1.23
1.09
0.35
0.78
1.72
1.39
1.56
1.37
0.39
1.72
1.67
1.15
1.72
0.22
1.72
1.01
1.58
1.72
0.17
1.72
1.34
0.99
1.36
1.72
1.64
0.78
1.37
0.95
1.72
0.56
0.92
1.72
1.3
1.72
1.02
1.69
1.58
1.72
0.3
1.7
1.45
1.72
1.09
1.72
1.72
1.2
0.05
1.53
1.72
1.72
1.64
1.24
1.69
1.72
0.14
1.44
1.72
1.72
1.13
0.56
1.11
1.72
0.46
1.72
1.39
0.63
1.1
1.72
1.72
1.37
0.96
0.58
0.05
1.09
1.72
0.59
1.51
1.21
1.72
-0.1
1.13
1.72
1.22
1.36
1.58
1.38
1.23
0.78
1.72
0.95
1.27
1.18
1.72
1.33
1.72
1.72
0.35
1.24
1.33
1.03
1.68
0.77
1.36
0.79
1.69
1.11
0.21
1.72
0.78
1.34
1.05
1.65
1.39
1.57
1.21
0.65
1.21
1.72
1.72
1.7
1.72
0.55
1.72
0.82
0.77
0.62
1.61
1.39
1.13
1.67
0.99
0.8
0.73
1.72
-0.47
0.65
1.08
0.52
0.36
0.99
1.54
1.54
1.72
0.46
1.46
1.72
1.51
1.07
1.3
0.97
1.22
1.72
1.31
0.97
0.66
1.61
1.7
1.27
1.43
1.09
1.72
1.72
-0.43
0.84
0.94
1.34
1.13
0.42
-0.11
0.55
1.72
1.62
0.93
1.72
1.72
0.86
1.46
1.37
1.39
1.05
1.72
1.66
1.34
0.5
0.8
1.53
1.72
0.89
0.92
1.72
0.84
-0.38
0.27
1.43
1.51
1.72
-0.26
0.2
1.72
0.85
-0.21
0.98
1.63
1.71
1.72
1.72
1.72
1.29
1.14
1.35
0.68
1.15
1.23
1.37
1.52
0.66
1.72
1.66
1.64
1.08
1.57
0.28
0.86
0.72
-0.16
1.72
0.05
1.72
0.89
0.46
1.31
0.94
1.51
1.41
1.72
0.47
1.72
0.66
0.56
0.62
1.55
1.3
1.12
1.16
0.21
0.91
1.56
0.04
-0.07
1.72
0.35
1.72
1.72
0.7
0.51
1.03
0.85
1.72
0.83
1.53
1.69
1.33
1.25
0.38
0.95
1.11
1.72
1.72
1.21
1.68
1.53
1.72
0.43
1.72
0.82
0.62
1.72
0.26
1.72
0.58
1.57
1.72
-0.02
1.72
1.03
1.72
1.15
1.31
0.94
0.93
1.72
1.28
1.72
1.33
1.53
-0.07
-0.84
0.97
0.33
0.99
1.72
1.02
1.72
0.94
1.72
0.76
1.72
1.53
1.03
0.95
1.42
1.13
1.4
0.94
-0.13
0.52
1.72
0.96
1.35
1.72
0.54
0.97
0.65
0.15
1.15
1.72
-0.22
0.91
1.56
1.72
1.72
1.72
0.94
1.72
-0.09
