98.6512
76.9199
67.8188
107.733
73.1306
101.328
80.7955
94.9818
79.8765
74.4729
66.7167
102.431
72.5775
80.2408
102.072
87.7969
73.0532
73.7685
98.287
77.2482
72.1642
70.9703
85.9743
70.6678
75.3454
97.7589
115.711
75.7908
79.512
75.8363
81.8081
89.9779
87.0154
75.7968
101.344
100.383
79.9647
100.111
80.3522
88.358
72.6888
105.226
94.9842
71.675
75.7325
74.7218
69.3864
86.8105
86.3917
116.162
75.4836
72.8882
80.459
75.8395
89.2893
77.5305
89.01
74.4862
70.3441
77.8708
104.959
76.2677
94.024
96.071
85.4279
68.7788
71.8697
81.6598
65.9539
106.109
80.8326
74.6446
70.7902
68.017
77.1229
69.413
92.2788
75.8625
75.0466
78.5234
83.1399
72.2005
74.2537
68.3685
79.0483
77.1812
79.49
101.599
85.5222
106.887
103.281
106.561
71.4185
99.0068
71.0147
105.658
111.05
74.5893
97.37
65.7965
69.1161
97.3554
73.9705
77.4618
69.3667
80.4792
100.724
111.128
74.2083
88.4189
89.361
84.4618
102.364
68.1482
72.1458
78.8652
90.7935
93.1822
102.962
77.3031
80.5408
68.1173
65.6532
82.3243
65.9128
74.4422
79.8188
103.295
68.6118
68.7583
86.3557
67.1943
98.1442
75.6789
93.6449
77.6321
80.9915
69.7212
70.5312
79.9568
67.0093
70.889
93.207
78.245
84.4306
76.1671
83.5352
74.8432
72.3494
102.782
110.368
87.5571
71.3546
73.1051
94.8178
72.8377
100.521
76.8058
86.3829
85.4079
70.1007
90.3973
66.9387
111.625
79.6154
71.0131
100.628
105.628
79.1447
97.5188
86.3909
81.3715
97.9579
78.8999
98.2188
82.8575
74.3496
100.499
124.228
107.983
68.8118
82.4888
84.1053
70.9851
98.3239
67.1256
100.947
83.7458
77.7991
73.4256
106.581
91.539
74.9721
69.663
115.93
78.6806
66.3022
87.5226
74.1893
73.2179
65.3754
100.681
74.9742
96.7214
86.9123
76.5986
84.3009
70.57
119.729
